1,297,135,526,-37.3179
10,297,295.411,533.351,-21.0314
20,297,295.411,519.819,-21.0314
30,297,295.411,448.178,-21.0314
40,297,295.411,561.287,-21.0314
50,297,295.411,167.635,-7.49676
60,297,295.411,144.217,-7.49676
70,297,295.411,72.191,-7.49676
80,297,295.411,142.761,-7.49676
90,297,295.411,155.417,-7.49676
100,297,295.411,45.5427,-5.42989
110,297,295.411,18.3482,-5.42989
120,297,295.411,0.581287,-3.36303
130,297,295.411,0.581287,-3.36303
140,297,295.411,0.581287,-3.36303
150,297,295.411,0.581287,-3.36303
160,297,295.411,0.581287,-3.36303
170,297,295.411,0.080171,-3.36303
180,297,295.411,10.2893,-5.42989
190,297,295.411,37.741,-5.42989
200,297,295.411,40.0051,-5.42989
210,297,295.411,109.536,-7.49676
220,297,295.411,56.3144,-5.42989
230,295.721,295.411,58.9431,-1.178
240,295.721,295.411,46.3135,-1.178
250,295.721,295.411,65.9855,-1.178
260,295.721,295.411,65.9855,-1.178
270,295.721,295.411,65.9855,-1.178
280,295.721,295.411,51.3016,-1.178
290,295.721,295.411,51.3016,-1.178
300,295.721,295.411,69.9171,-1.178
310,295.721,295.411,69.9171,-1.178
320,295.721,295.411,74.3228,-1.178
330,295.721,295.411,8.2808,-1.178
340,295.721,295.411,8.2808,-1.178
350,295.721,295.411,56.489,-1.178
360,295.721,295.411,9.47883,-1.178
370,295.721,295.411,37.546,-1.178
380,295.721,295.411,55.2068,-1.178
390,295.721,295.411,65.8023,-1.178
400,295.721,295.411,14.7142,-1.178
410,295.721,295.411,17.3643,-1.178
420,295.721,295.411,70.9928,-1.178
430,295.721,295.411,36.6994,-1.178
440,295.721,295.411,7.64334,-1.178
450,295.721,295.411,8.81033,-1.178
460,295.721,295.411,70.3373,-1.178
470,295.721,295.411,73.4767,-1.178
480,295.721,295.411,73.4767,-1.178
490,295.721,295.411,73.4767,-1.178
500,295.721,295.674,118.041,-1.178
510,295.721,295.674,120.293,-1.178
520,295.721,295.674,120.293,-1.178
530,295.721,295.674,120.293,-1.178
540,295.721,295.674,21.8888,-1.178
550,295.721,295.674,25.8252,-1.178
560,295.721,295.674,126.564,-1.178
570,295.721,295.674,100.847,-1.178
580,295.721,295.674,95.55,-1.178
590,295.721,295.674,29.5904,-1.178
600,295.721,295.674,35.363,-1.178
610,295.721,295.674,56.7257,-1.178
620,295.721,295.674,119.284,-1.178
630,295.721,295.674,8.14488,-1.178
640,295.721,295.674,7.65948,-1.178
650,295.721,295.674,53.6556,-1.178
660,295.721,295.674,9.06957,-1.178
670,295.721,295.674,48.0709,-1.178
680,295.721,295.674,94.0081,-1.178
690,295.721,295.674,9.46325,-1.178
700,295.721,295.674,122.451,-1.178
710,295.721,295.674,72.6936,-1.178
720,295.721,295.674,115.238,-1.178
730,295.721,295.674,115.238,-1.178
740,295.721,295.674,115.238,-1.178
750,295.721,295.674,115.238,-1.178
760,295.721,295.674,109.643,-1.178
770,295.721,295.674,117.416,-1.178
780,295.721,295.674,117.416,-1.178
790,295.721,295.674,117.416,-1.178
800,295.721,295.674,69.9622,-1.178
810,295.721,295.674,97.1152,-1.178
820,295.721,295.674,96.046,-1.178
830,295.721,295.674,60.6439,-1.178
840,295.721,295.674,87.0162,-1.178
850,295.721,295.674,5.01329,-1.178
860,295.721,295.674,118.088,-1.178
870,295.721,295.674,77.7165,-1.178
880,295.721,295.674,13.8614,-1.178
890,295.721,295.674,75.4824,-1.178
900,295.721,295.674,33.3161,-1.178
910,295.721,295.674,107.905,-1.178
920,295.721,295.674,107.905,-1.178
930,295.721,295.674,122.954,-1.178
940,295.721,295.674,122.954,-1.178
950,295.721,295.674,101.002,-1.178
960,295.721,295.674,101.157,-1.178
970,295.721,295.674,77.0601,-1.178
980,295.721,295.674,60.5101,-1.178
990,295.721,295.674,23.7247,-1.178
1000,295.721,295.674,8.73477,-1.178
1010,295.721,295.674,11.0955,-1.178
1020,295.721,295.674,86.1189,-1.178
1030,295.721,295.674,57.3094,-1.178
1040,295.721,295.674,19.1684,-1.178
1050,295.721,295.674,66.7471,-1.178
1060,295.721,295.674,93.9828,-1.178
1070,295.721,295.661,76.1346,-1.178
1080,295.721,295.661,73.9867,-1.178
1090,295.721,295.661,73.9867,-1.178
1100,295.721,295.661,57.0929,-1.178
1110,295.721,295.661,106.573,-1.178
1120,295.721,295.661,124.34,-1.178
1130,295.721,295.661,83.8491,-1.178
1140,295.721,295.661,59.2434,-1.178
1150,295.721,295.661,113.061,-1.178
1160,295.721,295.661,113.061,-1.178
1170,295.721,295.661,46.1405,-1.178
1180,295.721,295.661,105.932,-1.178
1190,295.721,295.661,50.4355,-1.178
1200,295.721,295.661,71.1063,-1.178
1210,295.721,295.661,109.772,-1.178
1220,295.721,295.661,70.4405,-1.178
1230,295.721,295.661,36.1538,-1.178
1240,295.721,295.661,62.3136,-1.178
1250,295.721,295.661,89.3771,-1.178
1260,295.721,295.661,98.2889,-1.178
1270,295.721,295.661,89.2899,-1.178
1280,295.721,295.661,34.4029,-1.178
1290,295.721,295.661,50.8466,-1.178
1300,295.721,295.661,59.2735,-1.178
1310,295.721,295.629,51.7382,-1.178
1320,295.721,295.629,51.7382,-1.178
1330,295.721,295.629,51.7382,-1.178
1340,295.721,295.629,72.6746,-1.178
1350,295.721,295.629,51.1527,-1.178
1360,295.721,295.629,66.8652,-1.178
1370,295.721,295.629,75.722,-1.178
1380,295.721,295.629,117.17,-1.178
1390,295.721,295.629,67.7638,-1.178
1400,295.721,295.629,83.2655,-1.178
1410,295.721,295.629,113.767,-1.178
1420,295.721,295.629,70.0336,-1.178
1430,295.721,295.629,113.053,-1.178
1440,295.721,295.629,113.053,-1.178
1450,295.721,295.629,113.053,-1.178
1460,295.721,295.629,52.9377,-1.178
1470,295.721,295.629,46.9115,-1.178
1480,295.721,295.629,114.289,-1.178
1490,295.721,295.629,45.1755,-1.178
1500,295.721,295.629,86.7306,-1.178
1510,295.721,295.629,99.0755,-1.178
1520,295.721,295.629,83.1303,-1.178
1530,295.721,295.629,44.1138,-1.178
1540,295.721,295.629,45.335,-1.178
1550,295.721,295.629,29.1102,-1.178
1560,295.721,295.629,81.8072,-1.178
1570,295.721,295.629,91.3739,-1.178
1580,295.721,295.629,124.306,-3.36303
1590,295.721,295.629,107.339,-1.178
1600,295.721,295.629,77.156,-1.178
1610,295.721,295.629,66.0011,-1.178
1620,295.721,295.629,72.0622,-1.178
1630,295.721,295.629,73.8948,-1.178
1640,295.721,295.629,75.1615,-1.178
1650,295.721,295.629,110.096,-1.178
1660,295.721,295.629,106.456,-1.178
1670,295.721,295.629,71.632,-1.178
1680,295.721,295.629,74.375,-1.178
1690,295.721,295.629,6.91216,-1.178
1700,295.721,295.629,43.5708,-1.178
1710,295.721,295.629,53.3071,-1.178
1720,295.721,295.629,111.493,-1.178
1730,295.721,295.629,111.493,-1.178
1740,295.721,295.629,17.9896,-1.178
1750,295.721,295.629,5.16822,-1.178
1760,295.721,295.629,74.2298,-1.178
1770,295.721,295.629,85.8981,-1.178
1780,295.721,295.629,121.951,-3.36303
1790,295.721,295.629,77.6316,-1.178
1800,295.721,295.629,72.4454,-1.178
1810,295.721,295.629,14.629,-1.178
1820,295.721,295.629,105.556,-1.178
1830,295.721,295.629,57.381,-1.178
1840,295.721,295.629,57.381,-1.178
1850,295.721,295.629,109.218,-1.178
1860,295.721,295.629,39.3394,-1.178
1870,295.721,295.629,104.578,-1.178
1880,295.721,295.629,71.1765,-1.178
1890,295.721,295.629,39.9573,-1.178
1900,296.808,295.629,14.2219,-3.36303
1910,296.808,295.629,50.2001,-5.42989
1920,296.594,295.629,35.1338,-3.36303
1930,296.594,295.629,35.1338,-3.36303
1940,296.594,295.629,24.5181,-3.36303
1950,296.594,295.629,0.73435,-3.36303
1960,296.594,295.629,38.9986,-3.36303
1970,296.594,295.629,15.2993,-3.36303
1980,296.594,295.629,23.0957,-3.36303
1990,296.594,295.629,50.9861,-3.36303
2000,296.594,295.629,40.625,-3.36303
2010,296.594,295.629,40.2589,-3.36303
2020,296.594,295.629,88.4882,-5.42989
2030,296.594,295.629,88.4882,-5.42989
2040,296.594,295.629,8.75448,-3.36303
2050,296.594,295.629,84.4361,-5.42989
2060,296.594,295.629,79.969,-5.42989
2070,296.594,295.629,55.4091,-3.36303
2080,296.594,295.629,39.0985,-3.36303
2090,296.594,295.629,8.84137,-3.36303
2100,296.594,295.629,8.84137,-3.36303
2110,296.594,295.629,189.246,-7.49676
2120,296.594,295.629,33.2913,-3.36303
2130,296.594,295.629,45.0024,-3.36303
2140,296.594,295.629,45.0024,-3.36303
2150,296.594,295.629,45.0024,-3.36303
2160,296.594,295.629,45.0024,-3.36303
2170,296.594,295.629,45.0024,-3.36303
2180,296.594,295.629,50.1413,-3.36303
2190,296.594,295.629,10.1668,-3.36303
2200,296.594,295.629,53.9566,-3.36303
2210,296.594,295.629,37.9762,-3.36303
2220,296.594,295.629,51.0802,-3.36303
2230,296.594,295.629,67.8875,-5.42989
2240,296.594,295.629,15.1315,-3.36303
2250,296.594,295.629,7.38825,-3.36303
2260,296.594,295.629,7.38825,-3.36303
2270,296.594,295.629,7.38825,-3.36303
2280,296.594,295.629,79.9895,-5.42989
2290,296.594,295.629,66.9232,-5.42989
2300,295.64,295.629,113.355,-1.178
2310,295.64,295.629,102.297,-1.178
2320,295.64,295.629,26.5094,-1.178
2330,295.64,295.629,49.4051,-1.178
2340,295.64,295.629,130.947,-1.178
2350,295.64,295.629,33.8688,-1.178
2360,295.64,295.629,68.8272,-1.178
2370,295.64,295.629,1.96798,-1.178
2380,295.64,295.629,26.8442,-1.178
2390,295.64,295.629,129.262,-1.178
2400,295.64,295.629,86.8174,-1.178
2410,295.64,295.629,102.584,-1.178
2420,295.64,295.629,45.691,-1.178
2430,295.64,295.629,73.8231,-1.178
2440,295.64,295.629,127.409,-1.178
2450,295.64,295.629,127.409,-1.178
2460,295.64,295.629,85.7547,-1.178
2470,295.64,295.629,82.6359,-1.178
2480,295.64,295.629,80.1221,-1.178
2490,295.64,295.629,80.1221,-1.178
2500,295.64,295.629,71.0853,-1.178
2510,295.64,295.629,40.2149,-1.178
2520,295.64,295.639,2.34559,-1.178
2530,295.64,295.639,82.9716,-1.178
2540,295.64,295.639,31.2884,-1.178
2550,295.64,295.639,82.8448,-1.178
2560,295.64,295.639,132.275,-1.178
2570,295.64,295.639,20.0339,-1.178
2580,295.64,295.639,101.053,-1.178
2590,295.64,295.639,8.86056,-1.178
2600,295.64,295.639,88.1055,-1.178
2610,295.64,295.639,119.691,-1.178
2620,295.64,295.639,119.691,-1.178
2630,295.64,295.639,0.255153,-1.178
2640,295.64,295.639,79.3409,-1.178
2650,295.64,295.639,79.3409,-1.178
2660,295.64,295.639,99.2045,-1.178
2670,295.64,295.639,60.5925,-1.178
2680,295.64,295.639,101.263,-1.178
2690,295.64,295.639,0.187677,-1.178
2700,295.64,295.639,19.718,-1.178
2710,295.64,295.639,111.002,-1.178
2720,295.64,295.639,105.331,-1.178
2730,295.64,295.639,54.0751,-1.178
2740,295.64,295.639,9.35214,-1.178
2750,295.64,295.639,44.2482,-1.178
2760,295.64,295.639,19.2402,-1.178
2770,295.64,295.639,77.1453,-1.178
2780,295.64,295.639,0.443432,-1.178
2790,295.712,295.639,16.2062,-1.178
2800,295.712,295.639,56.0919,-1.178
2810,295.712,295.639,128.459,-3.36303
2820,295.712,295.639,111.075,-1.178
2830,295.712,295.639,111.075,-1.178
2840,295.712,295.639,84.9147,-1.178
2850,295.712,295.639,84.9147,-1.178
2860,295.712,295.639,117.16,-1.178
2870,295.712,295.639,103.809,-1.178
2880,295.712,295.639,68.0725,-1.178
2890,295.712,295.639,68.0725,-1.178
2900,295.712,295.639,19.227,-1.178
2910,295.712,295.639,1.03012,-1.178
2920,295.712,295.639,98.6265,-1.178
2930,295.712,295.639,39.2935,-1.178
2940,295.712,295.639,85.3767,-1.178
2950,295.712,295.639,3.29812,-1.178
2960,295.712,295.639,104.807,-1.178
2970,295.712,295.639,8.37575,-1.178
2980,295.712,295.639,111.68,-1.178
2990,295.712,295.639,93.6054,-1.178
3000,295.712,295.639,118.163,-1.178
3010,295.712,295.639,112.516,-1.178
3020,295.712,295.639,114.69,-1.178
3030,295.712,295.639,37.9495,-1.178
3040,295.712,295.639,11.3893,-1.178
3050,295.712,295.639,41.5764,-1.178
3060,295.94,295.639,20.5374,-1.178
3070,295.94,295.639,62.7999,-1.178
3080,295.94,295.639,30.1635,-1.178
3090,295.94,295.639,38.4993,-1.178
3100,295.94,295.639,38.4993,-1.178
3110,295.94,295.639,14.1089,-1.178
3120,296.461,295.639,24.1913,-3.36303
3130,296.461,295.639,48.6539,-3.36303
3140,296.461,295.639,60.1654,-3.36303
3150,295.704,295.639,59.2168,-1.178
3160,295.704,295.639,59.2168,-1.178
3170,295.704,295.639,123.576,-1.178
3180,295.704,295.639,123.576,-1.178
3190,295.704,295.639,82.0737,-1.178
3200,295.704,295.639,112.71,-1.178
3210,295.704,295.639,70.7378,-1.178
3220,295.704,295.639,70.7378,-1.178
3230,295.704,295.639,49.4133,-1.178
3240,295.704,295.639,107.464,-1.178
3250,295.704,295.639,111.026,-1.178
3260,295.704,295.639,73.2643,-1.178
3270,295.704,295.639,42.42,-1.178
3280,295.704,295.639,126.955,-3.36303
3290,295.704,295.639,69.1565,-1.178
3300,295.704,295.639,41.8567,-1.178
3310,295.704,295.639,88.6204,-1.178
3320,295.704,295.639,34.109,-1.178
3330,295.704,295.639,80.642,-1.178
3340,295.704,295.639,24.8543,-1.178
3350,295.704,295.639,38.7714,-1.178
3360,295.704,295.639,13.6414,-1.178
3370,295.704,295.639,24.1604,-1.178
3380,295.704,295.639,20.4115,-1.178
3390,295.704,295.639,9.71236,-1.178
3400,295.704,295.639,92.058,-1.178
3410,295.704,295.639,65.8231,-1.178
3420,295.704,295.639,12.5354,-1.178
3430,295.704,295.639,96.9669,-1.178
3440,295.704,295.639,112.362,-1.178
3450,295.704,295.639,122.289,-1.178
3460,295.704,295.639,26.7147,-1.178
3470,295.704,295.639,6.6979,-1.178
3480,295.704,295.639,47.6416,-1.178
3490,295.704,295.639,43.2869,-1.178
3500,295.704,295.639,75.0211,-1.178
3510,295.704,295.639,58.4985,-1.178
3520,295.704,295.639,114.634,-1.178
3530,295.704,295.639,93.9375,-1.178
3540,295.704,295.639,93.9375,-1.178
3550,295.704,295.639,110.604,-1.178
3560,295.704,295.639,23.7253,-1.178
3570,295.704,295.639,63.569,-1.178
3580,295.704,295.639,14.3694,-1.178
3590,295.704,295.639,18.3821,-1.178
3600,295.704,295.639,49.8354,-1.178
3610,295.704,295.639,28.9384,-1.178
3620,295.704,295.639,100.465,-1.178
3630,295.704,295.639,100.465,-1.178
3640,295.704,295.639,68.6474,-1.178
3650,295.704,295.639,65.2568,-1.178
3660,295.704,295.639,46.6449,-1.178
3670,295.704,295.639,46.6449,-1.178
3680,295.704,295.639,76.1738,-1.178
3690,295.704,295.639,10.3685,-1.178
3700,295.704,295.639,99.1063,-1.178
3710,295.704,295.639,128.809,-3.36303
3720,295.704,295.639,35.0347,-1.178
3730,295.704,295.639,46.0161,-1.178
3740,295.704,295.639,117.654,-1.178
3750,295.704,295.639,11.482,-1.178
3760,295.911,295.639,61.5677,-1.178
3770,295.855,295.639,34.7198,-1.178
3780,295.855,295.639,34.7198,-1.178
3790,295.855,295.639,92.4731,-1.178
3800,295.855,295.639,79.8182,-1.178
3810,295.855,295.639,83.2815,-1.178
3820,296.591,295.639,46.479,-3.36303
3830,296.591,295.639,13.4156,-3.36303
3840,296.591,295.639,15.1752,-3.36303
3850,296.591,295.639,19.1128,-3.36303
3860,296.591,295.639,54.5786,-3.36303
3870,296.591,295.639,53.3097,-3.36303
3880,296.591,295.639,53.3097,-3.36303
3890,296.591,295.639,20.4352,-3.36303
3900,296.591,295.639,9.9263,-3.36303
3910,296.591,295.639,19.6469,-3.36303
3920,296.591,295.639,47.1982,-3.36303
3930,296.32,295.639,47.1982,-3.36303
3940,296.32,295.639,3.72843,-1.178
3950,296.32,295.639,3.72843,-1.178
3960,295.794,295.639,46.0321,-1.178
3970,295.904,295.639,67.1603,-1.178
3980,295.904,295.639,16.1692,-1.178
3990,295.904,295.639,5.71658,-1.178
4000,295.904,295.639,53.407,-1.178
4010,295.904,295.639,33.1587,-1.178
4020,295.904,295.639,50.2627,-1.178
4030,295.904,295.639,61.201,-1.178
4040,295.904,295.639,61.201,-1.178
4050,295.904,295.639,51.013,-1.178
4060,295.904,295.639,65.4201,-1.178
4070,295.904,295.639,73.1472,-1.178
4080,295.904,295.639,86.8994,-3.36303
4090,295.904,295.639,86.8994,-3.36303
4100,295.904,295.639,79.3312,-1.178
4110,295.904,295.639,42.887,-1.178
4120,295.904,295.639,34.4353,-1.178
4130,295.904,295.639,1.76841,-1.178
4140,296.251,295.639,81.4684,-3.36303
4150,296.251,295.639,73.0682,-3.36303
4160,296.251,295.639,26.9165,-3.36303
4170,296.251,295.639,76.7087,-3.36303
4180,296.251,295.639,68.2223,-3.36303
4190,296.251,295.639,79.9086,-3.36303
4200,296.251,295.639,54.572,-3.36303
4210,296.251,295.639,68.0928,-3.36303
4220,296.251,295.639,56.387,-3.36303
4230,296.251,295.639,56.387,-3.36303
4240,296.343,295.639,18.663,-3.36303
4250,296.343,295.639,27.2663,-3.36303
4260,296.343,295.639,70.6619,-3.36303
4270,296.343,295.639,30.4435,-3.36303
4280,296.343,295.639,75.5322,-3.36303
4290,296.343,295.639,14.6754,-3.36303
4300,296.343,295.639,62.7113,-3.36303
4310,296.343,295.639,62.7113,-3.36303
4320,296.343,295.639,61.4496,-3.36303
4330,296.343,295.639,49.2625,-3.36303
4340,296.343,295.639,59.1149,-3.36303
4350,296.974,295.639,19.2978,-3.36303
4360,296.974,295.639,2.59144,-3.36303
4370,296.974,295.639,2.59144,-3.36303
4380,296.974,295.639,9.51664,-3.36303
4390,296.974,295.639,1.73615,-3.36303
4400,296.974,295.639,12.5307,-3.36303
4410,296.974,295.639,27.3995,-5.42989
4420,296.974,295.639,5.39503,-3.36303
4430,296.974,295.639,5.39503,-3.36303
4440,296.974,295.639,10.8115,-3.36303
4450,296.974,295.639,15.4246,-3.36303
4460,296.974,295.639,17.8307,-3.36303
4470,296.974,295.639,46.6668,-5.42989
4480,296.974,295.639,7.85535,-3.36303
4490,296.974,295.639,20.4269,-3.36303
4500,296.974,295.639,11.6263,-3.36303
4510,296.974,295.639,11.6263,-3.36303
4520,297.94,295.639,8.37852,-5.42989
4530,297.94,295.639,185.686,-7.49676
4540,296.013,295.639,185.686,-7.49676
4550,296.833,295.639,66.8886,-5.42989
4560,296.833,295.639,26.8323,-3.36303
4570,296.833,295.639,16.7952,-3.36303
4580,296.833,295.639,5.79882,-3.36303
4590,296.833,295.639,5.79882,-3.36303
4600,296.833,295.639,0.0910357,-3.36303
4610,296.833,295.639,15.6543,-3.36303
4620,296.833,295.639,12.0579,-3.36303
4630,296.833,295.639,13.9702,-3.36303
4640,296.833,295.639,8.43312,-3.36303
4650,296.833,295.639,8.43312,-3.36303
4660,296.833,295.639,8.43312,-3.36303
4670,296.833,295.639,33.4269,-3.36303
4680,296.833,295.639,28.3783,-3.36303
4690,296.833,295.639,78.0679,-5.42989
4700,296.833,295.639,64.3878,-5.42989
4710,296.833,295.639,44.8446,-5.42989
4720,296.833,295.639,22.3051,-3.36303
4730,296.833,295.639,28.8637,-3.36303
4740,296.833,295.639,18.2015,-3.36303
4750,296.833,295.639,18.2015,-3.36303
4760,296.833,295.639,20.9889,-3.36303
4770,296.833,295.639,20.9889,-3.36303
4780,296.833,295.639,38.3673,-5.42989
4790,296.833,295.639,42.0015,-5.42989
4800,296.833,295.639,72.7988,-5.42989
4810,296.917,295.639,45.5062,-5.42989
4820,296.917,295.639,53.7129,-5.42989
4830,296.917,295.639,53.7129,-5.42989
4840,295.82,295.639,98.7044,-1.178
4850,295.82,295.639,4.90081,-1.178
4860,295.82,295.639,16.6555,-1.178
4870,295.82,295.639,95.6839,-1.178
4880,295.82,295.639,72.372,-1.178
4890,295.82,295.639,63.7624,-1.178
4900,295.82,295.639,61.1454,-1.178
4910,295.82,295.639,24.8525,-1.178
4920,295.82,295.639,64.8522,-1.178
4930,295.82,295.639,64.8522,-1.178
4940,295.82,295.639,45.7218,-1.178
4950,295.82,295.639,57.7246,-1.178
4960,295.82,295.639,83.7747,-1.178
4970,295.82,295.639,83.7747,-1.178
4980,295.882,295.639,73.5317,-1.178
4990,295.882,295.639,73.5317,-1.178
5000,295.882,295.639,73.1345,-1.178
5010,295.882,295.639,34.1056,-1.178
5020,295.82,295.639,46.9664,-1.178
5030,295.82,295.639,30.8851,-1.178
5040,295.82,295.639,80.7845,-1.178
5050,295.76,295.639,66.6477,-1.178
5060,295.76,295.639,90.8121,-1.178
5070,295.76,295.639,90.8121,-1.178
5080,295.76,295.639,90.8121,-1.178
5090,295.76,295.639,26.3105,-1.178
5100,295.76,295.751,36.5793,-1.178
5110,295.76,295.751,119.888,-1.178
5120,295.76,295.751,98.2295,-1.178
5130,295.76,295.751,131.081,-1.178
5140,295.76,295.751,47.7511,-1.178
5150,295.76,295.751,120.732,-1.178
5160,295.76,295.751,93.2572,-1.178
5170,295.76,295.751,75.3811,-1.178
5180,295.76,295.751,120.242,-1.178
5190,295.76,295.751,0.937579,-1.178
5200,295.76,295.751,20.8198,-1.178
5210,295.76,295.751,22.1366,-1.178
5220,295.76,295.751,65.607,-1.178
5230,295.76,295.751,102.014,-1.178
5240,295.76,295.751,42.4056,-1.178
5250,295.76,295.751,44.7727,-1.178
5260,295.968,295.751,54.1151,-1.178
5270,295.968,295.751,87.6441,-1.178
5280,295.968,295.751,74.8454,-1.178
5290,295.968,295.751,51.2801,-1.178
5300,295.968,295.751,26.9633,-1.178
5310,295.968,295.751,3.58794,-1.178
5320,295.968,295.751,47.9721,-1.178
5330,295.968,295.751,82.6595,-1.178
5340,295.968,295.751,82.6595,-1.178
5350,295.968,295.751,82.6595,-1.178
5360,295.968,295.751,90.9622,-1.178
5370,295.968,295.751,90.9622,-1.178
5380,295.968,295.751,91.7697,-1.178
5390,295.968,295.751,68.4803,-1.178
5400,295.968,295.751,69.2637,-1.178
5410,295.968,295.751,82.9948,-1.178
5420,295.968,295.751,82.9948,-1.178
5430,295.968,295.751,4.56227,-1.178
5440,295.968,295.751,4.56227,-1.178
5450,295.968,295.751,24.0211,-1.178
5460,295.968,295.751,67.4194,-1.178
5470,295.992,295.751,67.4194,-1.178
5480,295.992,295.751,16.2577,-1.178
5490,295.992,295.751,53.6049,-1.178
5500,295.992,295.751,22.5961,-1.178
5510,295.992,295.751,28.6415,-1.178
5520,295.992,295.751,63.9647,-1.178
5530,295.992,295.751,89.2136,-1.178
5540,295.992,295.751,76.007,-1.178
5550,295.992,295.751,4.88683,-1.178
5560,295.992,295.751,45.3476,-1.178
5570,295.992,295.751,80.9918,-1.178
5580,295.992,295.751,80.0817,-1.178
5590,295.992,295.751,70.6129,-1.178
5600,295.992,295.751,60.7386,-1.178
5610,295.98,295.751,78.5961,-1.178
5620,295.98,295.751,82.5137,-1.178
5630,295.98,295.751,82.5137,-1.178
5640,295.98,295.751,68.7379,-1.178
5650,295.98,295.751,64.9279,-1.178
5660,295.98,295.751,73.3249,-1.178
5670,295.98,295.751,1.37543,-1.178
5680,295.98,295.751,90.7942,-1.178
5690,295.98,295.751,53.0768,-1.178
5700,295.98,295.751,17.4553,-1.178
5710,295.98,295.751,29.5163,-1.178
5720,295.98,295.751,2.86559,-1.178
5730,296.192,295.751,36.1386,-1.178
5740,296.192,295.751,36.1386,-1.178
5750,296.192,295.751,42.379,-1.178
5760,296.192,295.751,43.9037,-1.178
5770,296.192,295.751,43.9037,-1.178
5780,296.192,295.751,11.4409,-1.178
5790,296.192,295.751,11.4409,-1.178
5800,296.192,295.751,16.0381,-1.178
5810,296.192,295.751,31.9514,-1.178
5820,296.192,295.751,31.9514,-1.178
5830,296.192,295.751,22.214,-1.178
5840,296.192,295.751,29.6891,-1.178
5850,296.192,295.751,12.8214,-1.178
5860,296.277,295.751,12.8214,-1.178
5870,296.277,295.751,78.2678,-3.36303
5880,296.277,295.751,85.0747,-3.36303
5890,296.277,295.751,70.6473,-3.36303
5900,296.085,295.751,70.6473,-1.178
5910,296.085,295.751,68.1184,-1.178
5920,296.085,295.751,51.3318,-1.178
5930,296.085,295.751,0.922058,-1.178
5940,296.085,295.751,45.4026,-1.178
5950,296.085,295.751,66.9485,-1.178
5960,296.085,295.751,44.8959,-1.178
5970,296.085,295.751,68.8401,-1.178
5980,296.085,295.751,68.8401,-1.178
5990,296.085,295.751,68.8401,-1.178
6000,296.085,295.751,51.9098,-1.178
6010,296.085,295.751,51.9098,-1.178
6020,296.085,295.751,14.8318,-1.178
6030,296.085,295.751,16.8393,-1.178
6040,296.085,295.751,10.7781,-1.178
6050,296.085,295.751,30.3317,-1.178
6060,296.085,295.751,13.1433,-1.178
6070,296.085,295.751,40.3453,-1.178
6080,296.085,295.751,42.2469,-1.178
6090,296.085,295.751,80.5814,-3.36303
6100,296.085,295.751,80.5814,-3.36303
6110,296.085,295.751,62.485,-1.178
6120,296.085,295.751,62.485,-1.178
6130,296.085,295.751,46.1164,-1.178
6140,296.085,295.751,11.3616,-1.178
6150,296.085,295.751,41.2626,-1.178
6160,296.085,295.751,50.3579,-1.178
6170,296.085,295.751,33.2646,-1.178
6180,296.085,295.751,28.7869,-1.178
6190,296.085,295.751,85.7367,-3.36303
6200,296.085,295.751,33.675,-1.178
6210,296.085,295.751,7.19609,-1.178
6220,296.085,295.751,16.2936,-1.178
6230,296.085,295.751,72.2022,-1.178
6240,296.085,295.751,94.6715,-3.36303
6250,296.525,295.751,66.4426,-3.36303
6260,296.525,295.751,56.4388,-3.36303
6270,295.889,295.751,56.6383,-1.178
6280,295.889,295.751,28.0205,-1.178
6290,295.889,295.751,79.7373,-1.178
6300,295.889,295.751,66.174,-1.178
6310,295.889,295.751,19.2879,-1.178
6320,295.889,295.751,18.4353,-1.178
6330,295.889,295.751,51.0604,-1.178
6340,295.889,295.751,36.6506,-1.178
6350,295.889,295.751,32.6097,-1.178
6360,295.889,295.751,59.3077,-1.178
6370,295.889,295.751,14.9327,-1.178
6380,295.889,295.751,48.5781,-1.178
6390,295.889,295.751,62.2198,-1.178
6400,295.889,295.751,67.2115,-1.178
6410,295.889,295.751,61.8514,-1.178
6420,295.889,295.751,110.203,-1.178
6430,295.889,295.751,98.7369,-1.178
6440,295.889,295.751,28.5847,-1.178
6450,295.889,295.751,34.4925,-1.178
6460,295.889,295.751,26.9681,-1.178
6470,295.889,295.751,32.4078,-1.178
6480,295.889,295.751,32.4078,-1.178
6490,295.889,295.751,48.5736,-1.178
6500,295.889,295.751,20.1522,-1.178
6510,295.889,295.751,49.3219,-1.178
6520,295.889,295.751,71.4425,-1.178
6530,295.889,295.751,96.2038,-1.178
6540,295.889,295.751,54.5907,-1.178
6550,295.889,295.751,16.4457,-1.178
6560,295.889,295.751,98.1861,-1.178
6570,295.889,295.751,109.65,-1.178
6580,295.889,295.751,74.0284,-1.178
6590,295.889,295.751,83.3413,-1.178
6600,295.889,295.751,83.3413,-1.178
6610,295.889,295.751,103.294,-1.178
6620,295.889,295.751,14.9388,-1.178
6630,295.889,295.751,6.49346,-1.178
6640,295.889,295.751,88.5738,-1.178
6650,295.889,295.751,3.23756,-1.178
6660,295.889,295.751,3.23756,-1.178
6670,295.889,295.751,32.7994,-1.178
6680,295.889,295.751,73.8748,-1.178
6690,295.889,295.751,95.393,-1.178
6700,295.889,295.751,95.393,-1.178
6710,295.889,295.751,86.9779,-1.178
6720,295.889,295.751,117.252,-3.36303
6730,295.889,295.751,30.0132,-1.178
6740,295.889,295.751,55.7841,-1.178
6750,295.889,295.751,86.9251,-1.178
6760,295.889,295.751,31.1539,-1.178
6770,295.889,295.751,17.531,-1.178
6780,295.889,295.751,81.9269,-1.178
6790,296.079,295.751,81.9269,-3.36303
6800,296.079,295.751,60.8165,-1.178
6810,296.079,295.751,60.8165,-1.178
6820,296.079,295.751,38.7954,-1.178
6830,296.079,295.751,51.7355,-1.178
6840,296.079,295.751,47.195,-1.178
6850,296.079,295.751,30.955,-1.178
6860,296.079,295.751,48.5074,-1.178
6870,296.2,295.751,48.5074,-1.178
6880,296.2,295.751,48.5074,-1.178
6890,296.2,295.751,16.201,-1.178
6900,296.2,295.751,40.1979,-1.178
6910,296.2,295.751,16.1021,-1.178
6920,296.2,295.751,17.7201,-1.178
6930,296.2,295.751,32.8388,-1.178
6940,296.2,295.751,32.8388,-1.178
6950,295.924,295.751,89.3114,-1.178
6960,295.924,295.751,60.4786,-1.178
6970,295.924,295.751,55.356,-1.178
6980,295.924,295.751,53.6318,-1.178
6990,295.924,295.751,51.4836,-1.178
7000,295.924,295.751,80.0947,-1.178
7010,295.924,295.751,64.7218,-1.178
7020,295.924,295.751,88.8139,-1.178
7030,295.924,295.751,54.7069,-1.178
7040,296.049,295.751,60.1914,-1.178
7050,296.049,295.751,60.1914,-1.178
7060,296.049,295.751,60.1914,-1.178
7070,296.049,295.751,14.2304,-1.178
7080,296.049,295.751,87.2632,-3.36303
7090,296.049,295.751,87.2632,-3.36303
7100,296.049,295.751,8.23164,-1.178
7110,296.049,295.751,61.0288,-1.178
7120,296.049,295.751,22.2238,-1.178
7130,296.431,295.751,5.46463,-1.178
7140,296.431,295.751,5.46463,-1.178
7150,296.431,295.751,5.46463,-1.178
7160,296.431,295.751,5.46463,-1.178
7170,296.431,295.751,2.89076,-1.178
7180,296.431,295.751,2.89076,-1.178
7190,296.431,295.751,2.89076,-1.178
7200,298.456,295.751,94.6874,-7.49676
7210,296.704,295.751,11.1818,-3.36303
7220,296.704,295.751,18.7016,-3.36303
7230,296.704,296.265,23.5042,-1.178
7240,296.704,296.265,28.3358,-1.178
7250,296.704,296.265,35.9713,-1.178
7260,296.704,296.265,35.9713,-1.178
7270,296.704,296.265,51.9426,-1.178
7280,296.704,296.265,43.4041,-1.178
7290,296.704,296.265,17.2631,-1.178
7300,296.704,296.265,26.1227,-1.178
7310,296.704,296.265,38.8464,-1.178
7320,296.704,296.265,38.8464,-1.178
7330,296.704,296.265,23.022,-1.178
7340,296.704,296.265,23.022,-1.178
7350,296.704,296.265,23.022,-1.178
7360,296.704,296.265,24.0641,-1.178
7370,296.493,296.265,58.1473,-1.178
7380,296.493,296.265,3.51967,-1.178
7390,296.392,296.265,85.4308,-1.178
7400,296.392,296.265,65.1175,-1.178
7410,296.392,296.265,16.5411,-1.178
7420,296.392,296.265,74.3937,-1.178
7430,296.392,296.265,58.1692,-1.178
7440,296.392,296.265,58.1692,-1.178
7450,296.392,296.265,105.977,-1.178
7460,296.392,296.265,92.2928,-1.178
7470,296.392,296.265,65.7226,-1.178
7480,296.392,296.265,69.297,-1.178
7490,296.392,296.265,50.7779,-1.178
7500,296.392,296.265,122.24,-3.36303
7510,296.392,296.265,122.24,-3.36303
7520,296.392,296.265,124.493,-3.36303
7530,296.392,296.265,91.891,-1.178
7540,296.392,296.265,91.891,-1.178
7550,296.392,296.265,68.3366,-1.178
7560,296.392,296.265,68.3366,-1.178
7570,296.392,296.265,26.1785,-1.178
7580,296.844,296.265,26.1785,-1.178
7590,296.844,296.265,26.1785,-1.178
7600,296.844,296.265,26.1785,-1.178
7610,296.844,296.265,5.62163,-1.178
7620,296.844,296.265,5.62163,-1.178
7630,297.002,296.265,72.7434,-3.36303
7640,297.002,296.265,64.7513,-3.36303
7650,297.165,296.265,22.8736,-3.36303
7660,297.165,296.265,143.543,-7.49676
7670,297.165,296.265,45.2008,-3.36303
7680,297.165,296.265,22.9289,-3.36303
7690,297.165,296.265,39.0187,-3.36303
7700,297.165,296.265,37.0377,-3.36303
7710,297.165,296.265,31.0352,-3.36303
7720,297.913,296.265,31.0352,-5.42989
7730,297.913,296.265,124.384,-7.49676
7740,297.913,296.265,25.2538,-5.42989
7750,296.909,296.265,56.5905,-3.36303
7760,296.909,296.265,80.0063,-3.36303
7770,296.909,296.265,10.8937,-1.178
7780,296.909,296.265,10.8937,-1.178
7790,296.909,296.662,10.8937,-1.178
7800,296.909,296.662,53.802,-1.178
7810,296.894,296.662,6.07418,-1.178
7820,296.894,296.662,34.6422,-1.178
7830,296.894,296.662,77.8849,-1.178
7840,296.894,296.662,39.4865,-1.178
7850,296.894,296.662,33.1574,-1.178
7860,296.894,296.662,86.1498,-1.178
7870,296.894,296.662,83.1951,-1.178
7880,296.894,296.662,71.5295,-1.178
7890,296.894,296.662,38.3699,-1.178
7900,296.894,296.662,86.1324,-1.178
7910,296.894,296.662,86.1324,-1.178
7920,296.894,296.662,2.39723,-1.178
7930,296.894,296.662,48.9618,-1.178
7940,296.894,296.662,68.6075,-1.178
7950,296.894,296.662,5.77523,-1.178
7960,296.894,296.662,63.7323,-1.178
7970,296.894,296.682,39.4781,-1.178
7980,296.894,296.682,85.045,-1.178
7990,296.894,296.682,85.045,-1.178
8000,296.894,296.682,85.045,-1.178
8010,296.888,296.682,85.045,-1.178
8020,296.888,296.682,91.7994,-1.178
8030,296.888,296.682,42.3827,-1.178
8040,296.888,296.682,37.81,-1.178
8050,296.888,296.682,69.8891,-1.178
8060,296.888,296.682,13.4537,-1.178
8070,296.989,296.682,11.1767,-1.178
8080,296.989,296.682,18.5805,-1.178
8090,296.989,296.682,73.6563,-1.178
8100,296.989,296.682,71.6378,-1.178
8110,296.945,296.682,71.6378,-1.178
8120,296.945,296.682,23.3009,-1.178
8130,296.945,296.682,98.4924,-3.36303
8140,296.945,296.682,58.829,-1.178
8150,296.945,296.682,24.3034,-1.178
8160,297.845,296.682,24.3034,-3.36303
8170,296.752,296.682,109.103,-1.178
8180,296.752,296.682,64.9663,-1.178
8190,296.752,296.682,2.60682,-1.178
8200,296.752,296.682,53.3051,-1.178
8210,296.752,296.682,0.0866445,-1.178
8220,296.752,296.535,45.1783,-1.178
8230,296.752,296.535,18.2824,-1.178
8240,296.752,296.535,5.37283,-1.178
8250,296.752,296.535,28.4727,-1.178
8260,296.752,296.535,35.0923,-1.178
8270,296.752,296.535,93.5343,-1.178
8280,296.752,296.535,87.6928,-1.178
8290,296.761,296.535,87.6928,-1.178
8300,296.761,296.535,77.9084,-1.178
8310,296.761,296.535,56.01,-1.178
8320,297.673,296.535,6.50183,-3.36303
8330,296.662,296.535,91.4866,-1.178
8340,296.662,296.535,89.945,-1.178
8350,296.662,296.535,99.3056,-1.178
8360,296.662,295.508,34.5447,-3.36303
8370,296.662,295.508,25.3624,-3.36303
8380,295.871,295.508,25.3624,-1.178
8390,295.871,295.508,14.9276,-1.178
8400,295.871,295.508,13.9715,-1.178
8410,295.871,295.508,8.43274,-1.178
8420,295.871,295.508,41.6137,-1.178
8430,295.871,295.508,9.03501,-1.178
8440,295.99,295.508,9.35704,-1.178
8450,295.817,295.508,9.35704,-1.178
8460,295.817,295.508,23.2853,-1.178
8470,295.817,295.508,23.2853,-1.178
8480,295.817,295.508,98.7339,-3.36303
8490,295.817,295.508,41.5403,-1.178
8500,295.817,295.508,75.5414,-1.178
8510,295.817,295.508,71.1066,-1.178
8520,295.817,295.508,71.1066,-1.178
8530,295.817,295.508,60.1347,-1.178
8540,295.663,295.508,33.4646,-1.178
8550,295.663,295.508,45.9122,-1.178
8560,295.663,295.508,39.4534,-1.178
8570,295.663,295.508,39.4534,-1.178
8580,295.668,295.508,15.7484,-1.178
8590,296.807,295.508,20.081,-3.36303
8600,296.807,295.508,20.081,-3.36303
8610,296.109,295.508,20.081,-1.178
8620,296.109,295.508,20.081,-1.178
8630,296.109,295.508,12.664,-1.178
8640,296.109,295.508,12.664,-1.178
8650,296.109,295.508,21.4774,-1.178
8660,296.097,295.508,21.4774,-1.178
8670,296.097,295.508,21.4774,-1.178
8680,296.097,295.508,23.6264,-1.178
8690,296.828,295.508,13.9784,-3.36303
8700,295.555,295.508,9.60112,-1.178
8710,295.555,295.508,53.877,-1.178
8720,295.555,295.508,117.579,-1.178
8730,295.555,295.508,80.9854,-1.178
8740,295.555,295.508,103.306,-1.178
8750,295.555,295.508,72.4623,-1.178
8760,295.555,295.508,27.0501,-1.178
8770,295.555,295.508,75.5559,-1.178
8780,295.555,295.508,0.929802,-1.178
8790,295.555,295.508,52.8476,-1.178
8800,295.555,295.508,45.9714,-1.178
8810,295.544,295.508,98.369,-1.178
8820,295.544,295.508,56.6091,-1.178
8830,295.544,295.508,51.9455,-1.178
8840,295.544,295.508,112.66,-1.178
8850,295.544,295.508,26.81,-1.178
8860,295.544,295.508,20.5065,-1.178
8870,295.544,295.508,128.134,-1.178
8880,295.544,295.508,42.3371,-1.178
8890,295.544,295.508,85.5851,-1.178
8900,295.544,295.508,3.30004,-1.178
8910,295.544,295.508,49.8226,-1.178
8920,295.544,295.508,42.4012,-1.178
8930,295.544,295.508,72.6347,-1.178
8940,295.544,295.508,19.9373,-1.178
8950,295.544,295.508,45.9939,-1.178
8960,295.544,295.508,56.0245,-1.178
8970,295.544,295.508,114.085,-1.178
8980,295.544,295.508,89.4486,-1.178
8990,295.544,295.508,120.156,-1.178
9000,295.544,295.508,2.7133,-1.178
9010,295.544,295.508,13.5588,-1.178
9020,295.544,295.508,65.8843,-1.178
9030,295.544,295.508,129.299,-1.178
9040,295.544,295.508,102.521,-1.178
9050,295.544,295.508,108.887,-1.178
9060,295.544,295.508,95.2126,-1.178
9070,295.544,295.508,100.456,-1.178
9080,295.544,295.508,112.593,-1.178
9090,295.544,295.508,11.2644,-1.178
9100,295.544,295.508,83.3508,-1.178
9110,295.544,295.508,83.3508,-1.178
9120,295.544,295.508,83.3508,-1.178
9130,295.544,295.508,51.773,-1.178
9140,295.544,295.508,45.3455,-1.178
9150,295.979,295.508,45.3455,-1.178
9160,295.979,295.508,7.43708,-1.178
9170,296.667,295.508,7.43708,-3.36303
9180,296.667,295.508,7.43708,-3.36303
9190,296.667,295.508,7.43708,-3.36303
9200,296.407,295.508,7.43708,-3.36303
9210,296.341,295.508,35.5221,-3.36303
9220,296.341,295.508,32.6065,-3.36303
9230,296.341,295.508,62.2885,-3.36303
9240,296.341,295.508,78.2066,-5.42989
9250,296.341,295.508,62.5128,-3.36303
9260,295.868,295.508,62.5128,-1.178
9270,295.868,295.508,62.5128,-1.178
9280,295.868,295.508,33.9741,-1.178
9290,295.868,295.508,48.9172,-1.178
9300,295.868,295.508,30.0765,-1.178
9310,295.868,295.508,20.2125,-1.178
9320,295.868,295.508,20.371,-1.178
9330,295.868,295.508,60.3807,-1.178
9340,295.868,295.508,23.4205,-1.178
9350,296.461,295.508,48.6482,-3.36303
9360,296.461,295.508,43.7609,-3.36303
9370,296.461,295.508,6.51592,-3.36303
9380,297.629,295.508,6.51592,-5.42989
9390,297.629,296.143,6.51592,-3.36303
9400,296.188,296.143,104.53,-1.178
9410,296.22,296.143,48.0681,-1.178
9420,296.22,296.143,106.527,-1.178
9430,296.22,296.143,2.21742,-1.178
9440,297.388,296.143,17.0221,-3.36303
9450,297.388,296.143,17.0221,-3.36303
9460,297.388,296.143,17.0221,-3.36303
9470,298.52,296.143,15.9122,-5.42989
9480,298.52,296.143,15.9122,-5.42989
9490,296.541,296.143,53.6835,-1.178
9500,296.541,296.143,53.6835,-1.178
9510,296.541,296.143,52.5918,-1.178
9520,296.541,296.143,13.8573,-1.178
9530,296.541,296.143,37.3666,-1.178
9540,296.541,296.143,35.0858,-1.178
9550,296.757,296.143,76.7989,-3.36303
9560,296.757,296.143,76.7989,-3.36303
9570,297.437,296.143,4.99534,-3.36303
9580,296.592,296.143,32.6098,-1.178
9590,296.592,296.143,32.6098,-1.178
9600,296.592,296.143,33.9219,-1.178
9610,296.592,296.143,32.2109,-1.178
9620,296.295,296.143,32.1708,-1.178
9630,296.343,296.143,68.0564,-1.178
9640,296.34,296.143,62.6022,-1.178
9650,296.34,296.143,82.0142,-1.178
9660,296.34,296.143,86.6656,-1.178
9670,296.34,296.143,60.531,-1.178
9680,296.34,296.143,60.531,-1.178
9690,296.411,296.143,60.531,-1.178
9700,296.411,296.143,39.6849,-1.178
9710,296.411,296.143,65.1298,-1.178
9720,296.411,296.143,71.9651,-1.178
9730,296.411,296.143,60.8777,-1.178
9740,296.411,296.143,24.7454,-1.178
9750,296.411,296.143,72.3688,-1.178
9760,296.411,296.143,59.756,-1.178
9770,296.411,296.143,59.3719,-1.178
9780,296.411,296.143,73.5826,-1.178
9790,296.411,296.143,48.5819,-1.178
9800,296.411,296.143,15.7768,-1.178
9810,296.56,296.143,15.7768,-1.178
9820,296.56,296.143,99.5179,-3.36303
9830,296.56,296.143,99.5179,-3.36303
9840,296.56,296.143,99.5179,-3.36303
9850,296.56,296.143,46.4716,-1.178
9860,296.56,296.143,40.615,-1.178
9870,296.56,296.143,17.4539,-1.178
9880,296.394,296.143,67.2484,-1.178
9890,296.319,296.143,7.62785,-1.178
9900,296.319,296.143,95.9644,-1.178
9910,296.319,296.143,53.739,-1.178
9920,296.61,296.143,20.1594,-1.178
9930,296.61,296.143,20.6058,-1.178
9940,296.42,296.143,68.7857,-1.178
9950,296.42,296.143,15.5449,-1.178
9960,296.42,296.143,28.1736,-1.178
9970,296.42,296.143,40.7997,-1.178
9980,296.42,296.143,40.7997,-1.178
9990,296.42,296.143,41.6902,-1.178
10000,296.42,296.143,45.9629,-1.178
10010,296.42,296.143,8.00944,-1.178
10020,296.562,296.143,37.2833,-1.178
10030,296.562,296.143,43.6174,-1.178
10040,296.562,296.143,45.6022,-1.178
10050,296.562,296.143,20.527,-1.178
10060,296.562,296.143,46.02,-1.178
10070,296.729,296.143,53.9725,-3.36303
10080,296.729,296.143,17.0903,-1.178
10090,296.27,296.143,40.3993,-1.178
10100,296.27,296.143,2.513,-1.178
10110,296.27,296.143,10.1177,-1.178
10120,296.27,296.143,81.7994,-1.178
10130,296.27,296.143,78.6606,-1.178
10140,296.27,296.143,37.583,-1.178
10150,296.27,296.143,37.583,-1.178
10160,296.27,296.143,18.8048,-1.178
10170,296.27,296.143,106.736,-1.178
10180,296.27,296.143,106.736,-1.178
10190,296.27,296.143,106.736,-1.178
10200,296.27,296.143,106.736,-1.178
10210,296.27,296.143,106.736,-1.178
10220,296.27,296.143,106.736,-1.178
10230,296.27,296.143,52.6353,-1.178
10240,296.27,296.143,77.7824,-1.178
10250,296.27,296.143,62.6175,-1.178
10260,296.27,296.143,82.7833,-1.178
10270,296.27,296.143,107.227,-1.178
10280,296.27,296.143,92.9325,-1.178
10290,296.27,296.143,92.9325,-1.178
10300,296.27,296.143,92.9325,-1.178
10310,296.424,296.143,42.2956,-1.178
10320,296.424,296.143,81.1548,-1.178
10330,296.424,296.143,33.6337,-1.178
10340,296.424,296.143,43.4369,-1.178
10350,296.424,296.143,72.1453,-1.178
10360,296.424,296.143,72.1453,-1.178
10370,296.424,296.143,66.5743,-1.178
10380,296.424,296.143,37.8353,-1.178
10390,296.424,296.143,42.0579,-1.178
10400,296.424,296.143,60.6879,-1.178
10410,296.424,296.143,8.44714,-1.178
10420,296.424,296.143,14.4336,-1.178
10430,296.424,296.143,20.4943,-1.178
10440,296.424,296.143,27.8353,-1.178
10450,296.424,296.143,77.3841,-1.178
10460,296.424,296.143,78.4628,-1.178
10470,296.424,296.143,59.6308,-1.178
10480,296.424,296.143,61.4237,-1.178
10490,296.424,296.143,26.435,-1.178
10500,296.424,296.143,48.4644,-1.178
10510,296.424,296.143,60.2651,-1.178
10520,296.424,296.143,20.4705,-1.178
10530,296.424,296.143,66.8781,-1.178
10540,296.424,296.143,9.01035,-1.178
10550,296.424,296.143,9.12974,-1.178
10560,296.424,296.143,33.5107,-1.178
10570,296.424,296.143,73.8615,-1.178
10580,296.424,296.143,31.0241,-1.178
10590,296.424,296.143,10.9723,-1.178
10600,296.424,296.143,50.6109,-1.178
10610,296.424,296.143,75.1129,-1.178
10620,296.424,296.143,81.1534,-1.178
10630,296.424,296.143,81.1534,-1.178
10640,296.424,296.143,0.279615,-1.178
10650,296.424,296.143,78.3414,-1.178
10660,296.424,296.143,81.9052,-1.178
10670,296.424,296.143,68.1356,-1.178
10680,296.424,296.143,68.1356,-1.178
10690,296.424,296.143,47.5233,-1.178
10700,296.424,296.143,82.8091,-1.178
10710,296.424,296.143,82.8091,-1.178
10720,296.424,296.143,77.0368,-1.178
10730,296.424,296.143,80.3127,-1.178
10740,296.424,296.143,98.784,-3.36303
10750,296.417,296.143,37.1174,-1.178
10760,296.65,296.143,19.8096,-1.178
10770,296.65,296.143,18.569,-1.178
10780,296.148,296.143,92.3046,-1.178
10790,296.148,296.143,52.5376,-1.178
10800,296.148,296.143,116.969,-1.178
10810,296.148,296.143,102.683,-1.178
10820,296.148,296.143,46.2924,-1.178
10830,296.526,296.143,29.0594,-1.178
10840,296.526,296.143,96.7227,-3.36303
10850,296.526,296.143,44.8785,-1.178
10860,296.526,296.143,56.3965,-1.178
10870,296.785,296.143,4.60703,-1.178
10880,296.785,296.143,4.60703,-1.178
10890,296.785,296.143,12.8873,-1.178
10900,296.961,296.143,40.1898,-3.36303
10910,296.698,296.143,86.0993,-3.36303
10920,296.698,296.143,47.6284,-3.36303
10930,296.588,296.143,43.425,-1.178
10940,296.588,296.143,43.425,-1.178
10950,296.588,296.143,9.45153,-1.178
10960,296.588,296.143,9.45153,-1.178
10970,296.588,296.143,41.7133,-1.178
10980,296.588,296.143,9.82487,-1.178
10990,296.588,296.143,36.0315,-1.178
11000,296.588,296.143,35.757,-1.178
11010,296.164,296.143,10.0236,-1.178
11020,296.38,296.143,11.4046,-1.178
11030,296.504,296.143,24.644,-1.178
11040,296.438,296.143,47.3866,-1.178
11050,296.438,296.143,1.39828,-1.178
11060,296.438,296.143,80.0541,-1.178
11070,296.441,296.143,50.7325,-1.178
11080,296.441,296.143,17.2876,-1.178
11090,296.687,296.143,17.2876,-1.178
11100,298.905,296.143,2.43055,-5.42989
11110,297.428,296.143,2.43055,-3.36303
11120,298.342,296.143,140.157,-7.49676
11130,297.195,296.143,167.668,-7.49676
11140,296.906,296.143,37.2013,-3.36303
11150,296.906,296.143,37.2013,-3.36303
11160,296.906,296.143,62.216,-3.36303
11170,296.6,296.143,62.216,-3.36303
11180,296.6,296.143,33.9829,-1.178
11190,297.707,296.143,84.7596,-7.49676
11200,296.783,296.143,99.4409,-5.42989
11210,296.704,296.143,122.381,-7.49676
11220,296.704,296.143,184.662,-7.49676
11230,298.039,296.143,187.176,-7.49676
11240,298.427,296.143,187.176,-7.49676
11250,298.427,296.143,186.063,-7.49676
11260,296.99,296.143,56.6039,-3.36303
11270,297.624,296.143,14.8647,-5.42989
11280,297.624,296.143,60.3869,-5.42989
11290,296.517,296.143,55.0755,-1.178
11300,296.517,296.143,38.7308,-1.178
11310,296.621,296.143,0.275045,-1.178
11320,296.621,296.143,0.275045,-1.178
11330,296.621,296.143,4.1247,-1.178
11340,296.621,296.143,40.1501,-1.178
11350,296.621,296.143,16.4902,-1.178
11360,296.621,296.143,39.8655,-1.178
11370,296.621,296.143,4.23324,-1.178
11380,296.621,296.143,4.23324,-1.178
11390,296.621,296.143,18.1597,-1.178
11400,296.621,296.143,18.1597,-1.178
11410,296.159,296.143,34.1457,-1.178
11420,296.159,296.143,29.5202,-1.178
11430,296.159,296.143,28.0636,-1.178
11440,297.298,296.143,33.844,-3.36303
11450,297.298,296.143,33.844,-3.36303
11460,297.298,296.143,2.95167,-3.36303
11470,297.298,296.143,7.42435,-3.36303
11480,296.841,296.143,64.2028,-3.36303
11490,296.841,296.143,35.843,-3.36303
11500,296.668,296.143,35.843,-1.178
11510,296.33,296.143,61.0153,-1.178
11520,296.245,296.143,28.9402,-1.178
11530,296.245,296.143,65.7288,-1.178
11540,296.245,296.143,56.9322,-1.178
11550,296.176,296.143,84.1029,-1.178
11560,296.176,296.143,41.2895,-1.178
11570,296.43,296.143,36.002,-1.178
11580,296.43,296.143,13.013,-1.178
11590,296.43,296.143,49.3966,-1.178
11600,296.586,296.143,49.3966,-1.178
11610,296.586,296.143,78.509,-3.36303
11620,296.989,296.143,6.04723,-3.36303
11630,296.989,296.143,44.963,-3.36303
11640,296.325,296.143,25.1164,-1.178
11650,296.193,296.143,16.0404,-1.178
11660,296.277,296.143,54.1039,-1.178
11670,296.277,296.143,78.2498,-1.178
11680,296.277,296.143,60.1821,-1.178
11690,296.277,296.143,50.2967,-1.178
11700,296.277,296.143,100.473,-1.178
11710,296.277,296.143,53.5659,-1.178
11720,296.277,296.143,21.4506,-1.178
11730,296.277,296.143,38.1792,-1.178
11740,296.277,296.143,57.0214,-1.178
11750,296.277,296.143,83.6933,-1.178
11760,296.277,296.143,3.34386,-1.178
11770,296.277,296.143,95.1585,-1.178
11780,296.277,296.143,16.7666,-1.178
11790,297.469,296.143,3.57427,-3.36303
11800,297.469,296.143,6.25759,-3.36303
11810,296.188,296.143,17.084,-1.178
11820,296.188,296.143,17.084,-1.178
11830,296.188,296.143,103.026,-1.178
11840,296.188,296.143,126.124,-1.178
11850,296.188,296.143,9.05217,-1.178
11860,296.458,296.143,56.0524,-1.178
11870,296.458,296.143,57.7842,-1.178
11880,296.458,295.846,57.7842,-3.36303
11890,296.458,295.846,81.5902,-3.36303
11900,296.458,295.846,36.6522,-3.36303
11910,296.751,295.846,46.3617,-3.36303
11920,296.476,295.846,46.9375,-3.36303
11930,296.476,295.846,47.4326,-3.36303
11940,296.476,295.846,70.5989,-3.36303
11950,296.476,295.846,64.2886,-3.36303
11960,296.476,295.846,55.1645,-3.36303
11970,296.476,295.846,17.7288,-3.36303
11980,296.476,295.846,36.4336,-3.36303
11990,296.476,295.846,27.581,-3.36303
12000,296.476,295.846,3.16338,-1.178
12010,296.476,296.205,3.16338,-1.178
12020,296.476,296.205,74.9139,-1.178
12030,296.476,296.205,72.7023,-1.178
12040,296.476,296.205,42.7186,-1.178
12050,296.476,296.205,48.2393,-1.178
12060,296.438,296.205,40.8808,-1.178
12070,296.438,296.205,2.19532,-1.178
12080,296.83,296.205,3.75244,-1.178
12090,296.83,296.205,73.9817,-3.36303
12100,297.483,296.205,27.6757,-3.36303
12110,297.483,296.205,15.5144,-3.36303
12120,297.483,296.205,62.9189,-5.42989
12130,297.278,296.205,32.3962,-3.36303
12140,297.278,296.205,32.3962,-3.36303
12150,297.063,296.205,33.5829,-3.36303
12160,296.574,296.205,40.6572,-1.178
12170,296.574,296.205,40.6572,-1.178
12180,296.269,296.205,97.6816,-1.178
12190,296.269,296.205,15.4786,-1.178
12200,296.269,296.205,59.5028,-1.178
12210,296.269,296.205,11.1635,-1.178
12220,296.725,296.205,2.7323,-1.178
12230,296.889,296.205,3.67015,-1.178
12240,296.789,296.205,2.11566,-1.178
12250,296.273,296.205,2.11566,-1.178
12260,296.332,296.205,0.269971,-1.178
12270,296.332,296.205,8.83044,-1.178
12280,296.332,296.205,86.881,-1.178
12290,296.332,296.205,89.5435,-1.178
12300,296.332,296.205,56.6886,-1.178
12310,296.332,296.205,99.3052,-1.178
12320,296.332,296.205,99.3052,-1.178
12330,296.332,296.205,15.4535,-1.178
12340,296.332,296.205,49.3012,-1.178
12350,296.332,296.205,55.0734,-1.178
12360,296.332,296.205,90.3445,-1.178
12370,296.332,296.205,90.3445,-1.178
12380,296.332,296.205,90.3445,-1.178
12390,296.332,296.205,64.5368,-1.178
12400,296.332,296.205,94.3119,-1.178
12410,296.332,296.205,106.329,-1.178
12420,296.332,296.205,106.329,-1.178
12430,296.332,296.205,106.329,-1.178
12440,296.341,296.205,17.0381,-1.178
12450,296.341,296.205,4.49477,-1.178
12460,296.341,296.205,62.2473,-1.178
12470,296.444,296.205,26.2245,-1.178
12480,296.444,296.205,37.0795,-1.178
12490,296.444,296.205,6.69618,-1.178
12500,296.444,296.205,63.0775,-1.178
12510,296.444,296.205,57.8942,-1.178
12520,296.444,296.205,57.8942,-1.178
12530,296.444,296.205,51.8305,-1.178
12540,296.444,296.205,76.6283,-1.178
12550,296.444,296.205,77.0951,-1.178
12560,296.444,296.205,31.1098,-1.178
12570,296.713,296.205,26.925,-1.178
12580,296.713,296.205,21.8008,-1.178
12590,296.713,296.205,21.8008,-1.178
12600,296.713,296.205,9.11176,-1.178
12610,297.505,296.205,22.4593,-3.36303
12620,297.505,296.205,22.4593,-3.36303
12630,297.505,296.205,8.8396,-3.36303
12640,297.505,296.205,8.8396,-3.36303
12650,297.505,296.205,8.8396,-3.36303
12660,297.309,296.205,8.8396,-3.36303
12670,297.309,296.205,80.8173,-5.42989
12680,297.309,296.205,80.8173,-5.42989
12690,297.309,296.205,44.508,-5.42989
12700,297.309,296.205,3.89101,-3.36303
12710,297.309,296.205,3.89101,-3.36303
12720,296.4,296.205,35.5499,-1.178
12730,296.4,296.205,78.6493,-1.178
12740,296.4,296.205,7.78822,-1.178
12750,296.4,296.205,45.7022,-1.178
12760,296.4,296.205,51.1392,-1.178
12770,296.4,296.205,68.4783,-1.178
12780,296.4,296.205,92.0434,-1.178
12790,296.4,296.205,62.9429,-1.178
12800,296.663,296.205,44.3497,-1.178
12810,296.663,296.205,0.0217119,-1.178
12820,296.663,296.205,31.1761,-1.178
12830,296.663,296.205,31.1761,-1.178
12840,296.234,296.205,31.1761,-1.178
12850,297.045,296.205,27.2126,-3.36303
12860,297.045,296.205,34.8773,-3.36303
12870,296.828,296.205,5.46434,-1.178
12880,296.828,296.205,6.3179,-1.178
12890,297.019,296.205,26.5578,-3.36303
12900,297.019,296.205,26.5578,-3.36303
12910,297.019,296.205,26.5578,-3.36303
12920,296.413,296.205,0.599418,-1.178
12930,296.413,296.205,67.0779,-1.178
12940,296.413,296.205,5.06702,-1.178
12950,296.413,296.205,45.6164,-1.178
12960,296.588,296.205,6.78796,-1.178
12970,296.588,296.205,37.5988,-1.178
12980,296.588,296.205,62.8142,-1.178
12990,296.588,296.205,32.1202,-1.178
13000,296.588,296.205,51.0509,-1.178
13010,296.642,296.205,51.0509,-1.178
13020,296.642,296.205,44.0176,-1.178
13030,296.642,296.205,42.3408,-1.178
13040,296.642,296.205,49.7558,-1.178
13050,296.642,296.205,48.1496,-1.178
13060,296.642,296.205,28.4152,-1.178
13070,296.642,296.205,14.5205,-1.178
13080,296.431,296.194,31.8519,-1.178
13090,296.431,296.194,76.7963,-1.178
13100,296.431,296.194,73.9197,-1.178
13110,296.431,296.194,73.9197,-1.178
13120,296.431,296.194,19.9456,-1.178
13130,296.431,296.194,56.1725,-1.178
13140,296.431,296.194,82.0478,-1.178
13150,296.431,296.194,84.4035,-1.178
13160,296.329,296.194,105.825,-1.178
13170,296.329,296.194,54.361,-1.178
13180,296.329,296.194,110.869,-1.178
13190,296.329,296.194,110.869,-1.178
13200,296.329,296.194,63.1445,-1.178
13210,296.8,296.194,12.33,-1.178
13220,296.552,296.194,58.6318,-1.178
13230,296.552,296.194,17.4913,-1.178
13240,296.552,296.194,52.8675,-1.178
13250,296.552,296.194,8.99012,-1.178
13260,296.552,296.194,38.2317,-1.178
13270,297.017,296.194,64.4057,-3.36303
13280,297.017,296.194,63.5226,-3.36303
13290,297.017,296.194,64.6092,-3.36303
13300,297.017,296.194,64.6092,-3.36303
13310,296.876,296.194,77.0914,-3.36303
13320,296.384,296.194,57.4154,-1.178
13330,296.746,296.194,91.1626,-5.42989
13340,296.746,296.194,29.298,-1.178
13350,296.746,296.194,15.4746,-1.178
13360,296.365,296.194,15.4746,-1.178
13370,296.368,296.194,69.5116,-1.178
13380,296.368,296.194,55.8846,-1.178
13390,296.368,296.194,52.0534,-1.178
13400,296.368,296.194,89.536,-1.178
13410,296.368,296.194,35.1453,-1.178
13420,296.368,296.194,84.8403,-1.178
13430,296.368,296.194,95.2531,-1.178
13440,296.368,296.194,77.9089,-1.178
13450,296.368,296.194,24.8655,-1.178
13460,296.368,296.194,19.0204,-1.178
13470,296.368,296.194,56.2101,-1.178
13480,296.368,296.194,3.75948,-1.178
13490,296.41,296.194,35.8287,-1.178
13500,296.41,296.194,91.7342,-1.178
13510,296.867,296.194,2.16807,-1.178
13520,296.867,296.194,6.70685,-1.178
13530,296.867,296.194,6.70685,-1.178
13540,296.46,296.194,28.8976,-1.178
13550,296.745,296.194,89.736,-3.36303
13560,296.852,296.194,35.5101,-3.36303
13570,296.852,296.194,59.4858,-3.36303
13580,296.852,296.194,53.0367,-3.36303
13590,296.852,296.194,49.5066,-3.36303
13600,296.852,296.194,8.6238,-1.178
13610,296.852,296.194,61.055,-3.36303
13620,296.852,296.194,61.055,-3.36303
13630,297.296,296.194,11.0295,-3.36303
13640,297.256,296.194,23.9041,-3.36303
13650,297.019,296.194,126.937,-7.49676
13660,297.019,296.022,21.7665,-3.36303
13670,296.182,296.022,1.3184,-1.178
13680,296.182,296.022,104.996,-1.178
13690,296.182,296.022,6.20524,-1.178
13700,296.089,296.022,13.8056,-1.178
13710,296.089,296.022,24.7578,-1.178
13720,296.089,296.022,116.217,-1.178
13730,296.089,296.022,71.5983,-1.178
13740,296.089,296.022,51.1305,-1.178
13750,296.277,296.022,47.9147,-1.178
13760,296.277,296.022,47.9147,-1.178
13770,296.928,296.022,16.9211,-3.36303
13780,296.715,296.022,57.6316,-3.36303
13790,296.715,296.022,1.37287,-1.178
13800,296.715,296.022,1.37287,-1.178
13810,296.715,296.022,1.37287,-1.178
13820,296.715,296.022,3.79843,-1.178
13830,296.715,296.022,3.79843,-1.178
13840,296.256,296.022,53.9481,-1.178
13850,296.324,296.022,18.7354,-1.178
13860,296.518,296.022,18.7354,-1.178
13870,296.153,296.022,41.5245,-1.178
13880,296.153,296.022,15.2086,-1.178
13890,296.153,296.022,66.5465,-1.178
13900,296.153,296.022,66.5465,-1.178
13910,296.153,296.022,40.3672,-1.178
13920,296.771,296.022,35.1723,-3.36303
13930,296.771,296.022,35.1723,-3.36303
13940,296.771,296.022,35.1723,-3.36303
13950,296.771,296.022,36.489,-3.36303
13960,296.271,296.022,51.4187,-1.178
13970,296.271,296.022,22.5277,-1.178
13980,296.494,296.022,34.0518,-1.178
13990,296.494,296.022,30.7168,-1.178
14000,296.494,296.022,35.0422,-1.178
14010,296.494,296.022,40.3668,-1.178
14020,296.315,296.022,40.3668,-1.178
14030,296.24,296.022,40.3668,-1.178
14040,296.24,296.022,10.8477,-1.178
14050,296.24,296.022,22.9641,-1.178
14060,296.24,296.022,29.8913,-1.178
14070,296.24,296.022,38.6409,-1.178
14080,296.487,296.022,112.754,-5.42989
14090,296.487,296.482,74.5952,-1.178
14100,296.487,296.482,128.667,-1.178
14110,296.487,296.482,128.667,-1.178
14120,296.487,296.482,128.667,-1.178
14130,296.487,296.482,76.5333,-1.178
14140,296.487,296.482,135.269,-1.178
14150,296.487,296.482,56.2853,-1.178
14160,296.761,296.482,103.171,-3.36303
14170,296.761,296.482,95.529,-3.36303
14180,296.761,296.482,70.6301,-1.178
14190,296.761,296.482,58.5292,-1.178
14200,296.761,296.482,73.8281,-1.178
14210,296.761,296.482,73.8281,-1.178
14220,296.761,296.482,45.9448,-1.178
14230,296.761,296.482,46.1594,-1.178
14240,296.761,296.482,57.3543,-1.178
14250,296.583,296.482,115.553,-1.178
14260,296.583,296.482,115.553,-1.178
14270,296.583,296.482,13.1501,-1.178
14280,296.583,296.482,117.074,-1.178
14290,296.583,296.482,82.9818,-1.178
14300,296.583,296.482,5.53831,-1.178
14310,298.566,296.482,177.205,-7.49676
14320,298.566,296.482,137.819,-7.49676
14330,298.981,296.482,75.9496,-7.49676
14340,298.008,296.482,83.0429,-7.49676
14350,299.143,296.482,66.7937,-7.49676
14360,298.523,296.482,179.909,-7.49676
14370,298.515,296.482,158.609,-7.49676
14380,298.515,296.482,60.0122,-7.49676
14390,298.515,296.482,13.7122,-5.42989
14400,296.998,296.482,91.6356,-3.36303
14410,296.998,296.482,91.6356,-3.36303
14420,296.998,296.482,15.8139,-1.178
14430,296.998,296.482,15.8139,-1.178
14440,296.998,296.482,15.8139,-1.178
14450,296.998,296.482,15.8139,-1.178
14460,296.998,296.482,22.9137,-1.178
14470,296.998,296.482,27.3281,-1.178
14480,296.998,296.482,34.9831,-1.178
14490,296.998,296.482,36.0288,-1.178
14500,296.998,296.482,36.0288,-1.178
14510,296.998,296.482,33.0481,-1.178
14520,296.998,296.482,33.0481,-1.178
14530,296.998,296.482,77.5992,-3.36303
14540,296.591,296.482,84.3521,-1.178
14550,296.591,296.482,114.042,-1.178
14560,296.626,296.482,95.2344,-1.178
14570,296.626,296.482,95.2344,-1.178
14580,296.626,296.482,88.2108,-1.178
14590,296.626,296.482,64.9866,-1.178
14600,296.626,296.482,72.763,-1.178
14610,296.626,296.482,38.8329,-1.178
14620,296.626,296.482,63.2479,-1.178
14630,296.626,296.482,5.65311,-1.178
14640,297.837,296.482,2.47273,-3.36303
14650,297.837,296.482,2.47273,-3.36303
14660,297.544,296.482,2.47273,-3.36303
14670,297.954,296.482,2.47273,-3.36303
14680,297.954,296.482,2.47273,-3.36303
14690,297.954,296.482,2.47273,-3.36303
14700,297.954,296.482,2.47273,-3.36303
14710,297.954,296.482,11.3092,-3.36303
14720,297.954,296.482,6.60835,-3.36303
14730,297.954,296.482,6.60835,-3.36303
14740,298.471,296.482,85.489,-7.49676
14750,298.032,296.482,131.244,-7.49676
14760,296.564,296.482,82.563,-1.178
14770,296.564,296.482,81.5163,-1.178
14780,296.564,296.482,0.895976,-1.178
14790,296.564,296.482,91.7199,-1.178
14800,297.022,296.482,24.8702,-1.178
14810,296.586,296.482,91.2914,-1.178
14820,296.586,296.482,91.2914,-1.178
14830,296.586,296.482,94.8315,-1.178
14840,296.586,296.482,94.8315,-1.178
14850,296.586,296.482,80.2676,-1.178
14860,296.586,296.482,48.3156,-1.178
14870,296.586,296.482,48.3156,-1.178
14880,296.586,296.482,70.3107,-1.178
14890,296.586,296.482,58.4062,-1.178
14900,296.724,296.482,87.1759,-1.178
14910,296.724,296.482,48.5789,-1.178
14920,296.724,296.482,69.4977,-1.178
14930,296.724,296.482,69.4977,-1.178
14940,296.724,296.482,61.5975,-1.178
14950,296.724,296.482,61.5975,-1.178
14960,296.724,296.482,90.2861,-1.178
14970,296.724,296.482,90.2861,-1.178
14980,296.724,296.482,115.925,-3.36303
14990,296.724,296.482,107.574,-3.36303
15000,296.724,296.482,114.584,-3.36303
15010,296.724,296.482,55.931,-1.178
15020,296.725,296.482,46.8203,-1.178
15030,296.725,296.482,89.8234,-1.178
15040,296.725,296.482,14.6242,-1.178
15050,296.639,296.482,1.72045,-1.178
15060,297.6,296.482,1.72045,-3.36303
15070,297.6,296.482,34.9307,-3.36303
15080,297.708,296.482,26.3332,-3.36303
15090,297.708,296.482,11.3069,-3.36303
15100,297.708,296.482,23.6406,-3.36303
15110,296.593,296.482,3.82917,-1.178
15120,296.593,296.482,109.91,-1.178
15130,296.593,296.482,48.1037,-1.178
15140,296.593,296.482,39.9186,-1.178
15150,296.593,296.482,70.2876,-1.178
15160,296.593,296.482,9.02409,-1.178
15170,296.593,296.482,113.854,-1.178
15180,296.636,296.482,81.1444,-1.178
15190,296.636,296.482,38.9658,-1.178
15200,296.636,296.482,24.2671,-1.178
15210,296.636,296.482,14.1727,-1.178
15220,296.636,296.482,76.367,-1.178
15230,296.636,296.482,51.4638,-1.178
15240,296.636,296.482,47.714,-1.178
15250,296.636,296.482,98.6671,-1.178
15260,296.636,296.482,106.546,-1.178
15270,296.636,296.482,106.546,-1.178
15280,296.636,296.482,34.5465,-1.178
15290,296.636,296.482,70.2042,-1.178
15300,296.636,296.479,102.796,-1.178
15310,296.636,296.479,88.8873,-1.178
15320,296.636,296.479,36.2359,-1.178
15330,296.636,296.479,93.9064,-1.178
15340,296.636,296.479,71.3446,-1.178
15350,296.636,296.479,67.0593,-1.178
15360,296.636,296.479,23.978,-1.178
15370,296.636,296.479,62.596,-1.178
15380,297.243,296.479,46.3184,-3.36303
15390,297.243,296.479,54.9657,-3.36303
15400,297.243,296.479,54.9657,-3.36303
15410,297.594,296.479,54.9657,-5.42989
15420,296.611,296.479,21.2965,-1.178
15430,296.611,296.479,76.6352,-1.178
15440,296.634,296.479,58.2376,-1.178
15450,296.634,296.479,42.8822,-1.178
15460,296.82,296.479,69.0784,-1.178
15470,296.82,296.479,69.0784,-1.178
15480,296.82,296.479,69.0784,-1.178
15490,296.82,296.479,62.456,-1.178
15500,296.82,296.479,62.456,-1.178
15510,296.82,296.479,62.456,-1.178
15520,296.82,296.479,68.9427,-1.178
15530,296.82,296.479,65.8639,-1.178
15540,296.536,296.479,124.872,-1.178
15550,296.536,296.479,48.0281,-1.178
15560,296.536,296.479,96.5843,-1.178
15570,296.536,296.479,108.567,-1.178
15580,296.536,296.479,102.047,-1.178
15590,296.536,296.479,57.0285,-1.178
15600,296.536,296.479,68.6319,-1.178
15610,296.536,296.479,117.927,-1.178
15620,296.536,296.479,69.2878,-1.178
15630,296.536,296.479,22.7444,-1.178
15640,296.536,296.479,90.1081,-1.178
15650,296.536,296.479,62.3694,-1.178
15660,296.536,296.479,16.9396,-1.178
15670,296.536,296.479,37.9404,-1.178
15680,297.175,296.479,56.4528,-3.36303
15690,297.175,296.479,56.5025,-3.36303
15700,298.974,296.479,53.4224,-7.49676
15710,298.974,296.479,120.332,-7.49676
15720,299.12,296.479,119.665,-7.49676
15730,298.905,296.479,111.723,-7.49676
15740,298.873,296.479,110.247,-7.49676
15750,296.579,296.479,110.247,-1.178
15760,296.547,296.479,47.4797,-1.178
15770,296.547,296.479,89.9121,-1.178
15780,296.547,296.479,121.896,-1.178
15790,296.547,296.479,109.395,-1.178
15800,296.547,296.479,111.07,-1.178
15810,296.547,296.479,111.07,-1.178
15820,296.547,296.479,120.985,-1.178
15830,296.547,296.479,120.985,-1.178
15840,296.511,296.479,11.3072,-1.178
15850,296.511,296.479,79.8733,-1.178
15860,296.511,296.479,57.3879,-1.178
15870,296.511,296.479,122.112,-1.178
15880,296.511,296.479,105.363,-1.178
15890,296.511,296.479,43.0402,-1.178
15900,296.511,296.479,49.4962,-1.178
15910,296.511,296.479,121.125,-1.178
15920,296.511,296.479,121.125,-1.178
15930,296.511,296.479,67.8646,-1.178
15940,296.511,296.479,87.4342,-1.178
15950,296.511,296.479,48.5781,-1.178
15960,296.511,296.479,64.1319,-1.178
15970,296.511,296.479,9.21243,-1.178
15980,296.511,296.479,43.7443,-1.178
15990,296.48,296.479,55.6023,-1.178
16000,296.48,296.479,3.84819,-1.178
16010,296.688,296.479,22.4158,-1.178
16020,296.688,296.479,87.461,-1.178
16030,296.688,296.479,90.8515,-1.178
16040,296.688,296.479,72.6058,-1.178
16050,296.688,296.479,47.8794,-1.178
16060,296.688,296.479,26.9212,-1.178
16070,296.688,296.215,35.8684,-1.178
16080,296.742,296.215,28.7632,-1.178
16090,296.742,296.215,12.1268,-1.178
16100,296.224,296.215,12.1268,-1.178
16110,296.308,296.215,108.72,-1.178
16120,296.308,296.215,83.1631,-1.178
16130,296.308,296.215,85.5892,-1.178
16140,296.308,296.215,59.1737,-1.178
16150,296.307,296.215,97.9923,-1.178
16160,296.464,296.215,8.42088,-1.178
16170,296.464,296.215,19.883,-1.178
16180,296.464,296.215,48.1614,-1.178
16190,296.464,296.215,46.3445,-1.178
16200,296.457,296.215,1.18513,-1.178
16210,296.457,296.215,63.819,-1.178
16220,296.457,296.215,45.5108,-1.178
16230,296.457,296.215,66.3902,-1.178
16240,296.457,296.215,2.90966,-1.178
16250,296.457,296.215,73.2934,-1.178
16260,296.457,296.215,53.7791,-1.178
16270,296.457,296.215,71.2383,-1.178
16280,296.457,296.215,52.8432,-1.178
16290,296.457,296.215,31.5735,-1.178
16300,296.457,296.215,73.3859,-1.178
16310,296.415,296.215,73.3859,-1.178
16320,296.449,296.215,73.3859,-1.178
16330,296.527,296.215,73.3859,-1.178
16340,296.527,296.215,7.51101,-1.178
16350,296.527,296.215,39.7445,-1.178
16360,296.69,296.215,39.7445,-1.178
16370,296.69,296.215,28.418,-1.178
16380,296.69,296.215,25.5824,-1.178
16390,296.667,296.215,12.3969,-1.178
16400,296.571,296.215,13.7324,-1.178
16410,296.571,296.215,17.2316,-1.178
16420,295.364,295.241,102.025,-1.178
16430,295.364,295.241,72.158,-1.178
16440,295.364,295.241,86.0189,-1.178
16450,295.364,295.241,36.7695,-1.178
16460,295.364,295.241,100.78,-1.178
16470,295.287,295.241,100.78,-1.178
16480,295.287,295.241,26.3224,-1.178
16490,295.287,295.241,65.1748,-1.178
16500,295.287,295.241,44.5832,-1.178
16510,295.287,295.241,106.08,-1.178
16520,295.287,295.241,107.834,-1.178
16530,295.287,295.241,107.834,-1.178
16540,295.287,295.241,120.887,-1.178
16550,295.287,295.241,120.887,-1.178
16560,295.373,295.241,101.882,-1.178
16570,295.373,295.241,51.2894,-1.178
16580,295.373,295.241,51.2894,-1.178
16590,295.373,295.241,2.20528,-1.178
16600,296.511,295.241,15.2197,-3.36303
16610,296.331,295.241,6.9581,-3.36303
16620,296.331,295.241,8.12366,-3.36303
16630,296.331,295.241,15.1476,-3.36303
16640,296.164,295.241,1.34928,-3.36303
16650,296.164,295.241,42.7657,-3.36303
16660,296.164,295.241,5.95839,-3.36303
16670,296.164,295.241,17.1264,-3.36303
16680,295.779,295.241,1.13307,-1.178
16690,295.779,295.241,0.250716,-1.178
16700,295.779,295.241,33.2284,-1.178
16710,295.779,295.241,10.4994,-1.178
16720,295.779,295.241,24.2783,-1.178
16730,295.779,295.241,24.2783,-1.178
16740,295.325,295.241,68.8185,-1.178
16750,295.325,295.241,118.411,-1.178
16760,295.325,295.241,110.45,-1.178
16770,295.279,295.241,99.554,-1.178
16780,295.279,295.241,55.6074,-1.178
16790,295.279,295.241,14.2893,-1.178
16800,295.279,295.241,125.354,-1.178
16810,295.279,295.241,92.5795,-1.178
16820,295.279,295.241,92.5795,-1.178
16830,295.348,295.241,56.0389,-1.178
16840,295.348,295.241,56.0389,-1.178
16850,295.348,295.241,52.7414,-1.178
16860,295.348,295.241,84.3506,-1.178
16870,295.371,295.241,27.8976,-1.178
16880,295.371,295.241,106.824,-1.178
16890,295.371,295.241,73.1251,-1.178
16900,295.479,295.241,23.1654,-1.178
16910,295.479,295.241,50.3022,-1.178
16920,295.479,295.241,74.0898,-1.178
16930,295.479,295.241,62.3879,-1.178
16940,295.479,295.241,18.4277,-1.178
16950,295.744,295.241,3.96801,-1.178
16960,295.744,295.241,17.8855,-1.178
16970,295.744,295.241,17.8855,-1.178
16980,295.744,295.241,0.200164,-1.178
16990,295.744,295.241,26.3175,-1.178
17000,295.744,295.241,26.3175,-1.178
17010,295.744,295.241,4.07177,-1.178
17020,295.744,295.241,14.5502,-1.178
17030,295.799,295.241,14.5502,-1.178
17040,295.799,295.241,0.374278,-1.178
17050,295.887,295.241,0.374278,-1.178
17060,295.713,295.241,0.374278,-1.178
17070,295.279,295.241,105.034,-1.178
17080,295.279,295.241,27.6307,-1.178
17090,295.279,295.241,42.0944,-1.178
17100,295.279,295.241,119.872,-1.178
17110,295.321,295.241,119.872,-1.178
17120,295.321,295.241,97.5465,-1.178
17130,295.321,295.241,32.0316,-1.178
17140,295.321,295.241,50.1075,-1.178
17150,295.44,295.241,63.3574,-1.178
17160,295.304,295.241,63.3574,-1.178
17170,295.304,295.241,131.503,-3.36303
17180,295.304,295.241,73.0927,-1.178
17190,295.469,295.241,22.3013,-1.178
17200,295.469,295.241,27.8709,-1.178
17210,295.698,295.241,0.580563,-1.178
17220,295.698,295.241,23.4215,-1.178
17230,295.698,295.241,23.4215,-1.178
17240,295.568,295.241,18.3637,-1.178
17250,295.568,295.241,34.7319,-1.178
17260,295.568,295.241,61.4796,-1.178
17270,295.568,295.241,52.3754,-1.178
17280,295.568,295.241,70.0172,-1.178
17290,295.568,295.241,57.2437,-1.178
17300,295.568,295.241,57.2437,-1.178
17310,295.568,295.241,11.8533,-1.178
17320,295.568,295.241,4.72531,-1.178
17330,295.568,295.241,61.0696,-1.178
17340,295.273,295.241,31.7242,-1.178
17350,295.273,295.241,51.4104,-1.178
17360,295.273,295.241,106.334,-1.178
17370,295.273,295.241,60.6802,-1.178
17380,295.273,295.241,89.3984,-1.178
17390,295.273,295.241,53.8392,-1.178
17400,295.273,295.241,76.3021,-1.178
17410,295.273,295.241,12.3255,-1.178
17420,295.273,295.241,99.3169,-1.178
17430,295.273,295.241,20.2668,-1.178
17440,295.273,295.241,118.987,-1.178
17450,295.273,295.241,118.164,-1.178
17460,295.273,295.241,118.164,-1.178
17470,295.273,295.241,123.193,-1.178
17480,295.273,295.054,83.726,-1.178
17490,295.273,295.054,79.1052,-1.178
17500,295.273,295.054,88.2802,-1.178
17510,295.273,295.054,87.0781,-1.178
17520,295.273,295.054,0.894028,-1.178
17530,295.273,295.054,102.25,-3.36303
17540,295.273,295.054,102.25,-3.36303
17550,295.273,295.054,66.9245,-1.178
17560,295.06,295.054,98.8682,-1.178
17570,295.06,295.054,19.6354,-1.178
17580,295.22,295.054,68.8016,-1.178
17590,295.172,295.054,54.4726,-1.178
17600,295.172,295.054,43.3415,-1.178
17610,295.172,295.054,65.9174,-1.178
17620,295.173,295.054,65.9174,-1.178
17630,295.173,295.054,65.9174,-1.178
17640,295.173,295.054,65.9174,-1.178
17650,295.173,295.054,58.9567,-1.178
17660,295.173,295.054,102.707,-1.178
17670,295.173,295.054,111.311,-1.178
17680,295.261,295.054,40.336,-1.178
17690,295.261,295.054,5.85233,-1.178
17700,295.261,295.054,24.1365,-1.178
17710,295.261,295.054,3.44874,-1.178
17720,295.261,295.054,10.1752,-1.178
17730,295.304,295.054,78.7123,-1.178
17740,295.296,295.054,84.6326,-1.178
17750,295.296,295.054,84.6326,-1.178
17760,295.296,295.054,85.0537,-1.178
17770,295.296,295.054,41.0397,-1.178
17780,295.296,295.054,83.646,-1.178
17790,295.296,295.054,60.7553,-1.178
17800,295.296,295.054,55.6061,-1.178
17810,295.296,295.054,67.5453,-1.178
17820,295.296,295.054,34.1454,-1.178
17830,295.075,295.054,131.038,-1.178
17840,295.075,295.054,35.2189,-1.178
17850,295.075,295.054,70.9544,-1.178
17860,295.075,295.054,29.4769,-1.178
17870,295.075,295.054,83.4406,-1.178
17880,295.075,295.054,23.9494,-1.178
17890,295.075,295.054,128.718,-1.178
17900,295.061,295.054,14.2657,-1.178
17910,295.061,295.054,121.84,-1.178
17920,295.061,295.054,68.5933,-1.178
17930,295.061,295.054,32.153,-1.178
17940,295.061,295.054,25.2548,-1.178
17950,295.061,295.054,99.4644,-1.178
17960,295.061,295.054,71.7219,-1.178
17970,295.061,295.054,15.0535,-1.178
17980,295.061,295.054,13.8125,-1.178
17990,295.061,295.054,28.0666,-1.178
18000,295.061,295.054,110.249,-1.178
18010,295.061,295.054,103.09,-1.178
18020,295.061,295.054,65.9728,-1.178
18030,295.269,295.054,85.4474,-1.178
18040,295.269,295.054,16.8608,-1.178
18050,295.269,295.054,46.5179,-1.178
18060,295.269,295.054,70.1626,-1.178
18070,295.269,295.054,70.1626,-1.178
18080,295.269,295.054,84.6781,-1.178
18090,295.269,295.054,94.7658,-1.178
18100,295.269,295.054,34.4253,-1.178
18110,295.269,295.054,47.9574,-1.178
18120,295.269,295.054,19.3794,-1.178
18130,295.269,295.054,64.2018,-1.178
18140,295.269,295.054,1.51373,-1.178
18150,295.269,295.054,42.5078,-1.178
18160,295.269,295.054,65.6854,-1.178
18170,295.645,295.054,86.9758,-3.36303
18180,295.131,295.054,11.7111,-1.178
18190,295.131,295.054,101.267,-1.178
18200,295.131,295.054,112.221,-1.178
18210,295.131,295.054,24.4227,-1.178
18220,295.175,295.054,95.7709,-1.178
18230,295.075,295.054,28.581,-1.178
18240,295.064,295.054,107.185,-1.178
18250,295.064,295.054,91.4441,-1.178
18260,295.064,295.054,12.6233,-1.178
18270,295.064,295.054,36.8693,-1.178
18280,295.064,295.054,65.3547,-1.178
18290,295.553,295.054,5.66892,-1.178
18300,295.275,295.054,6.44535,-1.178
18310,295.607,295.054,0.902344,-1.178
18320,295.607,295.054,26.7752,-1.178
18330,295.11,295.054,16.3484,-1.178
18340,295.721,295.054,7.35355,-1.178
18350,295.721,295.054,7.35355,-1.178
18360,295.721,295.054,7.35355,-1.178
18370,295.234,295.054,41.8558,-1.178
18380,295.234,295.054,66.5621,-1.178
18390,295.234,295.054,98.1195,-1.178
18400,295.234,295.054,15.7507,-1.178
18410,295.174,295.054,81.6493,-1.178
18420,295.174,295.054,73.4752,-1.178
18430,295.174,295.054,100.312,-1.178
18440,295.174,295.054,79.5799,-1.178
18450,295.174,295.054,53.6312,-1.178
18460,295.174,295.054,83.3124,-1.178
18470,295.185,295.054,64.4937,-1.178
18480,295.185,295.054,93.8114,-1.178
18490,295.185,295.054,83.4629,-1.178
18500,295.185,295.054,19.6857,-1.178
18510,295.185,295.054,92.1861,-1.178
18520,295.185,295.054,25.0237,-1.178
18530,295.288,295.054,24.6328,-1.178
18540,295.288,295.054,31.4684,-1.178
18550,295.065,295.054,31.4684,-1.178
18560,295.22,295.054,10.2085,-1.178
18570,295.22,295.054,4.74551,-1.178
18580,295.22,295.054,51.9973,-1.178
18590,295.22,295.054,11.6697,-1.178
18600,295.22,295.054,24.5019,-1.178
18610,295.22,295.054,58.36,-1.178
18620,295.22,295.054,103.768,-1.178
18630,295.22,295.054,90.0884,-1.178
18640,295.22,295.054,90.5944,-1.178
18650,295.22,295.054,74.0835,-1.178
18660,295.22,295.054,47.9697,-1.178
18670,295.22,295.054,39.317,-1.178
18680,295.22,295.054,48.3885,-1.178
18690,295.181,295.054,100.284,-1.178
18700,295.181,295.054,110.209,-1.178
18710,295.181,295.054,61.8476,-1.178
18720,295.181,295.054,83.1675,-1.178
18730,295.181,295.054,67.3496,-1.178
18740,295.181,295.054,0.0364598,-1.178
18750,295.181,294.801,10.9748,-1.178
18760,294.935,294.801,10.9748,-1.178
18770,295.349,294.801,10.9748,-1.178
18780,295.349,294.801,17.0273,-1.178
18790,295.349,294.801,17.0273,-1.178
18800,295.349,294.801,31.9288,-1.178
18810,295.349,294.801,6.42611,-1.178
18820,295.129,294.801,6.7352,-1.178
18830,295.129,294.801,18.5097,-1.178
18840,295.129,294.801,19.1038,-1.178
18850,295.129,294.801,27.7155,-1.178
18860,295.129,294.801,11.2119,-1.178
18870,295.129,294.801,58.6912,-1.178
18880,295.129,294.801,66.9551,-1.178
18890,295.129,294.801,61.6289,-1.178
18900,295.043,294.801,55.9048,-1.178
18910,295.043,294.801,30.5126,-1.178
18920,295.043,294.801,30.1958,-1.178
18930,295.043,294.801,19.1817,-1.178
18940,295.043,294.801,47.588,-1.178
18950,295.188,294.801,47.588,-1.178
18960,294.9,294.801,38.7453,-1.178
18970,294.9,294.801,52.2238,-1.178
18980,294.9,294.801,93.1477,-1.178
18990,294.9,294.801,86.3407,-1.178
19000,294.9,294.801,117.506,-1.178
19010,294.9,294.801,72.5817,-1.178
19020,294.9,294.801,75.6828,-1.178
19030,294.811,294.801,28.3748,-1.178
19040,294.811,294.801,51.6945,-1.178
19050,295.02,294.801,65.5643,-1.178
19060,294.939,294.801,16.0958,-1.178
19070,295.353,294.801,15.6608,-1.178
19080,295.353,294.801,52.826,-3.36303
19090,295.094,294.801,52.826,-1.178
19100,295.094,294.801,29.1691,-1.178
19110,295.094,294.801,73.5333,-1.178
19120,295.094,294.801,73.5333,-1.178
19130,294.884,294.801,88.3456,-1.178
19140,294.884,294.801,78.3521,-1.178
19150,294.884,294.801,90.5408,-1.178
19160,294.884,294.801,52.2782,-1.178
19170,294.884,294.801,11.2924,-1.178
19180,294.884,294.801,11.2924,-1.178
19190,294.948,294.801,5.30359,-1.178
19200,294.948,294.801,75.4511,-1.178
19210,295.097,294.801,0.523824,-1.178
19220,295.097,294.801,73.1561,-1.178
19230,295.097,294.801,73.1561,-1.178
19240,295.097,294.801,73.1561,-1.178
19250,295.097,294.801,2.38145,-1.178
19260,295.097,294.801,78.7158,-1.178
19270,295.097,294.801,40.3762,-1.178
19280,295.097,294.801,40.3762,-1.178
19290,295.097,294.801,65.3464,-1.178
19300,295.097,294.801,49.497,-1.178
19310,295.097,294.801,73.4937,-1.178
19320,295.097,294.801,73.4937,-1.178
19330,295.097,294.801,72.4921,-1.178
19340,295.097,294.801,65.1538,-1.178
19350,295.097,294.801,50.5877,-1.178
19360,295.012,294.801,59.6509,-1.178
19370,295.012,294.801,4.17762,-1.178
19380,295.012,294.801,44.0835,-1.178
19390,295.012,294.801,53.9723,-1.178
19400,295.012,294.801,72.555,-1.178
19410,295.262,294.801,10.1528,-1.178
19420,295.262,294.801,9.54655,-1.178
19430,295.262,294.801,10.7879,-1.178
19440,295.262,294.801,19.7475,-1.178
19450,295.262,294.801,33.285,-1.178
19460,295.262,294.801,77.4433,-3.36303
19470,295.262,294.801,76.0865,-3.36303
19480,295.262,294.801,40.9566,-1.178
19490,295.31,294.801,4.68694,-1.178
19500,295.142,294.801,31.411,-1.178
19510,295.142,294.801,23.9416,-1.178
19520,295.072,294.801,64.1085,-1.178
19530,295.072,294.801,7.06778,-1.178
19540,295.072,294.801,28.5498,-1.178
19550,295.292,294.801,29.039,-1.178
19560,295.292,294.801,18.3662,-1.178
19570,295.292,294.801,18.1399,-1.178
19580,295.292,294.801,18.1399,-1.178
19590,295.292,294.801,27.1121,-1.178
19600,295.292,294.801,4.57205,-1.178
19610,295.292,294.801,24.8914,-1.178
19620,295.292,294.801,8.15403,-1.178
19630,295.292,294.801,6.43288,-1.178
19640,295.292,294.801,93.5157,-3.36303
19650,295.292,294.801,93.5157,-3.36303
19660,295.291,294.801,12.0929,-1.178
19670,295.38,294.801,7.66841,-1.178
19680,297.371,294.801,28.4616,-7.49676
19690,297.371,294.801,86.6213,-7.49676
19700,295.119,294.801,86.6213,-3.36303
19710,295.119,294.801,37.1047,-1.178
19720,295.119,294.801,37.1047,-1.178
19730,294.958,294.801,24.2592,-1.178
19740,294.958,294.801,24.2592,-1.178
19750,294.958,294.801,101.909,-1.178
19760,294.897,293.609,7.02157,-3.36303
19770,294.897,293.609,7.02157,-3.36303
19780,294.897,293.609,26.984,-3.36303
19790,294.897,293.609,26.984,-3.36303
19800,293.899,293.609,26.984,-1.178
19810,294.349,293.609,41.4685,-3.36303
19820,294.349,293.609,49.6795,-3.36303
19830,293.704,293.609,13.8162,-1.178
19840,293.704,293.609,41.7631,-1.178
19850,294.142,293.609,6.38913,-1.178
19860,294.142,293.609,27.4527,-1.178
19870,293.726,293.609,59.8364,-1.178
19880,293.95,293.609,68.253,-1.178
19890,293.95,293.609,68.253,-1.178
19900,293.95,293.609,56.3056,-1.178
19910,293.95,293.609,35.4559,-1.178
19920,293.973,293.609,21.546,-1.178
19930,293.961,293.609,21.546,-1.178
19940,293.961,293.609,76.6938,-3.36303
19950,294.018,293.609,47.9299,-1.178
19960,294.018,293.609,27.6742,-1.178
19970,294.018,293.609,41.727,-1.178
19980,294.018,293.609,57.7344,-1.178
19990,294.018,293.609,57.7344,-1.178
20000,294.018,293.609,2.70957,-1.178
20010,294.018,293.609,52.9478,-1.178
20020,294.018,293.609,52.9478,-1.178
20030,294.018,293.609,57.2844,-1.178
20040,294.018,293.609,57.2844,-1.178
20050,293.774,293.609,57.2844,-1.178
20060,294.476,293.609,30.8954,-3.36303
20070,294.365,293.609,26.9078,-3.36303
20080,294.365,293.609,27.9192,-3.36303
20090,294.168,293.609,6.3568,-1.178
20100,294.168,293.609,26.9811,-1.178
20110,294.168,293.609,26.9811,-1.178
20120,294.168,293.609,8.18395,-1.178
20130,294.168,293.609,11.076,-1.178
20140,294.168,293.609,11.076,-1.178
20150,294.168,293.609,7.84736,-1.178
20160,294.168,293.609,7.51029,-1.178
20170,294.168,293.609,7.51029,-1.178
20180,294.168,293.609,28.4243,-1.178
20190,294.168,293.609,28.4243,-1.178
20200,294.539,293.609,28.4243,-3.36303
20210,294.682,293.609,8.57387,-3.36303
20220,294.68,293.609,8.57387,-3.36303
20230,294.944,293.609,8.57387,-3.36303
20240,293.906,293.609,45.7838,-1.178
20250,293.906,293.609,46.0862,-1.178
20260,294.08,293.609,46.0862,-1.178
20270,294.08,293.609,46.0862,-1.178
20280,294.08,293.609,6.61772,-1.178
20290,293.619,293.609,89.8392,-1.178
20300,293.619,293.609,50.0702,-1.178
20310,293.619,293.609,119.538,-1.178
20320,293.871,293.609,48.4393,-1.178
20330,293.871,293.609,48.4393,-1.178
20340,293.957,293.609,48.4393,-1.178
20350,293.957,293.609,33.6788,-1.178
20360,293.957,293.609,43.7778,-1.178
20370,293.795,293.609,41.3902,-1.178
20380,293.795,293.609,70.1796,-1.178
20390,293.795,293.609,79.6388,-1.178
20400,293.795,293.609,81.388,-1.178
20410,293.791,293.609,8.83916,-1.178
20420,293.791,293.609,7.65252,-1.178
20430,293.949,293.609,7.65252,-1.178
20440,294.75,293.609,35.862,-3.36303
20450,294.08,293.609,1.34527,-1.178
20460,294.08,293.609,2.29452,-1.178
20470,294.08,293.609,40.6071,-1.178
20480,294.08,293.609,24.1236,-1.178
20490,293.9,293.609,24.1236,-1.178
20500,293.9,293.609,62.7343,-1.178
20510,293.9,293.609,76.9406,-1.178
20520,293.9,293.609,31.0118,-1.178
20530,294.243,293.609,14.0959,-1.178
20540,294.243,293.609,14.0959,-1.178
20550,293.851,293.609,14.0959,-1.178
20560,293.851,293.406,43.3746,-1.178
20570,293.851,293.406,43.3746,-1.178
20580,293.851,293.406,48.0576,-1.178
20590,293.851,293.406,47.8777,-1.178
20600,293.851,293.406,44.5854,-1.178
20610,293.851,293.406,69.7266,-3.36303
20620,293.851,293.406,43.6215,-1.178
20630,294.06,293.406,55.9905,-3.36303
20640,294.06,293.406,58.3656,-3.36303
20650,294.06,293.406,7.38063,-1.178
20660,294.06,293.406,7.38063,-1.178
20670,294.06,293.406,7.38063,-1.178
20680,294.06,293.406,7.38063,-1.178
20690,293.516,293.406,7.38063,-1.178
20700,293.49,293.406,111.281,-1.178
20710,293.49,293.406,45.4842,-1.178
20720,294.301,293.406,33.773,-3.36303
20730,294.301,293.406,27.2399,-3.36303
20740,294.301,293.406,27.2399,-3.36303
20750,294.401,293.406,4.80982,-3.36303
20760,293.885,293.406,24.4163,-1.178
20770,293.885,293.406,39.7599,-1.178
20780,293.892,293.406,28.899,-1.178
20790,293.892,293.406,32.0503,-1.178
20800,293.892,293.406,42.4004,-1.178
20810,293.892,293.406,42.4004,-1.178
20820,293.892,293.406,52.715,-3.36303
20830,293.793,293.406,32.1798,-1.178
20840,293.732,293.406,40.4629,-1.178
20850,293.732,293.406,55.8814,-1.178
20860,293.732,293.406,55.8814,-1.178
20870,293.732,293.563,55.8814,-1.178
20880,293.732,293.563,55.8864,-1.178
20890,293.732,293.563,99.1711,-1.178
20900,293.626,293.563,119.915,-1.178
20910,293.626,293.563,123.484,-1.178
20920,293.632,293.563,77.0028,-1.178
20930,293.632,293.563,116.401,-1.178
20940,293.632,293.563,72.5038,-1.178
20950,293.637,293.563,82.1404,-1.178
20960,293.637,293.563,93.6552,-1.178
20970,293.637,293.563,93.6552,-1.178
20980,293.637,293.563,6.96773,-1.178
20990,295.622,293.563,6.96773,-5.42989
21000,294.897,293.563,6.96773,-3.36303
21010,295.242,293.563,52.2984,-5.42989
21020,295.651,293.563,20.2873,-5.42989
21030,293.752,293.563,67.1437,-1.178
21040,293.752,293.563,20.9905,-1.178
21050,293.752,293.563,52.4027,-1.178
21060,293.752,293.563,89.5402,-1.178
21070,293.752,293.563,89.5402,-1.178
21080,293.752,293.563,56.8146,-1.178
21090,293.752,293.563,81.012,-1.178
21100,293.572,293.563,87.9136,-1.178
21110,293.572,293.563,112.384,-1.178
21120,293.621,293.563,47.0238,-1.178
21130,293.897,293.563,47.0238,-1.178
21140,293.574,293.563,118.64,-1.178
21150,293.574,293.563,107.451,-1.178
21160,293.574,293.563,107.451,-1.178
21170,293.574,293.563,89.4342,-1.178
21180,293.574,293.563,124.876,-1.178
21190,293.574,293.563,97.7652,-1.178
21200,293.582,293.563,77.0406,-1.178
21210,293.582,293.563,117.043,-1.178
21220,293.582,293.563,105.197,-1.178
21230,293.582,293.563,111.707,-1.178
21240,293.564,293.563,128.648,-1.178
21250,293.564,293.563,118.206,-1.178
21260,293.589,293.563,24.7978,-1.178
21270,293.978,293.563,0.461817,-1.178
21280,293.978,293.563,26.8499,-1.178
21290,293.978,293.563,35.3128,-1.178
21300,293.978,293.563,47.2237,-1.178
21310,293.978,293.563,35.2052,-1.178
21320,293.978,293.563,35.2052,-1.178
21330,293.978,293.563,29.5456,-1.178
21340,293.978,293.563,32.956,-1.178
21350,293.624,293.563,4.67602,-1.178
21360,293.624,293.563,95.4506,-1.178
21370,293.624,293.563,95.4506,-1.178
21380,293.624,293.563,95.4506,-1.178
21390,293.624,293.563,2.43513,-1.178
21400,293.705,293.563,109.043,-1.178
21410,293.705,293.563,30.2326,-1.178
21420,293.705,293.563,62.7132,-1.178
21430,293.598,293.563,122.18,-1.178
21440,293.598,293.563,59.0163,-1.178
21450,293.598,293.563,42.733,-1.178
21460,293.759,293.563,59.74,-1.178
21470,293.759,293.563,46.7739,-1.178
21480,293.704,293.563,88.4179,-1.178
21490,293.581,293.563,34.157,-1.178
21500,294.024,293.563,23.1673,-1.178
21510,294.024,293.563,27.6844,-1.178
21520,294.024,293.563,20.9747,-1.178
21530,294.024,293.563,20.1939,-1.178
21540,293.666,293.563,40.8072,-1.178
21550,293.85,293.563,76.3597,-1.178
21560,293.85,293.563,7.12571,-1.178
21570,293.85,293.563,4.39451,-1.178
21580,293.85,293.563,37.0557,-1.178
21590,293.921,293.563,9.89795,-1.178
21600,293.921,293.563,57.354,-1.178
21610,293.921,293.563,53.605,-1.178
21620,293.921,293.563,64.5523,-1.178
21630,293.921,293.563,64.5523,-1.178
21640,293.921,293.563,64.5523,-1.178
21650,293.921,293.563,46.6381,-1.178
21660,293.921,293.563,51.6303,-1.178
21670,293.921,293.563,18.632,-1.178
21680,293.921,293.563,21.5909,-1.178
21690,293.834,293.563,79.3349,-1.178
21700,293.834,293.563,45.0884,-1.178
21710,293.834,293.563,68.4369,-1.178
21720,293.834,293.563,22.0946,-1.178
21730,293.834,293.563,25.0732,-1.178
21740,293.834,293.563,46.2661,-1.178
21750,294.5,293.563,10.2007,-3.36303
21760,294.22,293.563,10.2007,-1.178
21770,293.778,293.563,46.0685,-1.178
21780,293.778,293.563,65.5359,-1.178
21790,293.778,293.563,26.1727,-1.178
21800,293.778,293.563,35.3295,-1.178
21810,293.778,293.563,63.9046,-1.178
21820,293.778,293.563,18.8985,-1.178
21830,293.778,293.563,54.9039,-1.178
21840,293.778,293.563,40.7384,-1.178
21850,293.691,293.563,52.0718,-1.178
21860,293.691,293.563,61.8891,-1.178
21870,293.691,293.563,64.4647,-1.178
21880,293.691,293.563,29.3419,-1.178
21890,293.691,293.563,11.075,-1.178
21900,293.691,293.563,70.4988,-1.178
21910,293.748,293.563,56.784,-1.178
21920,293.748,293.563,72.94,-1.178
21930,293.748,293.563,95.4345,-1.178
21940,293.696,293.563,95.4345,-1.178
21950,293.696,293.563,27.259,-1.178
21960,293.696,293.563,81.0673,-1.178
21970,293.696,293.563,94.1924,-1.178
21980,293.696,293.563,47.9219,-1.178
21990,293.8,293.563,47.9219,-1.178
22000,293.8,293.563,47.9219,-1.178
22010,293.8,293.563,54.6599,-1.178
22020,293.8,293.563,84.2904,-1.178
22030,293.794,293.563,83.2408,-1.178
22040,293.794,293.563,33.2412,-1.178
22050,293.794,293.563,37.9873,-1.178
22060,293.794,293.563,7.97784,-1.178
22070,293.794,293.563,34.2661,-1.178
22080,293.794,293.563,40.0288,-1.178
22090,293.794,293.563,84.9138,-1.178
22100,293.794,293.563,2.51968,-1.178
22110,294.396,293.563,34.9579,-3.36303
22120,294.396,293.563,59.9983,-3.36303
22130,293.67,293.563,11.0716,-1.178
22140,293.682,293.465,60.7544,-1.178
22150,293.682,293.465,68.7112,-1.178
22160,293.682,293.465,90.0499,-1.178
22170,293.682,293.465,20.1524,-1.178
22180,293.682,293.465,20.1524,-1.178
22190,293.682,293.465,10.5359,-1.178
22200,293.682,293.465,37.189,-1.178
22210,293.682,293.465,41.841,-1.178
22220,293.682,293.465,63.8806,-1.178
22230,293.682,293.465,37.8981,-1.178
22240,293.797,293.465,24.3686,-1.178
22250,293.991,293.465,24.3686,-1.178
22260,293.991,293.465,24.3686,-1.178
22270,293.991,293.465,0.599916,-1.178
22280,293.991,293.465,23.7261,-1.178
22290,294.022,293.465,23.7261,-1.178
22300,294.022,293.465,2.57705,-1.178
22310,293.723,293.465,2.57705,-1.178
22320,293.776,293.465,9.95162,-1.178
22330,293.776,293.236,9.95162,-1.178
22340,293.776,293.236,9.95162,-1.178
22350,293.743,293.236,9.95162,-1.178
22360,293.743,293.236,24.4336,-1.178
22370,293.743,293.236,38.7556,-1.178
22380,293.743,293.236,19.8327,-1.178
22390,293.743,293.236,22.2381,-1.178
22400,293.581,293.236,24.9553,-1.178
22410,293.581,293.236,61.1294,-1.178
22420,293.581,293.236,61.1294,-1.178
22430,293.581,293.236,18.1721,-1.178
22440,293.581,293.236,104.186,-3.36303
22450,293.581,293.236,42.6948,-1.178
22460,293.581,293.236,59.0926,-1.178
22470,293.581,293.236,30.1693,-1.178
22480,293.696,293.236,38.8157,-1.178
22490,293.696,293.236,38.8157,-1.178
22500,293.696,293.204,24.3363,-1.178
22510,293.696,293.204,24.3363,-1.178
22520,293.967,293.204,47.281,-3.36303
22530,293.439,293.204,10.4325,-1.178
22540,293.439,293.204,104.533,-3.36303
22550,293.439,293.204,18.3145,-1.178
22560,293.439,293.204,81.4261,-1.178
22570,293.439,293.204,34.5959,-1.178
22580,293.439,293.204,60.6959,-1.178
22590,293.439,293.204,30.6039,-1.178
22600,293.439,293.204,40.3847,-1.178
22610,294.146,293.204,40.3847,-3.36303
22620,293.819,293.204,40.3847,-3.36303
22630,293.819,293.204,13.5527,-1.178
22640,293.509,293.204,13.5527,-1.178
22650,293.509,293.204,60.8338,-1.178
22660,293.509,293.204,67.6726,-1.178
22670,293.509,293.204,54.1309,-1.178
22680,293.509,293.204,35.0375,-1.178
22690,293.509,293.204,67.7694,-1.178
22700,293.674,293.204,21.1238,-1.178
22710,293.674,292.87,21.1238,-3.36303
22720,293.115,292.87,50.825,-1.178
22730,293.115,292.87,30.8249,-1.178
22740,293.115,292.87,100.11,-3.36303
22750,293.115,292.87,102.765,-3.36303
22760,293.115,292.87,56.7172,-1.178
22770,293.208,292.87,37.1154,-1.178
22780,293.208,292.87,45.5151,-1.178
22790,293.208,292.87,57.2295,-1.178
22800,293.101,292.87,57.7576,-1.178
22810,293.101,292.87,60.2401,-1.178
22820,293.101,292.87,40.3484,-1.178
22830,292.951,292.87,68.6883,-1.178
22840,293.883,292.87,33.4365,-3.36303
22850,293.956,292.87,36.3558,-3.36303
22860,292.94,292.87,109.195,-1.178
22870,293.021,292.87,5.93159,-1.178
22880,293.021,292.87,12.0781,-1.178
22890,293.021,292.87,33.2724,-1.178
22900,293.021,292.87,35.9263,-1.178
22910,293.212,292.87,35.9263,-1.178
22920,293.212,292.87,39.2264,-1.178
22930,293.212,292.87,58.5174,-1.178
22940,293.212,292.87,58.5174,-1.178
22950,293.212,293.115,55.1194,-1.178
22960,293.212,293.115,60.2045,-1.178
22970,293.212,293.115,60.2045,-1.178
22980,293.212,293.115,60.2045,-1.178
22990,293.183,293.115,70.7039,-1.178
23000,293.183,293.115,52.8266,-1.178
23010,293.183,293.115,113.54,-1.178
23020,293.183,293.115,113.54,-1.178
23030,293.183,293.115,38.4051,-1.178
23040,293.183,293.115,72.3189,-1.178
23050,293.183,293.115,72.3189,-1.178
23060,293.183,293.115,117.099,-1.178
23070,293.183,293.115,19.9274,-1.178
23080,293.183,293.115,82.4582,-1.178
23090,293.183,293.115,82.4582,-1.178
23100,293.183,293.115,96.4668,-1.178
23110,293.183,293.115,96.0594,-1.178
23120,293.183,293.082,60.411,-1.178
23130,293.183,293.082,47.3477,-1.178
23140,293.183,293.082,58.2563,-1.178
23150,293.183,293.082,116.032,-1.178
23160,293.399,293.082,72.3804,-1.178
23170,293.399,293.082,37.3933,-1.178
23180,293.399,293.082,4.87299,-1.178
23190,293.399,293.082,73.398,-1.178
23200,293.399,293.082,10.5878,-1.178
23210,294.281,293.082,10.5878,-3.36303
23220,294.429,293.082,10.5878,-3.36303
23230,293.505,293.082,10.5878,-1.178
23240,293.554,292.709,65.4011,-3.36303
23250,293.182,292.709,65.4011,-3.36303
23260,293.182,292.975,45.0295,-1.178
23270,293.182,292.975,11.7585,-1.178
23280,293.182,292.975,54.1289,-1.178
23290,293.209,292.975,18.4083,-1.178
23300,293.209,292.975,29.2427,-1.178
23310,293.209,292.975,2.0515,-1.178
23320,293.209,292.975,102.038,-3.36303
23330,293.209,292.975,99.7351,-3.36303
23340,293.209,292.975,65.9704,-1.178
23350,293.209,292.975,89.0983,-1.178
23360,293.209,292.975,29.6588,-1.178
23370,294.252,293.931,23.0734,-1.178
23380,294.252,293.931,68.6398,-1.178
23390,294.252,293.931,53.2033,-1.178
23400,294.252,293.931,74.3894,-1.178
23410,294.252,293.931,37.7348,-1.178
23420,294.252,293.931,73.7334,-1.178
23430,294.252,293.931,73.7334,-1.178
23440,294.252,293.931,1.5348,-1.178
23450,294.252,293.931,72.5396,-1.178
23460,294.252,293.931,42.0454,-1.178
23470,294.252,293.931,14.6068,-1.178
23480,294.252,294.023,1.54289,-1.178
23490,294.252,293.96,24.165,-1.178
23500,294.497,293.96,17.69,-1.178
23510,294.401,293.96,12.4823,-1.178
23520,294.401,293.96,40.4211,-1.178
23530,294.36,293.96,59.7646,-1.178
23540,294.36,293.96,59.0224,-1.178
23550,294.36,293.96,25.4931,-1.178
23560,294.36,293.96,25.4931,-1.178
23570,294.36,293.96,49.857,-1.178
23580,294.36,293.96,49.857,-1.178
23590,294.36,293.96,47.4842,-1.178
23600,294.36,293.96,28.8813,-1.178
23610,294.36,293.96,99.7944,-3.36303
23620,294.36,293.96,96.5547,-3.36303
23630,294.36,293.96,101.612,-3.36303
23640,294.36,293.96,46.1394,-1.178
23650,294.36,293.96,52.2182,-1.178
23660,294.36,293.96,4.00881,-1.178
23670,294.575,293.96,11.396,-1.178
23680,294.167,293.96,80.2004,-1.178
23690,294.167,293.96,80.2004,-1.178
23700,294.167,293.96,43.5748,-1.178
23710,294.167,293.96,68.0258,-1.178
23720,294.167,293.96,8.58517,-1.178
23730,294.167,293.96,87.0473,-1.178
23740,294.167,293.96,35.8653,-1.178
23750,294.167,293.96,50.0785,-1.178
23760,294.937,293.96,42.5924,-3.36303
23770,294.937,293.96,33.0548,-3.36303
23780,294.937,293.96,33.0548,-3.36303
23790,294.937,293.96,16.7995,-3.36303
23800,294.937,294.237,65.5923,-3.36303
23810,294.567,294.266,39.535,-1.178
23820,294.567,294.266,69.6003,-1.178
23830,294.567,294.266,26.5633,-1.178
23840,294.567,294.266,63.0473,-1.178
23850,294.362,294.266,71.7902,-1.178
23860,294.362,294.266,99.4023,-1.178
23870,294.384,294.266,60.9996,-1.178
23880,294.384,294.231,60.9996,-1.178
23890,294.384,294.231,60.9996,-1.178
23900,294.384,294.231,85.8281,-1.178
23910,294.399,293.962,31.4678,-1.178
23920,294.029,293.962,62.922,-1.178
23930,294.029,293.962,98.1423,-1.178
23940,294.237,293.962,5.35687,-1.178
23950,294.237,293.962,79.7907,-1.178
23960,294.12,293.962,84.5392,-1.178
23970,294.12,293.962,74.6096,-1.178
23980,294.276,294.238,18.6873,-1.178
23990,294.276,294.238,78.0781,-1.178
24000,294.242,294.238,17.4163,-1.178
24010,294.242,294.238,9.96687,-1.178
24020,294.242,294.238,87.1621,-1.178
24030,294.242,294.238,36.3042,-1.178
24040,294.497,294.238,2.21505,-1.178
24050,294.497,294.238,73.5538,-1.178
24060,294.497,294.238,79.0953,-1.178
24070,294.79,294.238,79.0953,-3.36303
24080,294.79,291.9,66.2562,-7.49676
24090,293.236,291.9,63.128,-5.42989
24100,292.63,291.9,42.4288,-3.36303
24110,292.63,291.9,24.4922,-3.36303
24120,292.603,291.9,36.6814,-3.36303
24130,292.603,291.9,58.5845,-3.36303
24140,292.296,291.9,48.8532,-1.178
24150,292.296,291.9,20.5356,-1.178
24160,292.296,291.9,16.1296,-1.178
24170,291.942,291.9,16.1296,-1.178
24180,292.079,291.9,24.2246,-1.178
24190,292.079,291.9,55.6169,-1.178
24200,292.079,291.9,73.528,-1.178
24210,292.079,291.9,90.6971,-1.178
24220,292.079,291.9,109.143,-3.36303
24230,291.955,291.9,109.143,-1.178
24240,292.301,291.9,38.093,-1.178
24250,292.681,291.9,3.67293,-3.36303
24260,294.229,291.9,3.67293,-5.42989
24270,292.971,292.487,0.573299,-1.178
24280,294.224,292.487,0.573299,-5.42989
24290,294.031,292.55,39.8981,-5.42989
24300,294.031,292.55,3.2653,-3.36303
24310,294.031,292.55,3.2653,-3.36303
24320,294.031,291.785,103.034,-7.49676
24330,292.564,291.785,103.034,-7.49676
24340,292.063,291.781,147.11,-7.49676
24350,292.063,291.558,11.3047,-1.178
24360,292.063,291.558,11.3047,-1.178
24370,292.063,291.558,35.8999,-1.178
24380,292.063,291.558,13.5069,-1.178
24390,291.859,291.558,9.83256,-1.178
24400,291.818,291.558,9.83256,-1.178
24410,291.818,291.558,114.295,-3.36303
24420,291.818,291.558,41.2793,-1.178
24430,291.818,291.558,31.7512,-1.178
24440,291.818,291.558,3.30718,-1.178
24450,292.011,291.558,3.30718,-1.178
24460,292.011,291.558,30.5285,-1.178
24470,291.599,291.558,120.392,-1.178
24480,291.599,291.558,103.675,-1.178
24490,291.599,291.558,103.675,-1.178
24500,291.599,291.558,33.099,-1.178
24510,291.599,291.558,78.609,-1.178
24520,291.599,291.558,125.329,-1.178
24530,291.657,291.558,60.4067,-1.178
24540,291.657,291.558,51.0333,-1.178
24550,291.657,291.558,31.6001,-1.178
24560,291.657,291.558,93.7224,-1.178
24570,291.657,291.558,61.6833,-1.178
24580,291.657,291.558,105.193,-1.178
24590,291.792,291.558,89.1554,-1.178
24600,291.792,291.369,89.8482,-3.36303
24610,291.792,291.369,94.3276,-3.36303
24620,291.792,291.369,94.3276,-3.36303
24630,291.701,291.369,69.2756,-1.178
24640,291.701,291.369,38.0708,-1.178
24650,291.633,291.369,16.7024,-1.178
24660,291.633,291.369,62.8756,-1.178
24670,291.633,291.369,85.2798,-1.178
24680,291.633,291.369,85.2798,-1.178
24690,291.633,291.369,36.9478,-1.178
24700,291.633,291.369,52.799,-1.178
24710,291.446,291.369,10.4657,-1.178
24720,291.446,291.373,32.855,-1.178
24730,291.631,291.373,32.855,-1.178
24740,291.631,291.373,13.7537,-1.178
24750,291.631,291.373,58.5106,-1.178
24760,291.631,291.373,60.8117,-1.178
24770,291.376,291.373,123.7,-1.178
24780,291.376,291.373,119.62,-1.178
24790,291.376,291.373,103.495,-1.178
24800,291.628,291.373,50.9284,-1.178
24810,291.684,291.373,74.5139,-1.178
24820,291.486,291.373,104.566,-1.178
24830,291.486,291.373,104.566,-1.178
24840,291.381,291.373,101.232,-1.178
24850,291.381,291.373,25.0166,-1.178
24860,291.381,291.373,25.0166,-1.178
24870,291.853,291.373,19.328,-1.178
24880,291.565,291.373,13.1561,-1.178
24890,291.565,291.373,16.4194,-1.178
24900,291.565,291.373,28.98,-1.178
24910,291.619,291.373,15.1485,-1.178
24920,291.619,291.373,19.4243,-1.178
24930,291.606,291.373,82.7971,-1.178
24940,291.606,291.373,31.298,-1.178
24950,291.606,291.373,100.767,-3.36303
24960,291.797,291.373,26.0987,-1.178
24970,291.797,291.373,9.28268,-1.178
24980,291.797,291.373,44.0411,-1.178
24990,291.797,291.373,46.5267,-1.178
25000,291.797,291.373,3.89447,-1.178
25010,291.797,291.373,22.8528,-1.178
25020,292.575,291.559,38.3105,-3.36303
25030,291.842,291.559,81.9558,-1.178
25040,291.612,291.559,14.5452,-1.178
25050,291.612,291.559,52.8606,-1.178
25060,291.612,291.559,45.4417,-1.178
25070,291.612,291.559,45.4417,-1.178
25080,291.612,291.559,44.944,-1.178
25090,291.612,291.559,84.8482,-1.178
25100,291.612,291.191,30.6466,-1.178
25110,291.589,291.191,7.0504,-1.178
25120,291.589,291.191,7.0504,-1.178
25130,291.589,291.191,47.6385,-1.178
25140,291.589,291.191,18.6383,-1.178
25150,291.589,291.191,18.6383,-1.178
25160,291.589,291.191,34.7289,-1.178
25170,291.589,291.191,23.244,-1.178
25180,291.188,291.151,23.244,-1.178
25190,291.188,291.151,92.1697,-1.178
25200,291.251,291.151,35.5692,-1.178
25210,291.277,291.151,94.2747,-1.178
25220,291.277,291.151,91.6392,-1.178
25230,291.277,291.151,91.5505,-1.178
25240,291.277,291.151,71.8806,-1.178
25250,291.277,291.151,33.8933,-1.178
25260,291.277,291.151,92.2499,-1.178
25270,291.277,291.151,2.92369,-1.178
25280,291.277,291.151,74.1729,-1.178
25290,291.277,291.151,82.5493,-1.178
25300,291.277,291.151,82.5493,-1.178
25310,291.277,291.151,82.5493,-1.178
25320,291.277,291.151,60.8073,-1.178
25330,291.277,291.151,16.5948,-1.178
25340,291.16,291.151,109.084,-1.178
25350,291.16,291.151,13.3231,-1.178
25360,291.16,291.151,88.6187,-1.178
25370,291.16,291.151,92.224,-1.178
25380,291.16,291.151,60.231,-1.178
25390,291.16,291.151,78.4188,-1.178
25400,291.16,291.151,90.9301,-1.178
25410,291.16,291.151,90.9301,-1.178
25420,291.16,291.151,90.9301,-1.178
25430,291.217,291.151,91.1596,-1.178
25440,291.217,291.151,110.001,-1.178
25450,291.217,291.151,19.4022,-1.178
25460,291.377,291.151,58.8062,-1.178
25470,291.377,291.151,39.4592,-1.178
25480,291.377,291.377,39.4592,-1.178
25490,291.377,291.377,103.375,-1.178
25500,291.377,291.377,132.9,-1.178
25510,291.377,291.377,55.5711,-1.178
25520,291.377,291.377,18.2577,-1.178
25530,291.377,291.377,50.0915,-1.178
25540,291.377,291.377,78.1117,-1.178
25550,291.377,291.377,2.18161,-1.178
25560,291.828,291.377,21.5821,-1.178
25570,291.828,291.377,45.1659,-1.178
25580,291.828,291.377,45.1659,-1.178
25590,291.828,291.377,45.6514,-1.178
25600,291.828,291.377,20.8388,-1.178
25610,291.828,291.377,35.76,-1.178
25620,291.828,291.377,24.6932,-1.178
25630,291.828,291.377,43.4705,-1.178
25640,291.952,291.377,12.0391,-1.178
25650,291.556,291.377,39.327,-1.178
25660,291.556,291.377,40.0647,-1.178
25670,291.556,291.377,14.9361,-1.178
25680,291.556,291.377,9.26056,-1.178
25690,291.556,291.377,82.8782,-1.178
25700,291.556,291.377,46.6593,-1.178
25710,291.556,291.377,76.7027,-1.178
25720,291.506,291.377,94.626,-1.178
25730,291.506,291.377,28.8544,-1.178
25740,291.506,290.807,21.4035,-3.36303
25750,291.506,290.807,16.5592,-3.36303
25760,291.506,290.807,31.3556,-3.36303
25770,290.973,290.807,53.7362,-1.178
25780,290.973,290.807,32.7632,-1.178
25790,291.024,290.807,14.5519,-1.178
25800,290.926,290.807,46.2938,-1.178
25810,290.926,290.807,70.6662,-1.178
25820,290.894,290.807,28.6401,-1.178
25830,290.894,290.716,28.6401,-1.178
25840,290.894,290.716,33.6131,-1.178
25850,290.894,290.716,93.1551,-1.178
25860,290.894,290.716,79.1093,-1.178
25870,290.894,290.716,68.8027,-1.178
25880,290.886,290.716,8.19267,-1.178
25890,290.886,290.716,72.7401,-1.178
25900,290.886,290.716,88.7669,-1.178
25910,290.886,290.716,94.0252,-1.178
25920,290.886,290.716,46.541,-1.178
25930,290.886,290.716,100.197,-1.178
25940,290.886,290.716,101.405,-1.178
25950,290.886,290.716,101.405,-1.178
25960,290.886,290.716,101.405,-1.178
25970,290.886,290.716,101.405,-1.178
25980,290.886,290.716,56.5972,-1.178
25990,290.987,290.716,43.5164,-1.178
26000,290.987,290.716,46.8777,-1.178
26010,291.71,290.716,35.9073,-3.36303
26020,291.721,290.716,21.4987,-3.36303
26030,291.721,290.716,2.16339,-3.36303
26040,291.31,290.716,50.3442,-3.36303
26050,291.31,290.716,81.4773,-3.36303
26060,290.856,290.716,81.4773,-1.178
26070,290.856,290.716,81.4773,-1.178
26080,290.897,290.716,24.8218,-1.178
26090,290.897,290.716,87.2668,-1.178
26100,290.897,290.716,8.33381,-1.178
26110,290.897,290.716,8.33381,-1.178
26120,290.897,290.716,53.1986,-1.178
26130,290.736,290.716,53.1986,-1.178
26140,290.903,290.716,94.4442,-1.178
26150,290.903,290.716,94.4442,-1.178
26160,290.983,290.716,38.4575,-1.178
26170,290.983,290.716,38.4575,-1.178
26180,290.983,290.716,66.6166,-1.178
26190,291.449,290.716,5.63382,-3.36303
26200,291.449,290.716,70.4171,-3.36303
26210,291.449,290.27,12.6461,-3.36303
26220,290.534,290.27,3.67564,-1.178
26230,290.534,290.27,54.2933,-1.178
26240,290.534,290.27,19.0374,-1.178
26250,290.534,290.27,72.7547,-1.178
26260,290.534,290.27,72.7547,-1.178
26270,290.534,290.27,42.658,-1.178
26280,290.534,290.27,33.0321,-1.178
26290,290.534,290.27,19.7844,-1.178
26300,290.534,290.27,4.69196,-1.178
26310,290.534,290.27,43.7308,-1.178
26320,290.334,290.27,93.5605,-1.178
26330,290.334,290.27,56.2736,-1.178
26340,290.334,290.27,30.4452,-1.178
26350,290.334,290.27,120.884,-1.178
26360,290.334,290.27,51.421,-1.178
26370,290.334,290.27,107.24,-1.178
26380,290.334,290.27,107.24,-1.178
26390,290.334,290.27,107.24,-1.178
26400,290.334,290.27,86.2955,-1.178
26410,290.334,290.27,22.7674,-1.178
26420,290.334,290.27,53.2656,-1.178
26430,290.785,290.27,2.62788,-1.178
26440,290.785,290.27,17.9695,-1.178
26450,290.785,290.27,63.3428,-3.36303
26460,290.785,290.27,79.7076,-3.36303
26470,290.785,290.27,11.7158,-1.178
26480,290.698,290.27,47.0068,-1.178
26490,290.698,290.27,44.5988,-1.178
26500,290.698,290.27,38.4255,-1.178
26510,290.698,290.27,38.4255,-1.178
26520,290.719,290.27,45.0178,-1.178
26530,290.719,290.27,44.3158,-1.178
26540,290.719,290.27,45.7868,-1.178
26550,290.719,290.27,36.6165,-1.178
26560,290.719,290.27,39.3037,-1.178
26570,290.719,290.27,23.513,-1.178
26580,290.719,290.27,59.9115,-3.36303
26590,290.719,290.27,19.2157,-1.178
26600,290.719,290.27,19.2157,-1.178
26610,290.822,290.27,11.2006,-1.178
26620,290.905,290.27,11.2006,-1.178
26630,290.905,290.27,8.05,-1.178
26640,290.643,290.27,8.05,-1.178
26650,290.498,290.27,40.361,-1.178
26660,290.498,290.27,85.6952,-1.178
26670,290.498,290.27,105.316,-3.36303
26680,290.498,290.27,105.153,-3.36303
26690,290.498,290.27,86.627,-1.178
26700,290.498,290.27,107.853,-3.36303
26710,290.498,290.27,61.1776,-1.178
26720,290.498,290.27,38.2956,-1.178
26730,290.498,290.27,42.6449,-1.178
26740,290.64,290.32,37.3999,-1.178
26750,290.64,290.32,37.3999,-1.178
26760,290.64,290.602,33.8084,-1.178
26770,290.64,290.602,61.2358,-1.178
26780,290.64,290.602,72.0192,-1.178
26790,290.64,290.602,42.3069,-1.178
26800,290.64,290.602,13.3415,-1.178
26810,290.671,290.602,108.79,-1.178
26820,290.671,290.602,47.7782,-1.178
26830,290.671,290.602,93.3321,-1.178
26840,290.671,290.602,64.5933,-1.178
26850,290.671,290.602,53.4453,-1.178
26860,290.671,290.602,41.6545,-1.178
26870,290.671,290.602,41.1807,-1.178
26880,290.671,290.602,22.0802,-1.178
26890,290.671,290.058,17.0861,-1.178
26900,290.671,290.058,15.631,-1.178
26910,290.671,290.058,15.631,-1.178
26920,291.629,290.058,15.631,-5.42989
26930,290.45,290.316,15.631,-1.178
26940,290.45,290.316,51.4534,-1.178
26950,290.45,290.316,68.2214,-1.178
26960,290.45,290.316,90.8708,-1.178
26970,290.45,290.316,27.4097,-1.178
26980,290.45,290.342,119.279,-3.36303
26990,290.442,290.342,107.184,-1.178
27000,290.442,290.342,51.1996,-1.178
27010,290.442,290.342,82.9598,-1.178
27020,290.424,290.342,7.55876,-1.178
27030,290.424,290.342,88.9775,-1.178
27040,290.617,290.342,66.2485,-1.178
27050,290.617,290.342,9.8735,-1.178
27060,290.537,290.342,91.8804,-1.178
27070,290.537,290.342,80.991,-1.178
27080,290.537,290.342,80.991,-1.178
27090,290.537,290.342,80.991,-1.178
27100,290.537,290.342,10.0571,-1.178
27110,290.537,290.342,32.623,-1.178
27120,290.537,290.342,54.8337,-1.178
27130,290.537,290.342,14.4232,-1.178
27140,290.537,290.342,63.4625,-1.178
27150,290.537,290.342,46.8941,-1.178
27160,290.537,290.342,22.6931,-1.178
27170,290.537,290.342,56.5989,-1.178
27180,290.537,290.342,85.0342,-1.178
27190,290.537,290.342,3.22633,-1.178
27200,290.537,290.342,93.135,-1.178
27210,290.537,290.342,93.135,-1.178
27220,290.537,290.342,77.0589,-1.178
27230,290.537,290.511,99.5846,-1.178
27240,290.537,290.511,34.6127,-1.178
27250,290.537,290.511,104.482,-1.178
27260,290.851,290.511,46.4536,-1.178
27270,290.941,290.511,29.2699,-1.178
27280,290.941,290.511,6.84302,-1.178
27290,290.941,290.511,36.9917,-1.178
27300,290.941,290.511,52.5674,-1.178
27310,290.941,290.511,92.4246,-3.36303
27320,290.941,290.511,92.4246,-3.36303
27330,290.941,290.511,8.43946,-1.178
27340,290.941,290.511,37.0456,-1.178
27350,290.58,290.069,24.6777,-1.178
27360,290.58,290.069,24.6777,-1.178
27370,290.202,290.069,13.3247,-1.178
27380,290.202,290.069,86.4372,-1.178
27390,290.202,290.069,33.5023,-1.178
27400,290.202,290.069,109.196,-1.178
27410,290.202,290.069,81.8449,-1.178
27420,290.202,290.069,30.6693,-1.178
27430,290.202,290.069,96.3404,-1.178
27440,290.202,290.069,100.033,-1.178
27450,290.202,290.069,38.5916,-1.178
27460,290.202,290.069,38.5916,-1.178
27470,290.202,290.069,109.965,-1.178
27480,290.161,290.069,40.29,-1.178
27490,290.161,290.069,104.337,-1.178
27500,290.161,290.069,22.1841,-1.178
27510,290.161,290.069,22.9289,-1.178
27520,290.12,290.069,41.7509,-1.178
27530,290.832,290.069,49.3876,-3.36303
27540,290.832,290.679,17.4919,-1.178
27550,291.002,290.679,12.2128,-1.178
27560,291.002,290.679,65.4685,-1.178
27570,291.002,290.679,69.2821,-1.178
27580,290.948,290.679,51.8798,-1.178
27590,290.948,290.679,51.8798,-1.178
27600,290.853,290.679,26.2346,-1.178
27610,291.121,290.679,23.6469,-1.178
27620,291.121,290.679,27.149,-1.178
27630,291.121,290.679,27.5491,-1.178
27640,291.121,290.679,27.5491,-1.178
27650,291.121,290.679,26.4882,-1.178
27660,291.308,290.679,12.2474,-1.178
27670,291.308,290.679,69.3321,-3.36303
27680,291.308,290.679,26.2973,-3.36303
27690,291.308,290.672,8.62321,-1.178
27700,291.308,290.672,8.62321,-1.178
27710,290.777,290.672,116.359,-1.178
27720,290.777,290.672,116.359,-1.178
27730,290.777,290.672,63.9427,-1.178
27740,290.777,290.672,81.6633,-1.178
27750,290.714,290.672,92.0406,-1.178
27760,291.271,290.672,81.1073,-3.36303
27770,291.094,290.672,81.1073,-3.36303
27780,291.201,290.672,81.1073,-3.36303
27790,291.201,290.672,6.02768,-1.178
27800,291.201,291.092,56.0829,-1.178
27810,291.228,291.092,33.4001,-1.178
27820,291.228,291.092,19.1762,-1.178
27830,291.39,291.092,47.9392,-1.178
27840,291.39,291.092,47.9392,-1.178
27850,291.66,291.092,26.399,-1.178
27860,291.348,291.092,102.577,-3.36303
27870,291.348,291.092,100.917,-3.36303
27880,291.348,291.092,66.7103,-1.178
27890,291.725,291.092,123.162,-7.49676
27900,291.442,291.092,86.405,-3.36303
27910,291.345,291.092,22.7328,-1.178
27920,291.345,291.092,22.7328,-1.178
27930,291.345,291.092,11.3063,-1.178
27940,291.345,291.092,47.4913,-1.178
27950,291.468,291.092,40.5534,-1.178
27960,291.385,291.092,72.892,-1.178
27970,291.385,291.092,42.2573,-1.178
27980,291.385,291.092,42.2573,-1.178
27990,291.385,291.092,57.2629,-1.178
28000,291.385,291.092,57.2629,-1.178
28010,291.385,291.088,62.2663,-1.178
28020,291.208,291.088,62.2663,-1.178
28030,291.109,291.088,96.7575,-1.178
28040,291.178,290.982,82.3158,-1.178
28050,291.178,290.982,37.9439,-1.178
28060,291.178,290.982,42.12,-1.178
28070,291.204,290.982,26.2551,-1.178
28080,291.204,290.982,26.2551,-1.178
28090,291.488,290.982,12.9867,-1.178
28100,291.488,290.982,12.9867,-1.178
28110,291.343,290.982,7.67708,-1.178
28120,291.343,290.982,44.4149,-1.178
28130,291.343,290.982,29.314,-1.178
28140,291.343,290.982,63.4238,-1.178
28150,291.343,290.982,25.5672,-1.178
28160,291.343,290.982,35.8357,-1.178
28170,291.343,290.982,33.7025,-1.178
28180,291.343,290.982,51.6601,-1.178
28190,291.343,290.982,47.7462,-1.178
28200,291.343,290.982,30.5714,-1.178
28210,291.169,290.982,26.6462,-1.178
28220,291.169,290.982,98.5993,-1.178
28230,291.169,290.982,106.486,-3.36303
28240,291.169,290.982,106.486,-3.36303
28250,291.169,290.982,75.0668,-1.178
28260,291.277,290.982,21.3858,-1.178
28270,291.277,290.982,26.5481,-1.178
28280,291.059,290.982,32.6469,-1.178
28290,291.079,290.982,75.4007,-1.178
28300,291.079,290.982,92.1751,-1.178
28310,291.079,290.982,47.0339,-1.178
28320,291.079,290.982,74.5843,-1.178
28330,291.079,290.982,113.597,-1.178
28340,291.079,290.982,68.3027,-1.178
28350,291.127,290.982,17.0615,-1.178
28360,291.106,290.982,6.931,-1.178
28370,291.106,290.982,21.3812,-1.178
28380,291.524,290.982,3.29809,-1.178
28390,291.129,290.982,3.29809,-1.178
28400,291.064,290.982,62.1814,-1.178
28410,291.064,290.982,84.0485,-1.178
28420,291.064,290.982,1.94894,-1.178
28430,291.064,290.982,21.1289,-1.178
28440,292.408,290.982,60.7292,-5.42989
28450,292.187,290.982,35.7777,-5.42989
28460,291.631,291.359,41.1818,-1.178
28470,291.636,291.359,57.6867,-1.178
28480,292.853,291.359,48.5987,-5.42989
28490,292.597,291.359,27.7883,-3.36303
28500,291.481,291.359,14.5287,-1.178
28510,291.481,291.359,58.4084,-1.178
28520,291.404,291.359,25.2472,-1.178
28530,291.362,291.359,51.1737,-1.178
28540,291.362,291.359,27.5731,-1.178
28550,291.362,291.359,9.24866,-1.178
28560,291.362,291.359,99.0322,-1.178
28570,291.362,291.359,86.3339,-1.178
28580,291.362,291.267,86.3339,-1.178
28590,291.362,291.267,86.3339,-1.178
28600,291.362,291.267,9.60896,-1.178
28610,291.362,291.267,36.4948,-1.178
28620,291.788,291.267,9.55503,-1.178
28630,291.788,291.267,11.7521,-1.178
28640,291.788,291.267,11.7521,-1.178
28650,291.788,291.699,66.1758,-1.178
28660,291.788,291.699,6.24845,-1.178
28670,291.788,289.91,44.8431,-5.42989
28680,291.788,291.338,112.521,-5.42989
28690,291.788,291.338,4.44983,-1.178
28700,291.788,291.338,33.3709,-1.178
28710,291.788,291.338,22.9439,-1.178
28720,291.788,291.338,22.9439,-1.178
28730,291.788,291.338,22.9439,-1.178
28740,291.788,291.338,23.8694,-1.178
28750,291.788,291.338,23.8694,-1.178
28760,291.788,291.338,16.0259,-1.178
28770,291.788,291.338,16.0259,-1.178
28780,291.788,291.338,16.0259,-1.178
28790,291.552,291.338,75.7649,-1.178
28800,291.552,291.338,38.1971,-1.178
28810,291.552,291.338,45.0328,-1.178
28820,291.552,291.338,34.7921,-1.178
28830,291.552,291.338,84.2667,-1.178
28840,291.552,291.338,43.4235,-1.178
28850,291.77,291.338,43.4235,-1.178
28860,291.557,291.338,51.671,-1.178
28870,291.557,291.338,55.2338,-1.178
28880,291.557,291.338,48.6459,-1.178
28890,291.557,291.338,52.8384,-1.178
28900,291.557,291.338,77.4801,-1.178
28910,291.557,291.338,16.532,-1.178
28920,291.533,290.601,45.3145,-3.36303
28930,291.533,291.396,25.0948,-1.178
28940,291.533,291.396,44.3186,-1.178
28950,291.533,291.396,26.1219,-1.178
28960,291.533,291.396,25.2766,-1.178
28970,291.533,291.396,44.5773,-1.178
28980,291.533,291.396,19.9998,-1.178
28990,291.533,291.396,42.5225,-1.178
29000,291.533,291.396,89.8532,-1.178
29010,291.533,291.396,4.85199,-1.178
29020,291.533,291.396,25.9559,-1.178
29030,291.533,291.396,41.3554,-1.178
29040,292.211,291.396,35.1355,-3.36303
29050,292.442,291.396,35.1355,-3.36303
29060,291.812,291.396,16.8149,-1.178
29070,292.294,291.768,16.8149,-1.178
29080,292.294,291.768,14.0071,-1.178
29090,292.294,291.768,26.0628,-1.178
29100,292.256,291.768,26.0628,-1.178
29110,292.256,291.768,25.3024,-1.178
29120,292.256,291.746,6.89172,-1.178
29130,292.256,291.893,28.9397,-1.178
29140,292.256,291.893,59.1007,-1.178
29150,291.995,291.893,45.6089,-1.178
29160,291.995,291.893,114.147,-1.178
29170,291.995,291.893,109.097,-1.178
29180,291.995,291.893,100.755,-1.178
29190,291.995,291.893,8.49144,-1.178
29200,291.995,291.893,10.7369,-1.178
29210,292.531,291.893,1.69793,-1.178
29220,292.258,291.893,22.9404,-1.178
29230,292.397,291.893,22.9404,-1.178
29240,292.397,291.893,91.6093,-3.36303
29250,292.397,291.893,85.2567,-3.36303
29260,292.397,291.893,7.3996,-1.178
29270,292.111,292.107,39.5122,-1.178
29280,292.111,292.107,63.7977,-1.178
29290,292.111,292.107,49.7388,-1.178
29300,292.111,292.107,105.871,-1.178
29310,292.111,292.107,105.755,-1.178
29320,292.111,292.107,105.755,-1.178
29330,292.111,292.107,18.5292,-1.178
29340,292.111,292.107,34.5142,-1.178
29350,292.621,292.107,13.7651,-1.178
29360,292.621,292.107,11.0257,-1.178
29370,292.621,292.107,21.346,-1.178
29380,292.621,292.107,18.4316,-1.178
29390,292.621,292.131,24.9842,-1.178
29400,292.621,292.131,24.9842,-1.178
29410,292.132,292.131,108.565,-1.178
29420,292.538,292.131,48.0301,-1.178
29430,292.538,292.131,48.0301,-1.178
29440,292.538,292.131,19.182,-1.178
29450,292.538,292.131,49.5289,-1.178
29460,292.538,292.131,41.0349,-1.178
29470,292.18,292.131,21.4095,-1.178
29480,292.18,292.131,51.7611,-1.178
29490,292.18,291.677,25.5316,-1.178
29500,291.804,291.677,38.9623,-1.178
29510,292.292,291.677,9.47553,-1.178
29520,292.298,291.677,16.8629,-1.178
29530,292.298,291.677,4.99088,-1.178
29540,292.032,291.677,63.7903,-1.178
29550,291.953,291.677,40.1547,-1.178
29560,291.822,291.677,76.0588,-1.178
29570,291.704,291.677,77.3096,-1.178
29580,291.704,291.613,50.8309,-1.178
29590,291.704,291.613,92.2683,-1.178
29600,291.704,291.613,92.2683,-1.178
29610,291.704,291.613,79.7356,-1.178
29620,291.704,291.613,82.7772,-1.178
29630,291.704,291.43,51.533,-1.178
29640,291.704,291.43,28.5436,-1.178
29650,291.45,291.077,19.2205,-1.178
29660,291.45,291.077,19.2205,-1.178
29670,291.864,291.381,19.2205,-1.178
29680,291.706,291.381,64.7785,-1.178
29690,291.706,291.381,64.7785,-1.178
29700,291.706,291.381,46.7421,-1.178
29710,292.255,291.647,12.745,-1.178
29720,292.255,291.647,15.1043,-1.178
29730,292.121,291.647,27.2234,-1.178
29740,291.869,291.647,27.2234,-1.178
29750,291.997,291.647,27.2234,-1.178
29760,291.997,291.647,51.2438,-1.178
29770,291.997,291.647,51.2438,-1.178
29780,291.997,291.647,51.2438,-1.178
29790,291.997,291.876,3.92446,-1.178
29800,291.997,291.876,112.021,-1.178
29810,291.997,291.876,81.5994,-1.178
29820,291.997,291.489,11.6238,-1.178
29830,291.997,291.489,11.6238,-1.178
29840,292.817,291.489,10.7002,-3.36303
29850,292.747,291.489,10.7002,-3.36303
29860,292.198,291.297,10.7002,-3.36303
29870,292.198,291.297,10.7002,-3.36303
29880,291.811,291.297,16.906,-1.178
29890,291.811,291.297,5.07368,-1.178
29900,291.811,291.297,5.07368,-1.178
29910,291.811,291.297,9.56657,-1.178
29920,291.811,291.297,9.56657,-1.178
29930,291.85,291.297,9.56657,-1.178
29940,291.85,291.297,23.2755,-1.178
29950,291.85,291.297,2.78352,-1.178
29960,291.759,291.097,2.78352,-1.178
29970,291.759,291.097,2.78352,-1.178
29980,291.759,291.526,76.4694,-1.178
29990,291.759,291.526,88.6288,-1.178
30000,291.759,291.526,27.2703,-1.178
30010,291.759,291.526,26.8846,-1.178
30020,291.759,291.526,54.8384,-1.178
30030,291.759,291.526,61.1356,-1.178
30040,291.759,291.526,13.4609,-1.178
30050,291.683,291.526,13.4609,-1.178
30060,291.683,291.526,70.3564,-1.178
30070,291.683,291.526,52.2025,-1.178
30080,291.683,291.526,87.8264,-1.178
30090,291.683,291.526,77.9613,-1.178
30100,291.683,291.526,105.595,-1.178
30110,291.683,291.526,105.595,-1.178
30120,291.683,291.526,80.8138,-1.178
30130,291.683,291.526,49.1504,-1.178
30140,291.683,291.526,49.1504,-1.178
30150,291.817,291.788,59.3439,-1.178
30160,291.968,291.788,47.5582,-1.178
30170,291.968,291.788,41.8957,-1.178
30180,291.968,291.759,58.4125,-1.178
30190,291.968,291.759,28.1231,-1.178
30200,291.968,291.759,36.8993,-1.178
30210,291.968,291.759,92.9177,-1.178
30220,291.968,291.759,58.7114,-1.178
30230,291.968,291.759,67.678,-1.178
30240,291.968,291.759,61.0484,-1.178
30250,291.968,291.759,61.0484,-1.178
30260,291.973,291.759,87.7819,-1.178
30270,291.973,291.759,87.1819,-1.178
30280,291.973,291.759,87.1819,-1.178
30290,291.973,291.759,12.3903,-1.178
30300,291.973,291.759,66.7169,-1.178
30310,291.973,291.759,22.6022,-1.178
30320,291.973,291.759,91.1644,-1.178
30330,291.973,291.759,12.3438,-1.178
30340,291.973,291.759,77.8321,-1.178
30350,291.973,291.759,92.6027,-1.178
30360,292.027,291.759,4.40443,-1.178
30370,292.027,291.759,55.0191,-1.178
30380,292.027,291.759,30.8717,-1.178
30390,292.027,291.316,73.9219,-3.36303
30400,292.027,291.325,73.9219,-3.36303
30410,291.509,291.325,1.7241,-1.178
30420,291.851,291.325,64.8052,-3.36303
30430,293.894,291.325,80.8162,-7.49676
30440,293.894,291.325,12.005,-5.42989
30450,291.383,291.325,56.2331,-1.178
30460,291.383,291.325,57.5157,-1.178
30470,291.383,291.325,23.5748,-1.178
30480,291.383,291.325,75.8459,-1.178
30490,291.383,291.325,26.7376,-1.178
30500,291.383,291.325,32.6892,-1.178
30510,291.383,291.325,57.6925,-1.178
30520,291.383,291.325,29.9934,-1.178
30530,291.767,291.325,3.26462,-1.178
30540,291.767,291.325,43.2581,-1.178
30550,291.767,291.325,43.2581,-1.178
30560,291.767,291.325,43.2581,-1.178
30570,291.767,291.52,64.07,-1.178
30580,291.866,291.52,63.9908,-1.178
30590,291.866,291.817,53.7465,-1.178
30600,291.866,291.711,103,-1.178
30610,291.866,291.711,105.442,-1.178
30620,291.866,291.711,105.442,-1.178
30630,291.866,291.711,75.8951,-1.178
30640,291.866,291.711,85.5669,-1.178
30650,291.866,291.711,98.6672,-1.178
30660,291.866,291.711,67.4415,-1.178
30670,291.866,291.711,66.4202,-1.178
30680,291.866,291.711,1.92092,-1.178
30690,291.866,291.711,105.069,-1.178
30700,291.866,291.711,30.1946,-1.178
30710,291.866,291.711,56.2754,-1.178
30720,292.33,291.711,99.9964,-5.42989
30730,292.33,291.711,6.54182,-1.178
30740,292.33,291.711,6.54182,-1.178
30750,292.33,291.711,6.54182,-1.178
30760,292.33,291.711,6.54182,-1.178
30770,292.33,291.711,3.54273,-1.178
30780,291.99,291.711,48.2473,-1.178
30790,291.99,291.711,112.939,-3.36303
30800,291.99,291.711,112.939,-3.36303
30810,291.99,291.711,8.03792,-1.178
30820,291.99,291.711,7.65741,-1.178
30830,291.99,291.711,40.4051,-1.178
30840,291.84,291.711,34.3486,-1.178
30850,291.84,291.711,48.0495,-1.178
30860,291.84,291.711,68.1802,-1.178
30870,291.99,291.691,68.1802,-1.178
30880,291.99,291.691,56.9667,-1.178
30890,291.99,291.691,62.9892,-1.178
30900,291.99,291.758,62.9892,-1.178
30910,291.99,291.758,25.795,-1.178
30920,291.99,291.641,36.286,-1.178
30930,291.99,291.782,72.5546,-1.178
30940,291.99,291.782,51.2862,-1.178
30950,291.99,291.711,41.0136,-1.178
30960,291.99,291.65,27.5098,-1.178
30970,291.99,291.65,49.3807,-1.178
30980,291.99,291.708,49.3807,-1.178
30990,291.99,291.708,66.2912,-1.178
31000,291.809,291.708,66.2912,-1.178
31010,291.804,291.759,39.8377,-1.178
31020,291.804,291.759,93.9934,-1.178
31030,291.804,291.759,49.466,-1.178
31040,291.804,291.759,93.4882,-1.178
31050,291.804,291.759,125.263,-1.178
31060,292.146,291.759,36.1743,-1.178
31070,292.146,291.507,4.11853,-1.178
31080,292.146,291.507,8.47833,-1.178
31090,292.615,291.507,28.657,-3.36303
31100,292.045,291.507,71.4594,-3.36303
31110,292.045,291.507,43.0914,-3.36303
31120,291.894,291.507,43.0914,-1.178
31130,291.894,291.507,53.2729,-1.178
31140,291.894,291.507,102.283,-3.36303
31150,291.894,291.507,14.6022,-1.178
31160,291.894,291.237,1.29444,-1.178
31170,291.894,291.237,1.29444,-1.178
31180,291.773,291.237,5.79555,-1.178
31190,291.773,290.721,25.9397,-3.36303
31200,291.773,291.482,36.1673,-1.178
31210,291.773,291.482,66.9052,-1.178
31220,291.773,291.482,66.9052,-1.178
31230,291.773,291.482,77.1932,-1.178
31240,291.773,291.482,77.1932,-1.178
31250,291.777,291.482,45.1195,-1.178
31260,291.777,291.76,117.708,-1.178
31270,291.796,291.76,114.881,-1.178
31280,291.796,291.582,49.4525,-1.178
31290,291.796,291.582,83.5415,-1.178
31300,291.796,291.582,70.5359,-1.178
31310,291.796,291.582,5.35781,-1.178
31320,291.796,291.582,60.1606,-1.178
31330,291.796,291.561,56.5872,-1.178
31340,291.796,291.561,49.5417,-1.178
31350,291.796,291.561,81.1532,-1.178
31360,291.996,291.561,1.85188,-1.178
31370,291.996,291.747,82.0066,-1.178
31380,291.776,291.747,70.3497,-1.178
31390,291.964,291.747,65.3792,-1.178
31400,291.964,291.747,51.6271,-1.178
31410,291.964,291.747,81.6076,-1.178
31420,291.964,291.747,22.9742,-1.178
31430,291.964,291.624,71.9281,-1.178
31440,291.964,291.624,71.9281,-1.178
31450,291.964,291.624,14.4048,-1.178
31460,291.964,291.667,14.4597,-1.178
31470,291.964,291.667,69.1654,-1.178
31480,291.964,291.667,57.0158,-1.178
31490,291.964,291.667,10.7372,-1.178
31500,291.964,291.667,30.3386,-1.178
31510,291.964,291.667,0.939683,-1.178
31520,291.964,291.667,77.871,-1.178
31530,291.964,291.667,15.5609,-1.178
31540,292.019,291.667,47.1963,-1.178
31550,291.872,291.667,31.8098,-1.178
31560,291.872,291.72,100.544,-1.178
31570,291.872,291.72,58.353,-1.178
31580,291.872,291.72,89.6747,-1.178
31590,291.872,291.72,94.5376,-1.178
31600,291.872,291.72,63.564,-1.178
31610,291.872,291.72,76.7338,-1.178
31620,291.872,291.589,29.4037,-1.178
31630,291.872,291.589,20.9626,-1.178
31640,291.872,291.589,23.9518,-1.178
31650,291.872,291.589,46.9344,-1.178
31660,291.872,291.589,46.9344,-1.178
31670,291.872,291.589,46.9344,-1.178
31680,291.872,291.589,15.3768,-1.178
31690,292.08,291.589,36.0796,-1.178
31700,292.08,291.589,10.4966,-1.178
31710,291.871,291.589,91.8284,-3.36303
31720,293.243,291.589,98.4934,-7.49676
31730,294.293,291.589,83.8281,-7.49676
31740,292.702,291.667,83.8281,-5.42989
31750,292.687,291.667,27.5511,-3.36303
31760,292.586,291.667,1.47644,-3.36303
31770,291.785,291.667,1.51611,-1.178
31780,291.785,291.667,73.2912,-1.178
31790,291.798,291.667,104.046,-1.178
31800,291.798,291.667,3.05371,-1.178
31810,291.798,291.666,39.954,-1.178
31820,291.798,291.666,98.6736,-1.178
31830,291.921,291.666,75.4822,-1.178
31840,291.921,291.666,58.4242,-1.178
31850,291.921,291.666,57.2319,-1.178
31860,291.921,291.666,78.0502,-1.178
31870,291.921,291.666,71.9373,-1.178
31880,291.843,291.666,50.5584,-1.178
31890,291.843,291.666,22.6133,-1.178
31900,291.843,291.666,65.5189,-1.178
31910,291.791,291.666,57.5092,-1.178
31920,292.295,291.727,12.3278,-1.178
31930,291.858,291.584,65.1657,-1.178
31940,291.641,291.584,11.1908,-1.178
31950,291.641,291.584,46.2482,-1.178
31960,291.641,291.584,61.0107,-1.178
31970,291.641,291.584,124.749,-1.178
31980,291.641,291.584,85.4791,-1.178
31990,291.641,291.584,8.59694,-1.178
32000,291.641,291.584,100.42,-1.178
32010,291.641,291.584,13.0902,-1.178
32020,291.641,291.584,125.113,-1.178
32030,291.641,291.584,111.495,-1.178
32040,291.641,291.584,111.495,-1.178
32050,292.511,291.584,110.041,-7.49676
32060,291.588,291.584,37.9275,-1.178
32070,291.588,291.584,83.3331,-1.178
32080,291.825,291.584,15.1935,-1.178
32090,292.955,291.584,20.4464,-3.36303
32100,292.711,291.57,38.9988,-3.36303
32110,291.666,291.481,38.9988,-1.178
32120,291.666,291.323,38.9988,-1.178
32130,291.666,291.323,65.8775,-1.178
32140,291.549,291.442,3.73505,-1.178
32150,291.533,291.442,49.9855,-1.178
32160,291.533,291.442,33.9191,-1.178
32170,291.533,291.442,95.3319,-1.178
32180,291.533,291.442,74.3646,-1.178
32190,291.533,291.442,26.4253,-1.178
32200,291.533,291.442,54.1385,-1.178
32210,291.471,291.442,112.13,-1.178
32220,291.471,291.442,113.12,-1.178
32230,291.471,291.442,113.12,-1.178
32240,291.471,291.442,113.12,-1.178
32250,291.471,291.442,118.655,-1.178
32260,291.471,291.442,27.3912,-1.178
32270,291.734,291.442,27.3912,-1.178
32280,291.734,291.442,17.544,-1.178
32290,292.808,292.657,100.616,-1.178
32300,292.686,292.657,79.233,-1.178
32310,292.686,292.657,75.8528,-1.178
32320,292.686,292.659,71.2365,-1.178
32330,292.686,291.992,48.8236,-3.36303
32340,292.686,291.992,66.1946,-3.36303
32350,292.444,291.992,36.0057,-1.178
32360,292.444,291.992,36.0057,-1.178
32370,292.444,291.992,36.0057,-1.178
32380,292.444,291.992,36.0057,-1.178
32390,291.994,291.992,62.4224,-1.178
32400,291.994,291.738,72.6201,-1.178
32410,291.994,291.738,72.6201,-1.178
32420,291.907,291.738,91.9239,-1.178
32430,291.907,291.738,76.5329,-1.178
32440,291.907,291.738,76.5329,-1.178
32450,291.907,291.738,80.7947,-1.178
32460,291.822,291.738,61.1199,-1.178
32470,291.822,291.738,28.3736,-1.178
32480,291.822,291.487,49.7144,-1.178
32490,292.122,291.487,49.7144,-3.36303
32500,292.122,291.487,64.1055,-3.36303
32510,292.122,291.646,13.0508,-1.178
32520,291.654,291.573,56.0936,-1.178
32530,291.654,291.573,13.2835,-1.178
32540,291.654,291.573,111.048,-1.178
32550,291.654,290.638,41.0713,-3.36303
32560,291.038,290.638,14.0067,-1.178
32570,291.038,290.638,81.5693,-3.36303
32580,291.038,290.638,30.6655,-1.178
32590,291.038,290.638,54.3696,-1.178
32600,291.22,290.638,18.5427,-1.178
32610,291.22,290.638,18.5427,-1.178
32620,291.22,290.638,105.367,-5.42989
32630,291.273,290.638,22.2999,-3.36303
32640,291.273,290.915,46.9234,-1.178
32650,291.273,290.915,46.9234,-1.178
32660,291.253,291.189,46.9234,-1.178
32670,291.253,291.232,124.265,-1.178
32680,291.253,291.232,89.3735,-1.178
32690,291.253,291.232,118.995,-1.178
32700,291.253,291.232,135.443,-5.42989
32710,292.014,289.212,128.472,-12.1972
32720,290.137,286.057,101.469,-12.1972
32730,286.919,286.906,11.8627,-1.178
32740,286.919,286.906,65.2219,-1.178
32750,286.919,286.906,118.381,-1.178
32760,286.919,286.906,63.0229,-1.178
32770,287.087,286.906,63.0229,-1.178
32780,287.087,286.906,76.3513,-1.178
32790,287.087,286.906,5.94816,-1.178
32800,287.087,286.906,95.8085,-1.178
32810,286.956,286.906,12.7302,-1.178
32820,286.956,286.906,39.958,-1.178
32830,286.956,286.906,50.0914,-1.178
32840,286.956,286.906,106.006,-1.178
32850,286.956,286.906,112.468,-1.178
32860,286.956,286.906,30.4465,-1.178
32870,286.956,286.906,102.295,-1.178
32880,286.956,286.906,122.902,-1.178
32890,286.956,286.906,55.1578,-1.178
32900,286.956,286.906,73.6074,-1.178
32910,286.956,286.906,125.801,-1.178
32920,286.956,286.906,11.4317,-1.178
32930,287.413,286.906,11.7063,-1.178
32940,287.413,286.44,34.9323,-3.36303
32950,287.413,286.494,38.8884,-3.36303
32960,287.548,286.494,21.1514,-3.36303
32970,287.548,287.484,103.367,-1.178
32980,287.548,287.484,30.1478,-1.178
32990,287.548,287.484,66.1553,-1.178
33000,287.548,287.484,4.32999,-1.178
33010,287.548,287.441,10.5839,-1.178
33020,287.548,287.441,113.092,-1.178
33030,287.548,287.441,74.9836,-1.178
33040,287.548,287.441,92.6399,-1.178
33050,287.548,287.441,48.3722,-1.178
33060,287.948,287.441,21.3471,-1.178
33070,287.948,287.441,14.5392,-1.178
33080,287.673,287.441,14.5392,-1.178
33090,287.673,287.147,34.7718,-1.178
33100,287.673,287.147,34.7718,-1.178
33110,287.673,287.147,34.7718,-1.178
33120,287.673,287.147,32.6793,-1.178
33130,287.673,287.147,73.868,-3.36303
33140,287.396,287.147,53.2393,-1.178
33150,287.389,286.478,47.5551,-3.36303
33160,287.389,286.478,52.3429,-3.36303
33170,286.493,286.478,4.89757,-1.178
33180,286.771,286.478,4.89757,-1.178
33190,286.771,286.478,55.3754,-1.178
33200,287.197,286.466,21.455,-3.36303
33210,287.197,286.466,21.455,-3.36303
33220,287.593,286.466,21.455,-3.36303
33230,287.593,287.496,25.8562,-1.178
33240,287.593,287.496,42.5249,-1.178
33250,287.593,287.496,13.2925,-1.178
33260,287.593,287.496,63.2712,-1.178
33270,287.593,287.496,90.5207,-1.178
33280,287.593,287.311,30.1366,-1.178
33290,287.593,287.311,19.2454,-1.178
33300,287.593,287.311,23.2626,-1.178
33310,287.737,287.311,15.1878,-1.178
33320,287.737,287.311,28.3323,-1.178
33330,287.737,287.719,117.586,-1.178
33340,287.737,287.719,117.586,-1.178
33350,287.737,287.719,78.059,-1.178
33360,287.737,287.719,24.2957,-1.178
33370,288.262,287.719,26.723,-1.178
33380,288.262,287.719,29.0574,-1.178
33390,288.041,287.719,21.5607,-1.178
33400,288.066,287.719,21.5607,-1.178
33410,287.994,287.719,64.2083,-1.178
33420,287.994,287.719,15.489,-1.178
33430,287.783,287.719,15.489,-1.178
33440,287.783,287.719,82.5265,-1.178
33450,287.783,287.719,118.342,-1.178
33460,287.783,287.719,117.54,-1.178
33470,287.783,287.719,91.6433,-1.178
33480,287.783,287.719,91.6433,-1.178
33490,287.783,287.719,44.5516,-1.178
33500,287.783,287.719,109.878,-1.178
33510,287.783,287.719,109.878,-1.178
33520,287.783,287.719,94.6822,-1.178
33530,287.783,287.719,51.0831,-1.178
33540,287.783,287.719,24.2967,-1.178
33550,287.783,287.719,58.7078,-1.178
33560,287.783,287.719,37.1526,-1.178
33570,287.783,287.719,9.69748,-1.178
33580,287.783,287.388,67.103,-3.36303
33590,287.783,287.712,38.6772,-1.178
33600,287.783,287.712,121.396,-1.178
33610,287.783,287.712,92.9085,-1.178
33620,287.783,287.712,61.6869,-1.178
33630,287.783,287.712,70.8463,-1.178
33640,287.783,287.712,75.756,-1.178
33650,287.783,287.712,65.0515,-1.178
33660,287.783,287.712,12.3179,-1.178
33670,287.783,287.712,96.485,-1.178
33680,287.783,287.712,96.485,-1.178
33690,287.783,287.776,92.2834,-1.178
33700,287.783,287.776,95.6201,-1.178
33710,287.783,287.534,64.3399,-1.178
33720,287.783,287.431,29.3175,-1.178
33730,287.783,287.431,29.3175,-1.178
33740,287.692,287.431,1.61676,-1.178
33750,287.692,287.377,72.1884,-1.178
33760,287.747,287.377,32.2388,-1.178
33770,287.747,287.523,85.8689,-1.178
33780,287.747,287.523,85.8689,-1.178
33790,287.747,287.523,85.8689,-1.178
33800,287.747,287.523,71.9155,-1.178
33810,287.747,287.523,71.9155,-1.178
33820,287.747,287.603,99.79,-1.178
33830,287.747,287.603,9.86618,-1.178
33840,288.138,287.603,17.0947,-1.178
33850,288.138,287.603,9.53303,-1.178
33860,288.138,287.776,12.0551,-1.178
33870,288.138,287.776,12.0551,-1.178
33880,288.307,287.776,17.2438,-1.178
33890,288.445,287.776,17.2438,-3.36303
33900,290.979,287.776,17.2438,-7.49676
33910,290.016,289.96,14.2745,-1.178
33920,290.428,288.406,14.2745,-5.42989
33930,289.519,288.406,19.7078,-3.36303
33940,289.519,288.406,37.2841,-3.36303
33950,289.519,288.406,37.2841,-3.36303
33960,289.051,288.406,62.1293,-3.36303
33970,289.051,287.791,15.0722,-3.36303
33980,288.012,287.791,15.0722,-1.178
33990,288.293,287.791,14.7793,-1.178
34000,287.975,287.791,11.5519,-1.178
34010,287.975,287.791,11.5519,-1.178
34020,288.741,288.12,19.955,-3.36303
34030,288.737,288.12,33.9606,-3.36303
34040,288.737,288.12,77.7688,-3.36303
34050,289.313,288.12,31.977,-3.36303
34060,288.406,288.12,70.9908,-1.178
34070,288.327,288.12,70.9908,-1.178
34080,289.014,288.12,26.2059,-3.36303
34090,289.142,288.12,30.4882,-3.36303
34100,289.142,288.12,13.3334,-3.36303
34110,289.155,288.12,77.12,-5.42989
34120,289.809,288.562,77.12,-7.49676
34130,289.809,289.673,77.12,-1.178
34140,289.809,289.673,8.05686,-1.178
34150,289.782,289.673,66.8702,-1.178
34160,289.782,289.673,72.7198,-1.178
34170,289.782,289.673,6.01045,-1.178
34180,289.782,289.673,57.8159,-1.178
34190,289.782,289.673,57.0337,-1.178
34200,289.782,289.673,73.5682,-1.178
34210,290.418,289.673,18.9089,-3.36303
34220,289.783,289.673,83.9788,-1.178
34230,289.783,289.673,46.8209,-1.178
34240,289.783,289.673,68.6589,-1.178
34250,290.456,289.673,59.2021,-3.36303
34260,290.456,289.673,29.7123,-3.36303
34270,290.456,289.673,20.0662,-3.36303
34280,290.456,289.673,24.5941,-3.36303
34290,290.114,290.028,107.583,-1.178
34300,290.114,290.028,18.0128,-1.178
34310,290.114,290.028,129.265,-3.36303
34320,290.114,290.028,129.265,-3.36303
34330,290.114,290.028,87.3186,-1.178
34340,290.114,290.028,50.8725,-1.178
34350,290.114,290.028,92.6309,-1.178
34360,290.114,289.984,28.9753,-1.178
34370,290.114,289.984,43.3347,-1.178
34380,290.114,289.984,74.4806,-1.178
34390,290.114,289.984,98.5201,-1.178
34400,290.114,289.984,99.839,-1.178
34410,290.114,288.483,10.4413,-5.42989
34420,290.114,289.226,35.4422,-3.36303
34430,290.114,289.226,5.11009,-3.36303
34440,289.765,289.226,5.11009,-1.178
34450,289.517,289.226,61.4476,-1.178
34460,289.517,289.226,61.4476,-1.178
34470,289.517,289.226,9.92625,-1.178
34480,289.517,289.226,17.7781,-1.178
34490,289.517,289.226,60.2512,-1.178
34500,289.517,289.226,46.0699,-1.178
34510,289.517,289.226,7.99707,-1.178
34520,289.517,289.226,42.822,-1.178
34530,289.726,289.226,12.3767,-1.178
34540,289.55,289.226,5.3538,-1.178
34550,289.282,289.226,24.5152,-1.178
34560,289.282,289.226,54.2524,-1.178
34570,289.307,288.918,16.2311,-1.178
34580,289.399,288.918,11.9715,-1.178
34590,289.399,288.972,47.4463,-1.178
34600,289.399,288.972,13.8961,-1.178
34610,289.399,288.972,42.7654,-1.178
34620,289.399,288.972,46.6567,-1.178
34630,289.399,288.972,8.71552,-1.178
34640,289.399,288.972,37.278,-1.178
34650,289.399,288.972,8.72847,-1.178
34660,289.399,288.556,19.2536,-3.36303
34670,289.399,288.971,19.2536,-1.178
34680,288.877,288.173,39.5414,-3.36303
34690,288.877,288.173,39.5414,-3.36303
34700,288.877,288.173,56.4999,-3.36303
34710,288.877,288.173,15.2773,-3.36303
34720,288.679,288.173,24.5467,-1.178
34730,288.679,288.173,26.1945,-1.178
34740,288.489,288.173,69.6888,-1.178
34750,288.489,288.173,69.6888,-1.178
34760,288.489,288.173,69.6888,-1.178
34770,288.489,288.173,53.5822,-1.178
34780,288.489,288.173,53.5822,-1.178
34790,288.489,288.173,17.3133,-1.178
34800,288.489,288.173,14.6523,-1.178
34810,288.489,288.173,9.86901,-1.178
34820,288.489,288.173,9.86901,-1.178
34830,288.305,288.173,32.6123,-1.178
34840,288.305,288.173,88.0279,-1.178
34850,288.305,288.173,86.4635,-1.178
34860,288.305,288.173,111.318,-1.178
34870,288.305,288.173,111.318,-1.178
34880,288.305,287.835,35.6509,-1.178
34890,288.435,287.88,50.9523,-3.36303
34900,288.435,287.819,59.7927,-3.36303
34910,288.435,287.819,5.79783,-1.178
34920,288.435,287.819,5.79783,-1.178
34930,288.435,287.819,14.1705,-1.178
34940,288.293,287.819,14.1705,-1.178
34950,288.293,287.819,7.45501,-1.178
34960,288.098,287.819,39.48,-1.178
34970,288.098,287.819,37.6356,-1.178
34980,288.098,287.819,76.2169,-1.178
34990,288.098,287.819,33.4287,-1.178
35000,288.098,287.819,33.4287,-1.178
35010,288.339,288.026,33.4287,-1.178
35020,288.316,288.026,36.1301,-1.178
35030,288.316,287.842,36.1301,-1.178
35040,288.316,287.842,21.1506,-1.178
35050,288.316,287.842,0.484412,-1.178
35060,288.316,287.976,37.3979,-1.178
35070,288.115,287.976,80.0751,-1.178
35080,288.115,287.432,15.267,-3.36303
35090,287.681,287.432,87.7147,-1.178
35100,287.681,287.432,81.3779,-1.178
35110,287.681,287.432,20.4432,-1.178
35120,287.681,287.432,53.7028,-1.178
35130,287.681,287.432,53.7028,-1.178
35140,287.681,287.432,38.6335,-1.178
35150,287.681,287.293,48.6575,-1.178
35160,287.681,287.293,42.6337,-1.178
35170,287.681,287.293,52.5004,-1.178
35180,287.681,287.293,52.5004,-1.178
35190,287.494,287.293,82.2342,-1.178
35200,287.494,287.293,36.9331,-1.178
35210,287.494,287.293,90.1708,-1.178
35220,287.494,287.293,96.6715,-1.178
35230,287.494,287.293,1.97658,-1.178
35240,287.494,287.293,21.8325,-1.178
35250,287.494,287.293,69.2669,-1.178
35260,287.494,287.293,69.2669,-1.178
35270,287.494,287.181,69.2669,-1.178
35280,287.457,287.181,69.2669,-1.178
35290,287.457,287.181,30.3137,-1.178
35300,287.457,287.181,66.0037,-1.178
35310,287.457,287.181,50.325,-1.178
35320,287.16,287.137,9.66813,-1.178
35330,287.16,287.137,9.66813,-1.178
35340,287.517,287.514,109.79,-1.178
35350,287.517,287.514,120.329,-1.178
35360,287.517,287.514,42.4018,-1.178
35370,287.517,287.514,23.3728,-1.178
35380,287.517,287.514,14.4062,-1.178
35390,287.524,287.285,13.8805,-1.178
35400,287.524,287.285,57.9691,-1.178
35410,287.524,287.285,82.255,-1.178
35420,287.524,287.285,68.2876,-1.178
35430,287.524,287.285,43.566,-1.178
35440,287.524,287.285,59.824,-1.178
35450,287.524,287.285,66.2766,-1.178
35460,287.524,287.285,66.2766,-1.178
35470,287.524,287.285,14.5336,-1.178
35480,287.524,287.327,36.9868,-1.178
35490,287.826,287.327,36.9868,-1.178
35500,287.826,287.327,24.7255,-1.178
35510,287.882,287.327,8.73978,-1.178
35520,287.882,287.327,40.6544,-3.36303
35530,287.882,287.327,30.5298,-1.178
35540,287.746,287.327,22.4848,-1.178
35550,287.746,287.327,10.9346,-1.178
35560,287.746,287.327,22.1934,-1.178
35570,288.247,287.399,27.2971,-3.36303
35580,288.247,287.399,8.75056,-3.36303
35590,287.428,287.399,11.0993,-1.178
35600,288.015,287.399,7.87832,-1.178
35610,288.015,287.399,13.2871,-1.178
35620,288.015,287.377,10.4348,-1.178
35630,287.879,287.377,10.4348,-1.178
35640,287.459,287.377,83.6714,-1.178
35650,287.459,287.377,83.6714,-1.178
35660,287.459,287.377,34.1162,-1.178
35670,287.745,287.377,34.1162,-1.178
35680,287.64,287.377,1.42754,-1.178
35690,287.64,287.377,18.1962,-1.178
35700,287.64,287.377,85.4376,-1.178
35710,287.64,287.377,16.7501,-1.178
35720,287.64,287.552,6.51904,-1.178
35730,287.708,287.307,46.3911,-1.178
35740,287.708,287.092,0.307722,-1.178
35750,287.708,287.092,15.1967,-1.178
35760,287.708,287.092,15.1967,-1.178
35770,287.708,287.092,50.9757,-3.36303
35780,287.708,287.609,50.9757,-1.178
35790,287.708,287.609,50.9757,-1.178
35800,287.708,287.609,22.2732,-1.178
35810,288.169,287.609,22.2732,-1.178
35820,288.169,287.609,24.0283,-1.178
35830,288.006,287.609,24.0283,-1.178
35840,288.006,287.552,18.5273,-1.178
35850,288.006,287.865,62.4828,-1.178
35860,288.184,287.865,24.4034,-1.178
35870,288.117,287.865,20.4527,-1.178
35880,288.117,287.865,58.731,-1.178
35890,288.117,287.727,9.97513,-1.178
35900,288.117,287.727,27.2316,-1.178
35910,288.117,287.727,27.2316,-1.178
35920,288.117,288.075,15.0613,-1.178
35930,288.117,288.075,59.5911,-1.178
35940,288.117,287.852,71.0067,-1.178
35950,288.117,287.852,25.3774,-1.178
35960,288.117,287.852,94.3962,-3.36303
35970,288.117,287.852,34.9791,-1.178
35980,288.117,287.852,88.1546,-3.36303
35990,288.117,287.427,68.0431,-3.36303
36000,288.117,287.628,68.0431,-3.36303
36010,288.117,287.628,1.08147,-1.178
36020,288.117,288.061,72.956,-1.178
36030,288.117,288.061,124.652,-1.178
36040,288.117,288.061,22.1699,-1.178
36050,288.117,288.061,25.4582,-1.178
36060,288.117,288.061,25.4582,-1.178
36070,288.299,288.061,78.5825,-1.178
36080,288.299,288.061,42.1249,-1.178
36090,288.299,288.061,81.4141,-1.178
36100,288.189,288.061,9.32558,-1.178
36110,288.162,288.061,49.5485,-1.178
36120,288.14,288.061,49.5485,-1.178
36130,288.093,288.061,125.056,-1.178
36140,288.093,287.85,19.2362,-1.178
36150,288.093,287.85,28.0506,-1.178
36160,288.101,287.85,6.72493,-1.178
36170,288.101,287.85,6.66512,-1.178
36180,288.101,287.85,10.6807,-1.178
36190,288.239,287.85,50.3879,-1.178
36200,288.239,288.218,21.7998,-1.178
36210,288.239,288.218,64.8742,-1.178
36220,288.297,288.142,90.5856,-1.178
36230,288.297,288.142,90.354,-1.178
36240,288.481,288.142,79.6383,-3.36303
36250,288.256,288.142,80.3543,-1.178
36260,288.256,288.142,18.6913,-1.178
36270,288.377,288.142,28.6718,-1.178
36280,288.193,288.142,115.72,-1.178
36290,288.193,288.142,77.17,-1.178
36300,288.193,288.142,76.5984,-1.178
36310,288.327,288.142,31.9127,-1.178
36320,288.384,287.699,16.3765,-3.36303
36330,288.384,287.699,74.3323,-3.36303
36340,288.384,288.354,121.709,-1.178
36350,288.922,288.354,24.0724,-1.178
36360,288.707,288.354,35.4034,-1.178
36370,288.459,288.354,14.4124,-1.178
36380,288.459,288.354,9.76263,-1.178
36390,288.459,288.131,29.8525,-1.178
36400,288.459,288.131,28.7681,-1.178
36410,288.459,288.131,26.4077,-1.178
36420,288.459,288.131,39.4209,-1.178
36430,288.459,288.131,53.9323,-1.178
36440,288.459,288.131,54.2495,-1.178
36450,288.459,288.131,34.8956,-1.178
36460,288.459,288.131,24.9563,-1.178
36470,288.682,287.988,24.9563,-3.36303
36480,288.076,287.988,39.8997,-1.178
36490,288.076,287.988,99.7274,-1.178
36500,288.483,287.988,19.1557,-1.178
36510,288.483,287.988,29.8996,-1.178
36520,288.483,287.988,7.26738,-1.178
36530,288.483,287.988,7.26738,-1.178
36540,288.594,287.988,9.35796,-1.178
36550,288.594,287.988,13.3456,-1.178
36560,288.062,287.633,12.8982,-1.178
36570,288.062,287.633,45.4787,-1.178
36580,288.062,287.633,45.4787,-1.178
36590,288.548,287.633,45.4787,-3.36303
36600,287.739,287.633,96.6954,-1.178
36610,287.665,287.633,123.332,-1.178
36620,287.665,287.633,82.7811,-1.178
36630,287.665,287.633,129.093,-1.178
36640,287.665,287.633,94.4128,-1.178
36650,287.665,287.633,94.4128,-1.178
36660,287.665,287.633,68.8657,-1.178
36670,287.665,287.633,79.6727,-1.178
36680,287.665,287.633,110.862,-1.178
36690,287.665,287.633,82.2294,-1.178
36700,287.665,287.633,107.93,-1.178
36710,287.665,287.633,109.606,-1.178
36720,287.665,287.633,41.7061,-1.178
36730,287.665,287.633,47.9389,-1.178
36740,287.647,287.633,95.2076,-1.178
36750,287.647,287.633,116.12,-1.178
36760,287.647,287.633,116.12,-1.178
36770,287.647,287.633,52.3364,-1.178
36780,287.647,287.633,20.1548,-1.178
36790,287.839,287.633,20.1548,-1.178
36800,287.839,287.633,52.9654,-1.178
36810,287.839,287.776,52.9654,-1.178
36820,287.839,286.934,32.9101,-3.36303
36830,287.984,286.934,20.4295,-3.36303
36840,287.354,287.185,59.9178,-1.178
36850,287.354,287.185,57.5053,-1.178
36860,287.354,287.185,25.9406,-1.178
36870,287.354,287.185,79.0414,-1.178
36880,287.354,287.185,89.13,-1.178
36890,287.354,287.185,89.13,-1.178
36900,287.274,287.185,89.13,-1.178
36910,287.274,287.167,21.2346,-1.178
36920,287.274,287.167,44.7986,-1.178
36930,287.274,287.167,116.154,-1.178
36940,287.274,287.167,120.729,-3.36303
36950,287.274,287.167,21.8043,-1.178
36960,287.394,287.167,50.5469,-1.178
36970,287.394,287.167,56.8381,-1.178
36980,287.394,287.167,32.1445,-1.178
36990,287.394,287.167,39.7084,-1.178
37000,287.394,286.834,1.52245,-1.178
37010,288.232,286.834,16.4982,-3.36303
37020,288.232,288.223,18.7227,-1.178
37030,288.232,288.223,24.4805,-1.178
37040,288.232,288.223,71.0239,-1.178
37050,288.232,287.899,71.0239,-1.178
37060,288.278,287.899,16.2378,-1.178
37070,288.278,287.899,26.3355,-1.178
37080,288.613,288.04,18.7117,-1.178
37090,289.225,288.04,57.1964,-5.42989
37100,289.225,288.496,61.6638,-3.36303
37110,289.225,288.352,19.0667,-3.36303
37120,289.225,288.352,19.8641,-3.36303
37130,289.356,288.522,37.8611,-3.36303
37140,289.356,289.175,37.8611,-1.178
37150,289.184,289.175,55.4302,-1.178
37160,289.184,289.175,55.4302,-1.178
37170,289.184,289.175,63.1514,-1.178
37180,289.184,289.175,121.502,-1.178
37190,289.184,289.175,37.9266,-1.178
37200,289.184,289.175,62.3636,-1.178
37210,289.184,289.175,91.6321,-1.178
37220,289.184,289.175,51.3013,-1.178
37230,289.184,289.175,126.224,-1.178
37240,289.184,289.175,126.224,-1.178
37250,289.184,289.175,37.0939,-1.178
37260,289.184,289.112,94.4084,-1.178
37270,289.184,289.112,94.4084,-1.178
37280,289.184,289.112,55.3506,-1.178
37290,289.155,289.112,95.5454,-1.178
37300,289.805,289.112,54.4596,-3.36303
37310,289.906,289.112,58.8945,-3.36303
37320,289.906,289.578,47.8068,-1.178
37330,289.906,289.578,42.4113,-1.178
37340,289.906,289.578,20.7203,-1.178
37350,289.605,289.578,54.1573,-1.178
37360,289.605,289.578,60.7989,-1.178
37370,289.605,289.578,81.0154,-1.178
37380,289.605,289.578,112.646,-1.178
37390,289.605,289.529,25.7426,-1.178
37400,289.605,289.529,88.1455,-1.178
37410,289.605,289.529,59.1132,-1.178
37420,289.605,289.529,117.231,-1.178
37430,289.55,289.529,66.4439,-1.178
37440,289.55,289.529,88.0992,-1.178
37450,289.55,289.529,16.3758,-1.178
37460,289.55,289.312,59.0754,-1.178
37470,289.522,289.312,45.3608,-1.178
37480,289.522,289.312,13.0091,-1.178
37490,289.522,289.312,57.4694,-1.178
37500,289.522,289.312,20.6126,-1.178
37510,289.522,289.312,63.1091,-1.178
37520,289.522,289.312,41.0283,-1.178
37530,289.431,289.312,33.7346,-1.178
37540,289.494,289.312,62.8185,-1.178
37550,289.531,289.312,62.8185,-1.178
37560,290.123,289.312,31.9494,-3.36303
37570,289.467,289.312,44.3963,-1.178
37580,289.467,289.312,49.1129,-1.178
37590,289.467,289.312,95.075,-1.178
37600,289.467,289.264,95.075,-1.178
37610,288.988,288.224,22.9973,-3.36303
37620,289.141,288.224,4.59949,-3.36303
37630,289.141,288.224,53.7793,-3.36303
37640,288.298,288.224,5.99512,-1.178
37650,288.298,287.766,21.251,-1.178
37660,288.298,287.766,20.7114,-1.178
37670,288.298,287.766,20.7114,-1.178
37680,287.889,287.766,18.7856,-1.178
37690,287.889,287.766,15.3511,-1.178
37700,287.889,287.766,25.7,-1.178
37710,287.889,287.644,20.6356,-1.178
37720,288.998,287.42,0.924734,-3.36303
37730,288.998,288.62,59.6363,-1.178
37740,289.548,289.119,9.60726,-1.178
37750,289.548,289.119,9.60726,-1.178
37760,289.548,289.485,31.1331,-1.178
37770,289.548,289.485,17.193,-1.178
37780,289.548,289.485,42.7291,-1.178
37790,289.548,289.485,47.4042,-1.178
37800,289.548,289.303,68.867,-1.178
37810,289.548,289.018,44.6098,-3.36303
37820,288.976,288.475,87.3006,-3.36303
37830,289.298,288.475,58.9743,-3.36303
37840,289.298,288.475,66.6223,-3.36303
37850,288.797,288.475,36.0833,-1.178
37860,288.797,288.475,45.6748,-1.178
37870,288.797,288.475,51.4748,-1.178
37880,288.559,288.475,76.0476,-1.178
37890,288.559,288.475,85.6195,-1.178
37900,288.939,288.475,85.6195,-3.36303
37910,288.939,288.625,85.6195,-3.36303
37920,288.939,288.625,46.5662,-1.178
37930,288.939,288.625,64.0834,-1.178
37940,288.647,288.625,132.132,-1.178
37950,288.647,288.625,132.132,-1.178
37960,288.647,288.625,1.77763,-1.178
37970,288.647,288.625,27.0956,-1.178
37980,288.865,288.625,88.4402,-1.178
37990,288.865,288.625,88.4402,-1.178
38000,288.865,288.863,45.1894,-1.178
38010,288.865,288.863,135.452,-1.178
38020,288.865,288.863,119.349,-1.178
38030,288.865,288.863,13.5542,-1.178
38040,288.865,288.372,6.37818,-1.178
38050,288.865,288.806,113.516,-1.178
38060,288.865,288.806,54.0883,-1.178
38070,288.865,288.806,54.0883,-1.178
38080,288.865,288.806,54.0883,-1.178
38090,289.101,288.806,54.0883,-1.178
38100,289.101,288.806,10.1114,-1.178
38110,289.101,288.806,43.5994,-1.178
38120,289.101,288.806,43.5994,-1.178
38130,288.962,288.806,57.036,-1.178
38140,288.962,288.806,65.5705,-1.178
38150,288.962,288.806,103.547,-1.178
38160,288.962,288.806,44.1109,-1.178
38170,288.962,288.806,44.1109,-1.178
38180,288.962,288.806,44.1109,-1.178
38190,288.962,288.806,49.0369,-1.178
38200,288.962,288.806,87.6905,-1.178
38210,288.827,288.806,38.359,-1.178
38220,288.827,288.806,92.8617,-1.178
38230,288.827,288.806,103.195,-1.178
38240,288.827,288.806,131.336,-1.178
38250,288.827,288.806,89.1668,-1.178
38260,288.827,288.806,113.499,-1.178
38270,288.827,288.806,124.538,-1.178
38280,288.808,288.806,133.371,-1.178
38290,288.808,288.806,78.5379,-1.178
38300,289.211,288.806,52.522,-1.178
38310,289.211,288.806,2.8403,-1.178
38320,289.211,288.806,50.1916,-1.178
38330,289.211,288.946,48.9481,-1.178
38340,289.211,288.946,5.14325,-1.178
38350,289.211,288.946,5.14325,-1.178
38360,289.211,288.946,81.526,-1.178
38370,289.211,288.946,56.9761,-1.178
38380,289.211,288.946,11.5153,-1.178
38390,289.211,288.996,44.5937,-1.178
38400,289.407,288.996,44.5937,-1.178
38410,289.407,288.996,5.78449,-1.178
38420,289.407,288.996,23.7727,-1.178
38430,289.407,288.996,52.7168,-1.178
38440,289.407,288.996,52.7168,-1.178
38450,289.327,288.996,32.861,-1.178
38460,289.327,288.996,41.2973,-1.178
38470,289.327,288.996,68.9229,-1.178
38480,289.327,288.996,70.9108,-1.178
38490,289.327,288.996,34.5976,-1.178
38500,289.327,288.836,18.0132,-1.178
38510,289.327,288.836,5.65549,-1.178
38520,289.495,288.836,5.65549,-1.178
38530,289.495,288.836,5.65549,-1.178
38540,289.495,288.836,5.65549,-1.178
38550,289.715,288.836,5.65549,-3.36303
38560,289.05,288.836,72.0168,-1.178
38570,289.29,288.836,53.5805,-3.36303
38580,289.857,289.743,164.92,-7.49676
38590,289.857,289.743,93.9411,-1.178
38600,289.857,289.743,57.4862,-1.178
38610,289.857,289.743,47.1903,-1.178
38620,289.857,289.743,79.9685,-1.178
38630,289.857,289.634,84.6988,-1.178
38640,289.857,289.634,17.0735,-1.178
38650,290.762,290.752,17.0735,-1.178
38660,291.215,290.752,78.4294,-3.36303
38670,291.215,290.752,96.8197,-3.36303
38680,291.215,290.752,63.3682,-3.36303
38690,291.215,290.752,23.9619,-1.178
38700,290.689,290.654,11.6926,-1.178
38710,290.689,290.654,116.458,-1.178
38720,290.699,290.654,116.458,-1.178
38730,290.699,290.654,116.458,-1.178
38740,290.699,290.654,127.863,-1.178
38750,290.699,290.654,126.913,-1.178
38760,290.699,290.654,126.913,-1.178
38770,290.699,290.654,89.7081,-1.178
38780,290.699,290.654,53.0121,-1.178
38790,290.722,290.621,51.1741,-1.178
38800,291.024,290.621,19.1641,-1.178
38810,290.985,290.621,54.0499,-1.178
38820,290.939,290.621,32.8294,-1.178
38830,290.939,290.621,12.6106,-1.178
38840,290.939,290.275,4.27021,-1.178
38850,290.38,290.275,126.036,-3.36303
38860,290.38,290.275,51.1236,-1.178
38870,290.38,290.275,102.995,-1.178
38880,290.38,290.275,62.5086,-1.178
38890,290.38,290.275,67.264,-1.178
38900,290.38,290.275,69.3555,-1.178
38910,290.38,289.754,0.34561,-1.178
38920,290.38,289.754,0.34561,-1.178
38930,290.38,289.754,21.9655,-3.36303
38940,290.38,289.754,66.2831,-3.36303
38950,291.114,289.754,66.995,-5.42989
38960,290.354,289.754,65.9392,-3.36303
38970,290.129,289.754,3.15791,-1.178
38980,290.129,289.754,77.3609,-3.36303
38990,290.129,289.661,67.4012,-3.36303
39000,290.129,289.411,67.4012,-3.36303
39010,289.811,289.375,5.95744,-1.178
39020,289.811,289.375,41.8499,-1.178
39030,289.811,289.375,2.7554,-1.178
39040,289.811,289.375,8.30958,-1.178
39050,289.811,289.511,3.7622,-1.178
39060,289.811,289.511,13.6288,-1.178
39070,289.811,289.511,2.49029,-1.178
39080,289.811,289.511,56.8418,-1.178
39090,289.811,289.511,45.1031,-1.178
39100,289.936,289.511,45.1031,-1.178
39110,289.936,289.511,45.1031,-1.178
39120,289.936,289.799,29.4449,-1.178
39130,290.588,289.799,97.7827,-5.42989
39140,289.827,289.799,104.067,-1.178
39150,289.827,289.799,62.6742,-1.178
39160,289.827,289.799,93.0144,-1.178
39170,289.827,289.799,55.9796,-1.178
39180,289.827,289.799,78.2314,-1.178
39190,289.827,289.799,55.6552,-1.178
39200,289.827,289.799,80.778,-1.178
39210,289.827,289.799,6.62158,-1.178
39220,289.827,289.729,42.269,-1.178
39230,289.827,289.429,37.0371,-1.178
39240,289.729,289.429,78.7738,-1.178
39250,289.729,289.429,61.1815,-1.178
39260,289.729,289.429,54.842,-1.178
39270,289.448,289.429,48.4179,-1.178
39280,289.574,289.168,41.9009,-1.178
39290,289.327,289.316,32.4807,-1.178
39300,289.327,289.316,8.98405,-1.178
39310,289.327,289.316,11.976,-1.178
39320,289.327,289.316,63.5846,-1.178
39330,289.327,289.316,50.464,-1.178
39340,289.572,289.316,5.62301,-1.178
39350,289.572,289.316,37.2479,-1.178
39360,289.572,289.316,30.6402,-1.178
39370,289.572,289.316,43.0643,-1.178
39380,289.572,289.316,30.7865,-1.178
39390,290.197,289.529,70.9405,-3.36303
39400,290.197,289.883,75.2247,-1.178
39410,290.197,289.883,27.5478,-1.178
39420,290.197,290.113,17.5546,-1.178
39430,290.197,290.113,17.5546,-1.178
39440,290.197,290.113,60.7198,-1.178
39450,290.197,290.113,77.6164,-1.178
39460,290.197,290.113,77.6164,-1.178
39470,290.197,290.157,76.5553,-1.178
39480,290.207,290.157,50.3694,-1.178
39490,290.273,290.157,28.9296,-1.178
39500,290.273,290.157,43.1599,-1.178
39510,290.273,290.157,55.4765,-1.178
39520,290.273,290.157,23.8773,-1.178
39530,290.273,290.157,107.998,-1.178
39540,290.656,290.157,16.5362,-1.178
39550,290.634,289.827,67.4372,-3.36303
39560,290.637,289.827,1.21126,-3.36303
39570,290.637,289.827,35.4798,-3.36303
39580,290.637,290.191,42.7425,-1.178
39590,290.896,290.029,16.777,-3.36303
39600,291.49,290.44,36.5953,-3.36303
39610,291.421,290.44,33.9084,-3.36303
39620,291.058,290.743,76.6328,-1.178
39630,291.058,290.743,63.9994,-1.178
39640,291.058,290.743,49.7263,-1.178
39650,291.058,290.898,49.7263,-1.178
39660,291.058,290.898,83.1632,-1.178
39670,291.058,290.898,79.2324,-1.178
39680,291.058,290.788,21.1068,-1.178
39690,291.058,290.788,44.9248,-1.178
39700,291.058,290.788,44.9248,-1.178
39710,291.058,290.8,58.0757,-1.178
39720,291.058,290.8,13.4993,-1.178
39730,291.058,290.8,70.0289,-1.178
39740,291.132,290.8,26.9221,-1.178
39750,290.869,290.8,101.523,-1.178
39760,290.869,290.8,94.818,-1.178
39770,290.869,290.8,46.4981,-1.178
39780,290.869,290.8,92.2683,-1.178
39790,290.869,290.8,76.662,-1.178
39800,290.869,290.8,77.8195,-1.178
39810,290.869,290.8,56.9349,-1.178
39820,290.869,290.8,56.4211,-1.178
39830,291.069,290.8,23.1436,-1.178
39840,291.069,290.8,57.4602,-1.178
39850,291.069,290.719,63.2041,-1.178
39860,291.069,290.719,51.6077,-1.178
39870,290.739,290.719,91.1559,-1.178
39880,290.739,290.719,75.37,-1.178
39890,290.739,290.719,10.7959,-1.178
39900,290.819,290.6,74.4343,-1.178
39910,292.162,290.653,2.05291,-3.36303
39920,292.417,290.017,11.7785,-5.42989
39930,292.208,290.193,11.7785,-5.42989
39940,291.701,290.919,22.4162,-3.36303
39950,291.701,291.635,107.363,-1.178
39960,291.701,291.635,111.478,-1.178
39970,291.701,291.635,111.478,-1.178
39980,291.701,291.635,1.88427,-1.178
39990,291.653,291.635,0.659467,-1.178
40000,291.653,291.635,102.236,-1.178
40010,291.653,291.635,56.8367,-1.178
40020,292.564,291.884,68.5061,-3.36303
40030,292.281,291.206,50.5532,-5.42989
40040,291.565,291.206,50.5532,-1.178
40050,291.565,291.206,50.5532,-1.178
40060,291.507,291.206,5.52402,-1.178
40070,291.507,291.206,28.8688,-1.178
40080,291.498,291.108,28.8688,-1.178
40090,291.498,291.178,28.8688,-1.178
40100,291.498,291.359,13.1582,-1.178
40110,291.498,291.359,69.5294,-1.178
40120,291.498,291.359,91.121,-1.178
40130,291.498,291.124,3.84267,-1.178
40140,291.498,291.124,45.372,-1.178
40150,291.498,291.276,39.9698,-1.178
40160,291.498,291.276,28.6444,-1.178
40170,291.498,291.276,57.1232,-1.178
40180,291.498,291.276,57.1232,-1.178
40190,291.498,291.276,56.7384,-1.178
40200,291.498,291.276,62.5554,-1.178
40210,291.774,291.276,32.5491,-1.178
40220,291.774,291.276,52.1915,-3.36303
40230,291.774,291.111,48.8992,-3.36303
40240,291.774,291.292,52.084,-3.36303
40250,291.555,291.292,94.5365,-3.36303
40260,291.555,291.292,94.5365,-3.36303
40270,291.555,291.292,72.8882,-1.178
40280,291.555,291.292,14.942,-1.178
40290,291.853,291.292,19.5432,-1.178
40300,291.853,291.292,19.5432,-1.178
40310,291.732,291.506,55.123,-1.178
40320,291.59,291.372,34.0136,-1.178
40330,291.59,291.372,69.9357,-1.178
40340,291.684,291.372,69.273,-1.178
40350,291.684,291.372,69.273,-1.178
40360,291.684,291.372,50.6021,-1.178
40370,291.684,291.372,50.6021,-1.178
40380,291.509,291.372,98.6066,-1.178
40390,291.509,291.372,98.6066,-1.178
40400,291.509,291.372,98.6066,-1.178
40410,291.509,291.417,94.81,-1.178
40420,291.509,291.417,94.81,-1.178
40430,291.509,291.417,106.739,-1.178
40440,291.509,291.417,92.3249,-1.178
40450,291.509,291.417,101.534,-1.178
40460,291.509,291.417,38.1274,-1.178
40470,291.509,291.417,115.952,-1.178
40480,292.765,291.417,10.1074,-3.36303
40490,292.765,291.888,59.5956,-3.36303
40500,292.765,292.576,59.5956,-1.178
40510,292.765,292.576,55.8892,-1.178
40520,292.765,292.576,51.0855,-1.178
40530,292.765,292.722,71.0412,-1.178
40540,292.937,292.722,22.8897,-1.178
40550,292.937,292.639,60.5015,-1.178
40560,292.937,292.639,14.7608,-1.178
40570,292.937,292.639,21.9305,-1.178
40580,293.335,292.639,30.5599,-3.36303
40590,293.335,292.639,60.3878,-3.36303
40600,293.553,292.639,54.666,-3.36303
40610,292.818,292.639,8.93385,-1.178
40620,293.548,292.639,2.73884,-3.36303
40630,293.548,292.639,41.3496,-3.36303
40640,293.548,292.639,27.8158,-3.36303
40650,293.487,292.639,26.5054,-3.36303
40660,293.487,292.639,26.5054,-3.36303
40670,293.389,292.639,6.06691,-3.36303
40680,293.2,292.639,6.06691,-1.178
40690,293.16,292.639,6.06691,-1.178
40700,293.16,292.639,6.45919,-1.178
40710,293.288,292.639,12.4112,-1.178
40720,293.039,292.639,59.1559,-1.178
40730,293.019,292.639,54.9899,-1.178
40740,292.976,292.639,53.0725,-1.178
40750,292.976,292.639,48.5069,-1.178
40760,292.702,292.639,73.7842,-1.178
40770,292.702,292.639,122.318,-1.178
40780,292.702,292.639,43.6851,-1.178
40790,292.702,292.639,118.104,-1.178
40800,292.702,292.639,103.943,-1.178
40810,292.702,292.639,124.738,-1.178
40820,292.702,292.639,124.738,-1.178
40830,292.702,292.639,77.9661,-1.178
40840,292.702,292.639,77.9661,-1.178
40850,292.702,292.639,114.048,-1.178
40860,292.702,292.639,95.5582,-1.178
40870,293.24,292.639,64.1351,-3.36303
40880,292.824,292.639,46.3427,-1.178
40890,292.853,292.639,45.5693,-1.178
40900,292.853,292.675,0.77712,-1.178
40910,293.076,292.675,32.6529,-1.178
40920,293.076,292.723,57.758,-1.178
40930,293.358,292.723,7.68904,-1.178
40940,293.358,292.723,7.68904,-1.178
40950,292.9,292.723,7.68904,-1.178
40960,293.14,292.723,51.358,-1.178
40970,293.14,292.723,51.358,-1.178
40980,293.14,292.723,35.0943,-1.178
40990,293.14,292.723,45.2327,-1.178
41000,293.14,292.723,45.2327,-1.178
41010,293.14,292.559,22.4197,-1.178
41020,292.653,292.549,114.973,-1.178
41030,292.653,292.549,70.0569,-1.178
41040,292.653,292.549,84.3395,-1.178
41050,292.653,292.549,12.6811,-1.178
41060,292.653,292.619,35.4783,-1.178
41070,292.653,292.619,111.114,-1.178
41080,292.851,292.619,16.6197,-1.178
41090,292.851,292.619,36.5037,-1.178
41100,292.851,292.619,27.3735,-1.178
41110,292.851,292.326,2.85261,-1.178
41120,292.427,292.326,40.5695,-1.178
41130,292.427,292.326,15.8744,-1.178
41140,292.427,292.326,37.2243,-1.178
41150,292.427,292.326,94.4703,-1.178
41160,292.427,292.326,96.28,-1.178
41170,292.427,292.326,44.0017,-1.178
41180,293.936,293.918,65.6916,-1.178
41190,294.36,293.93,69.3509,-3.36303
41200,294.36,293.93,70.3747,-3.36303
41210,294.36,294.175,35.5409,-1.178
41220,294.36,294.175,96.4615,-1.178
41230,294.36,294.175,18.0243,-1.178
41240,294.36,294.175,97.8473,-1.178
41250,294.36,294.175,91.2188,-1.178
41260,295.35,295.194,44.7305,-1.178
41270,295.229,295.194,47.2445,-1.178
41280,295.229,295.194,56.7824,-1.178
41290,295.229,295.194,28.5321,-1.178
41300,295.229,295.194,125.835,-1.178
41310,295.229,295.194,107.311,-1.178
41320,295.229,295.194,14.5371,-1.178
41330,295.229,294.933,73.7245,-1.178
41340,295.229,294.933,14.8302,-1.178
41350,295.229,295.024,77.0385,-1.178
41360,295.388,295.024,42.2683,-1.178
41370,295.388,295.024,36.1603,-1.178
41380,295.388,295.024,46.8728,-1.178
41390,295.388,295.285,108.156,-1.178
41400,295.388,295.285,108.156,-1.178
41410,295.295,295.285,33.5595,-1.178
41420,295.295,295.285,102.009,-1.178
41430,295.295,295.285,132.753,-1.178
41440,295.407,295.285,8.56782,-1.178
41450,295.407,295.285,85.3342,-1.178
41460,295.407,295.285,32.3624,-1.178
41470,295.407,295.285,41.226,-1.178
41480,295.407,295.285,2.65773,-1.178
41490,295.407,294.938,34.2507,-1.178
41500,295.407,294.938,19.6838,-1.178
41510,295.407,294.938,19.6838,-1.178
41520,295.407,294.938,26.2576,-1.178
41530,295.407,294.938,26.2576,-1.178
41540,295.407,295.2,38.3944,-1.178
41550,295.247,295.2,113.801,-1.178
41560,295.247,295.2,66.6177,-1.178
41570,295.247,295.2,109.713,-1.178
41580,295.247,295.2,22.6488,-1.178
41590,295.247,295.2,30.8769,-1.178
41600,295.247,295.2,74.8699,-1.178
41610,295.247,295.2,57.9875,-1.178
41620,295.516,295.2,13.7519,-1.178
41630,295.516,295.2,13.7519,-1.178
41640,295.516,295.314,45.0955,-1.178
41650,295.516,295.314,48.7672,-1.178
41660,295.516,295.314,35.5266,-1.178
41670,295.516,295.314,17.5126,-1.178
41680,295.83,295.61,28.0805,-1.178
41690,295.83,295.61,52.9284,-1.178
41700,295.83,295.61,52.9284,-1.178
41710,295.797,295.718,82.0688,-1.178
41720,295.797,295.718,22.3492,-1.178
41730,295.797,295.718,114.69,-1.178
41740,295.813,295.718,106.18,-1.178
41750,295.813,295.718,76.9939,-1.178
41760,296.604,296.255,9.33439,-1.178
41770,296.941,296.255,11.7997,-3.36303
41780,296.35,296.255,47.1837,-1.178
41790,296.419,296.255,2.6219,-1.178
41800,296.419,296.255,21.5233,-1.178
41810,296.419,296.255,99.9834,-1.178
41820,296.419,296.255,38.8797,-1.178
41830,296.419,296.32,42.9262,-1.178
41840,296.419,296.135,57.9921,-1.178
41850,296.524,296.172,57.9921,-1.178
41860,296.195,296.172,57.9921,-1.178
41870,296.195,296.172,73.3184,-1.178
41880,296.195,296.172,73.3184,-1.178
41890,296.195,296.172,81.6508,-1.178
41900,296.33,296.172,119.187,-3.36303
41910,296.33,296.172,70.5585,-1.178
41920,296.358,296.172,28.5281,-1.178
41930,296.358,296.172,79.0593,-1.178
41940,296.52,296.172,28.5587,-1.178
41950,296.52,296.172,0.885815,-1.178
41960,296.52,296.172,37.107,-1.178
41970,296.52,296.172,39.0184,-1.178
41980,296.52,296.172,52.7961,-1.178
41990,296.52,296.172,66.7298,-1.178
42000,296.52,296.172,0.0691762,-1.178
42010,296.52,296.172,56.2886,-1.178
42020,296.52,296.172,53.1053,-1.178
42030,296.52,296.172,5.03539,-1.178
42040,296.441,296.343,8.65721,-1.178
42050,296.441,296.151,75.8098,-1.178
42060,296.441,296.151,7.74521,-1.178
42070,296.441,296.151,10.4793,-1.178
42080,296.441,296.371,71.9116,-1.178
42090,296.441,296.371,81.3667,-1.178
42100,296.441,296.371,37.6301,-1.178
42110,296.441,296.371,37.6301,-1.178
42120,296.441,296.371,99.8416,-1.178
42130,298.768,296.371,73.3712,-7.49676
42140,298.768,297.875,42.2426,-3.36303
42150,300.293,297.875,68.9092,-7.49676
42160,299.321,297.177,6.7358,-5.42989
42170,298.238,295.749,79.6216,-7.49676
42180,298.238,297.56,84.1898,-5.42989
42190,298.238,298.166,84.1898,-1.178
42200,298.238,298.166,27.7854,-1.178
42210,298.383,298.166,49.8439,-1.178
42220,298.383,298.166,43.1701,-1.178
42230,298.383,298.166,43.1701,-1.178
42240,298.383,298.166,23.6474,-1.178
42250,298.383,298.166,16.1371,-1.178
42260,298.383,298.166,95.1452,-1.178
42270,298.383,298.166,95.1452,-1.178
42280,298.291,298.166,95.1452,-1.178
42290,298.291,298.166,97.3445,-1.178
42300,298.291,298.166,97.3445,-1.178
42310,298.267,298.166,64.8327,-1.178
42320,298.267,298.135,32.4141,-1.178
42330,298.267,298.135,61.2243,-1.178
42340,298.267,298.135,106.313,-1.178
42350,298.267,298.135,6.02969,-1.178
42360,298.267,298.135,49.0915,-1.178
42370,298.267,298.057,48.3828,-1.178
42380,298.267,298.057,2.31229,-1.178
42390,298.267,298.057,62.8249,-1.178
42400,298.4,298.166,62.8249,-1.178
42410,298.402,298.166,86.1206,-1.178
42420,298.402,298.166,72.5906,-1.178
42430,298.481,298.166,45.2228,-1.178
42440,298.481,298.166,47.96,-1.178
42450,298.481,298.166,41.2628,-1.178
42460,298.481,298.362,113.398,-1.178
42470,298.481,298.362,40.2923,-1.178
42480,298.341,298.162,52.4006,-1.178
42490,298.341,298.162,58.2553,-1.178
42500,298.342,298.162,100.715,-1.178
42510,298.342,298.162,100.715,-1.178
42520,298.403,298.162,49.4442,-1.178
42530,298.403,298.162,27.4982,-1.178
42540,298.403,298.162,66.4944,-1.178
42550,298.403,298.162,42.6087,-1.178
42560,298.403,298.126,73.5499,-1.178
42570,298.403,298.126,73.3277,-1.178
42580,298.149,298.126,60.3484,-1.178
42590,298.513,298.126,60.3484,-1.178
42600,298.639,298.126,36.9647,-1.178
42610,300.003,297.716,7.52157,-5.42989
42620,298.833,297.716,65.9897,-5.42989
42630,298.833,298.509,67.0793,-1.178
42640,299.104,298.541,4.99167,-1.178
42650,298.931,298.541,18.3838,-1.178
42660,298.931,298.509,18.3838,-1.178
42670,298.931,297.764,2.50281,-3.36303
42680,298.951,298.88,38.9863,-1.178
42690,298.951,297.476,10.698,-3.36303
42700,298.951,298.624,6.17234,-1.178
42710,298.951,298.489,95.9628,-3.36303
42720,298.951,298.489,68.3471,-3.36303
42730,298.951,298.489,32.4752,-1.178
42740,298.951,298.566,32.4752,-1.178
42750,299.049,298.566,32.4752,-1.178
42760,299.049,298.566,14.3569,-1.178
42770,299.226,299.187,81.0155,-1.178
42780,299.226,299.187,79.6094,-1.178
42790,299.581,299.187,11.366,-1.178
42800,299.581,299.187,28.9002,-1.178
42810,299.244,299.187,51.7012,-1.178
42820,299.276,299.187,94.2762,-1.178
42830,299.276,299.187,94.2762,-1.178
42840,299.27,299.187,83.3078,-1.178
42850,299.27,299.187,106.695,-1.178
42860,299.29,299.141,100.846,-1.178
42870,299.29,299.141,73.5879,-1.178
42880,299.29,299.141,68.9724,-1.178
42890,299.325,299.141,78.7123,-1.178
42900,299.325,299.145,78.7123,-1.178
42910,299.325,299.145,28.7676,-1.178
42920,299.678,299.399,30.4579,-1.178
42930,299.678,299.399,31.5375,-1.178
42940,299.919,299.399,31.5375,-1.178
42950,299.919,299.399,31.5375,-1.178
42960,299.919,299.399,13.1559,-1.178
42970,299.544,299.145,37.0575,-1.178
42980,299.544,299.145,48.3727,-1.178
42990,299.544,299.145,48.3727,-1.178
43000,299.544,299.145,48.3727,-1.178
43010,299.602,298.866,48.3727,-3.36303
43020,299.602,299.534,74.1875,-1.178
43030,299.618,299.534,74.1875,-1.178
43040,299.618,299.534,55.562,-1.178
43050,299.618,299.483,79.8707,-1.178
43060,299.897,299.483,10.1154,-1.178
43070,299.897,299.493,13.881,-1.178
43080,299.897,299.493,4.45992,-1.178
43090,299.897,299.493,11.6028,-1.178
43100,299.897,299.493,54.0495,-1.178
43110,299.897,299.493,17.6372,-1.178
43120,299.945,299.493,17.6372,-1.178
43130,299.891,299.493,27.7391,-1.178
43140,299.891,299.493,27.7391,-1.178
43150,299.96,299.493,17.0677,-1.178
43160,299.758,299.493,32.4651,-1.178
43170,299.513,299.493,9.87474,-1.178
43180,299.513,299.493,95.3755,-1.178
43190,299.513,299.493,97.5704,-1.178
43200,299.513,299.493,75.8329,-1.178
43210,299.513,299.493,123.151,-1.178
43220,299.513,299.493,113.59,-1.178
43230,299.513,299.493,128.842,-1.178
43240,300.01,299.493,30.5702,-1.178
43250,300.01,299.493,15.0566,-1.178
43260,301.539,299.493,15.0566,-5.42989
43270,301.539,301.009,33.5778,-1.178
43280,301.539,301.009,33.5778,-1.178
43290,301.539,301.009,20.2771,-1.178
43300,301.539,301.009,8.25713,-1.178
43310,301.378,301.009,43.932,-1.178
43320,301.378,301.009,43.932,-1.178
43330,301.378,301.009,66.0327,-1.178
43340,301.378,301.009,8.67421,-1.178
43350,301.378,301.009,61.4158,-1.178
43360,301.378,301.009,63.8968,-1.178
43370,301.378,301.009,63.8968,-1.178
43380,301.378,301.332,14.0026,-1.178
43390,301.918,301.332,15.6626,-1.178
43400,301.918,301.332,15.6626,-1.178
43410,301.918,301.332,15.6626,-1.178
43420,301.918,301.618,6.24489,-1.178
43430,301.918,301.618,106.518,-3.36303
43440,301.918,301.618,92.7264,-3.36303
43450,301.888,301.618,23.2612,-1.178
43460,301.888,301.618,2.0133,-1.178
43470,301.888,301.618,39.9741,-1.178
43480,301.888,301.618,7.55662,-1.178
43490,301.888,301.618,81.8431,-1.178
43500,301.888,301.618,81.8431,-1.178
43510,301.888,301.656,81.8431,-1.178
43520,301.886,301.656,81.8431,-1.178
43530,301.886,301.656,81.8431,-1.178
43540,301.886,301.305,81.8431,-3.36303
43550,301.886,301.305,55.0423,-3.36303
43560,301.886,301.408,34.1425,-1.178
43570,301.886,301.408,20.6486,-1.178
43580,301.886,301.408,20.6486,-1.178
43590,301.886,301.408,1.65995,-1.178
43600,301.886,301.408,13.8732,-1.178
43610,301.886,301.477,10.1163,-1.178
43620,301.173,301.021,10.1163,-1.178
43630,301.173,301.021,74.0102,-1.178
43640,301.396,301.021,21.6413,-1.178
43650,301.396,301.021,47.5465,-1.178
43660,301.396,301.021,47.5465,-1.178
43670,301.396,301.021,5.97122,-1.178
43680,301.268,301.021,45.1315,-1.178
43690,301.268,301.021,84.2433,-1.178
43700,301.278,301.021,41.1408,-1.178
43710,301.278,301.021,41.1408,-1.178
43720,301.278,301.021,9.68138,-1.178
43730,301.102,300.827,92.4136,-3.36303
43740,301.102,300.827,4.2987,-1.178
43750,301.102,300.827,6.84958,-1.178
43760,301.102,300.827,29.769,-1.178
43770,301.102,300.827,7.02977,-1.178
43780,301.102,300.827,7.02977,-1.178
43790,300.796,300.614,14.426,-1.178
43800,300.796,300.614,17.3925,-1.178
43810,300.796,300.614,77.7866,-1.178
43820,300.796,300.614,4.801,-1.178
43830,300.796,300.614,60.3963,-1.178
43840,300.796,300.614,63.0782,-1.178
43850,300.865,300.614,81.572,-1.178
43860,300.94,300.614,69.7688,-1.178
43870,300.94,300.614,9.95623,-1.178
43880,300.94,300.614,57.8172,-1.178
43890,300.792,300.614,70.6885,-1.178
43900,300.792,300.614,83.7728,-1.178
43910,300.792,300.665,109.853,-1.178
43920,300.792,300.665,15.2488,-1.178
43930,301.831,300.665,27.6293,-3.36303
43940,301.831,300.665,3.20278,-3.36303
43950,301.831,300.665,0.925108,-3.36303
43960,301.103,300.665,30.7574,-1.178
43970,300.753,300.665,94.8802,-1.178
43980,300.792,300.665,48.0934,-1.178
43990,300.792,300.665,30.5313,-1.178
44000,300.792,300.665,112.042,-1.178
44010,300.792,300.665,29.8903,-1.178
44020,300.792,300.665,26.511,-1.178
44030,300.792,300.665,1.88344,-1.178
44040,300.792,300.665,60.5741,-1.178
44050,300.792,300.665,115.166,-3.36303
44060,300.792,300.665,102.616,-1.178
44070,300.792,300.747,0.543805,-1.178
44080,300.792,300.747,112.282,-1.178
44090,300.792,300.747,33.9795,-1.178
44100,300.792,300.365,51.3843,-1.178
44110,300.792,300.365,54.7342,-1.178
44120,300.792,300.365,54.7342,-1.178
44130,300.792,300.365,52.9429,-1.178
44140,300.792,300.365,40.0519,-1.178
44150,300.672,300.365,27.4399,-1.178
44160,300.773,300.365,21.9444,-1.178
44170,300.376,300.365,76.0415,-1.178
44180,300.376,300.365,71.2195,-1.178
44190,300.376,300.365,66.6494,-1.178
44200,300.56,300.365,98.6658,-1.178
44210,300.56,300.365,96.7368,-1.178
44220,300.56,300.365,12.2147,-1.178
44230,300.56,300.365,1.78652,-1.178
44240,300.397,300.365,24.9959,-1.178
44250,300.556,300.365,28.872,-1.178
44260,300.556,300.365,81.7188,-1.178
44270,300.556,300.264,67.6102,-1.178
44280,300.556,300.264,72.5581,-1.178
44290,300.556,300.264,14.0853,-1.178
44300,300.556,300.264,22.3498,-1.178
44310,300.312,300.264,48.5073,-1.178
44320,300.312,300.264,20.4857,-1.178
44330,300.312,299.73,20.4857,-1.178
44340,300.312,300.243,28.3783,-1.178
44350,300.629,300.243,28.3783,-1.178
44360,301.187,300.243,21.762,-3.36303
44370,301.187,300.653,3.41811,-1.178
44380,301.187,300.653,6.47803,-1.178
44390,300.686,300.653,74.162,-1.178
44400,300.686,300.653,98.7512,-1.178
44410,300.686,300.653,64.7095,-1.178
44420,300.686,300.653,114.002,-1.178
44430,300.686,300.653,91.6866,-1.178
44440,300.686,300.653,122.651,-1.178
44450,300.686,300.653,122.651,-1.178
44460,300.686,300.653,122.651,-1.178
44470,300.646,300.527,57.7655,-1.178
44480,300.646,300.527,86.2882,-1.178
44490,300.646,300.527,98.7542,-1.178
44500,300.646,300.527,98.7542,-1.178
44510,300.646,300.527,21.3802,-1.178
44520,300.646,300.527,61.1889,-1.178
44530,300.646,300.536,20.6282,-1.178
44540,300.646,300.237,40.6381,-1.178
44550,300.308,300.237,28.8546,-1.178
44560,300.308,299.108,28.8546,-3.36303
44570,300.733,300.501,59.0161,-1.178
44580,300.733,300.501,39.7951,-1.178
44590,300.99,300.501,6.23436,-1.178
44600,300.99,300.501,35.5371,-1.178
44610,301.09,300.501,23.3162,-1.178
44620,301.09,300.501,23.3162,-1.178
44630,301.09,300.501,22.1463,-1.178
44640,301.09,300.709,100.58,-3.36303
44650,301.27,300.642,88.1912,-5.42989
44660,301.162,300.642,36.2179,-1.178
44670,301.162,300.849,28.3005,-1.178
44680,301.162,300.849,28.3005,-1.178
44690,301.238,300.849,45.0066,-1.178
44700,301.238,300.849,86.2544,-3.36303
44710,301.238,300.849,5.63204,-1.178
44720,301.238,300.849,36.8183,-1.178
44730,301.238,300.849,10.8757,-1.178
44740,301.238,300.849,40.2978,-1.178
44750,301.238,300.849,34.0094,-1.178
44760,301.238,300.849,63.1655,-3.36303
44770,301.238,300.849,33.3063,-1.178
44780,301.238,300.849,5.9096,-1.178
44790,301.238,300.849,55.7425,-1.178
44800,301.238,300.849,53.1231,-1.178
44810,301.238,300.849,58.8246,-1.178
44820,301.238,300.849,60.8383,-1.178
44830,301.238,300.849,60.8383,-1.178
44840,301.238,300.868,54.929,-1.178
44850,300.939,300.868,80.8444,-1.178
44860,300.939,300.868,56.1016,-1.178
44870,300.939,300.868,108.505,-1.178
44880,300.939,300.868,108.505,-1.178
44890,300.939,300.868,108.505,-1.178
44900,300.939,300.868,86.5276,-1.178
44910,300.939,300.868,100.834,-1.178
44920,300.939,300.868,15.5186,-1.178
44930,300.939,300.868,20.6351,-1.178
44940,300.939,300.868,100.217,-1.178
44950,300.939,300.868,100.345,-1.178
44960,300.939,300.868,20.088,-1.178
44970,300.939,300.868,101.483,-1.178
44980,300.939,300.868,23.4397,-1.178
44990,300.939,300.868,98.0425,-1.178
45000,300.939,300.693,68.5903,-1.178
45010,300.939,300.693,68.5903,-1.178
45020,300.939,300.693,14.6964,-1.178
45030,300.939,300.693,85.0058,-1.178
45040,300.939,300.693,11.4527,-1.178
45050,301.111,300.693,40.0857,-1.178
45060,301.111,300.572,21.1167,-1.178
45070,301.111,300.572,39.3339,-3.36303
45080,301.111,300.572,31.1094,-1.178
45090,301.111,300.572,6.5227,-1.178
45100,301.111,300.572,6.5227,-1.178
45110,301.111,300.572,6.5227,-1.178
45120,301.111,300.572,22.3424,-1.178
45130,301.111,300.572,20.1664,-1.178
45140,301.111,300.572,20.1664,-1.178
45150,301.111,300.572,20.1664,-1.178
45160,300.595,300.466,7.0941,-1.178
45170,301.305,301.23,85.5101,-1.178
45180,301.305,301.23,96.5919,-1.178
45190,301.305,301.23,69.8512,-1.178
45200,301.305,301.23,46.5554,-1.178
45210,301.572,301.23,33.3025,-1.178
45220,301.572,301.23,3.52607,-1.178
45230,301.572,301.23,31.9893,-1.178
45240,301.572,301.23,33.8396,-1.178
45250,301.572,301.136,33.8396,-1.178
45260,301.572,301.136,33.8396,-1.178
45270,301.572,301.136,92.2352,-3.36303
45280,301.572,301.136,110.076,-5.42989
45290,301.572,301.314,77.8406,-1.178
45300,301.572,301.314,43.8883,-1.178
45310,301.572,300.343,27.1751,-3.36303
45320,301.572,301.271,0.327388,-1.178
45330,301.75,301.463,70.032,-1.178
45340,301.75,301.463,22.865,-1.178
45350,301.75,301.463,2.40131,-1.178
45360,301.75,301.655,36.0798,-1.178
45370,301.75,301.655,82.1659,-1.178
45380,301.75,301.655,14.6062,-1.178
45390,301.75,301.149,8.2843,-1.178
45400,301.73,301.149,8.2843,-1.178
45410,301.526,301.149,1.76921,-1.178
45420,301.427,300.947,1.76921,-1.178
45430,301.427,300.947,4.356,-1.178
45440,300.951,300.947,30.7513,-1.178
45450,300.951,300.947,67.1828,-1.178
45460,301.048,300.947,95.0322,-1.178
45470,301.048,301.034,10.7974,-1.178
45480,301.122,300.603,90.3789,-3.36303
45490,301.122,300,29.1299,-3.36303
45500,300.134,300,73.0024,-1.178
45510,300.134,300,82.2091,-1.178
45520,300.134,299.567,10.7991,-1.178
45530,299.854,299.567,10.7991,-1.178
45540,300.183,299.567,6.69223,-1.178
45550,300.183,299.567,6.69223,-1.178
45560,299.603,299.197,6.69223,-1.178
45570,299.603,299.197,31.0163,-1.178
45580,299.215,299.197,22.5306,-1.178
45590,299.215,299.197,124.164,-1.178
45600,299.215,299.197,54.6971,-1.178
45610,299.215,299.197,127.12,-1.178
45620,299.215,299.197,107.696,-1.178
45630,299.215,299.197,17.8306,-1.178
45640,299.215,299.197,37.9475,-1.178
45650,299.817,299.197,78.8017,-3.36303
45660,299.817,299.759,78.8017,-1.178
45670,299.817,299.759,8.29216,-1.178
45680,299.936,299.759,8.29216,-1.178
45690,299.936,299.425,81.8272,-3.36303
45700,299.936,299.425,64.2592,-3.36303
45710,299.936,299.837,1.11589,-1.178
45720,300.24,300.147,1.11589,-1.178
45730,300.24,300.147,73.0655,-1.178
45740,300.24,300.147,95.6988,-1.178
45750,300.24,300.147,57.0401,-1.178
45760,300.24,300.147,32.6108,-1.178
45770,300.24,300.147,105.847,-1.178
45780,300.24,300.147,30.5184,-1.178
45790,300.24,300.147,9.88152,-1.178
45800,300.24,299.63,46.1842,-3.36303
45810,300.24,299.63,169.06,-7.49676
45820,298.656,298.592,128.144,-3.36303
45830,298.684,298.659,58.5584,-1.178
45840,299.598,299.497,74.885,-1.178
45850,299.598,299.497,80.9177,-1.178
45860,299.598,299.497,87.4751,-1.178
45870,299.598,299.497,64.8591,-1.178
45880,299.598,299.497,126.769,-3.36303
45890,299.598,299.588,65.3748,-1.178
45900,299.598,299.588,72.492,-1.178
45910,299.672,299.588,89.9441,-1.178
45920,299.672,299.645,89.9441,-1.178
45930,299.672,299.645,110.896,-1.178
45940,299.672,299.645,72.5209,-1.178
45950,299.607,299.573,54.0784,-1.178
45960,300.084,299.573,13.1993,-1.178
45970,300.084,299.552,13.1993,-1.178
45980,300.084,299.552,13.1993,-1.178
45990,300.084,299.552,18.1852,-1.178
46000,299.564,299.552,35.1233,-1.178
46010,299.647,299.312,70.8068,-1.178
46020,299.647,299.312,19.9682,-1.178
46030,299.489,298.469,14.1053,-3.36303
46040,299.968,299.386,5.13908,-1.178
46050,299.968,299.386,5.13908,-1.178
46060,299.968,299.516,5.13908,-1.178
46070,299.968,299.516,44.8289,-1.178
46080,299.968,299.516,13.2391,-1.178
46090,299.968,299.516,13.2391,-1.178
46100,299.968,299.516,13.2391,-1.178
46110,299.69,299.516,87.1628,-1.178
46120,299.69,299.516,87.1893,-1.178
46130,299.69,299.516,48.9695,-1.178
46140,299.918,299.516,11.2554,-1.178
46150,299.918,299.859,96.5955,-1.178
46160,299.918,299.634,57.9801,-1.178
46170,299.918,299.634,51.0022,-1.178
46180,299.918,299.634,51.0022,-1.178
46190,299.681,299.634,51.0022,-1.178
46200,299.681,299.634,10.8362,-1.178
46210,299.681,299.634,17.8857,-1.178
46220,299.681,299.634,73.5226,-1.178
46230,299.681,298.734,172.221,-7.49676
46240,299.681,299.619,172.221,-7.49676
46250,299.681,299.619,60.7008,-1.178
46260,299.681,299.619,51.8037,-1.178
46270,299.681,299.399,31.0802,-1.178
46280,299.681,299.399,77.126,-1.178
46290,299.681,299.608,114.849,-1.178
46300,299.681,299.429,29.0442,-1.178
46310,299.799,298.804,15.5469,-3.36303
46320,299.799,298.804,14.964,-3.36303
46330,300.103,298.804,14.964,-3.36303
46340,300.349,298.804,57.0863,-5.42989
46350,299.18,298.804,57.0863,-1.178
46360,299.18,298.772,57.0863,-1.178
46370,299.18,298.772,36.3857,-1.178
46380,299.357,298.772,5.17094,-1.178
46390,299.357,299.032,5.17094,-1.178
46400,299.357,299.032,70.474,-1.178
46410,299.716,299.032,70.474,-3.36303
46420,299.716,299.032,58.6183,-3.36303
46430,299.434,299.032,20.1552,-1.178
46440,299.434,299.032,38.9841,-1.178
46450,299.123,299.032,38.1989,-1.178
46460,299.054,299.032,77.5472,-1.178
46470,299.054,299.032,97.7375,-1.178
46480,299.054,299.032,54.507,-1.178
46490,299.054,299.032,126.056,-1.178
46500,299.298,299.032,33.85,-1.178
46510,299.084,299.032,71.4399,-1.178
46520,299.084,299.032,16.7702,-1.178
46530,299.645,298.364,16.7702,-3.36303
46540,299.645,298.364,72.4717,-5.42989
46550,299.054,298.364,72.4717,-3.36303
46560,298.031,298.013,61.5226,-1.178
46570,298.031,298.013,5.74445,-1.178
46580,298.031,297.441,14.9843,-1.178
46590,297.596,297.441,14.9843,-1.178
46600,297.596,297.441,75.701,-1.178
46610,297.596,297.441,25.9905,-1.178
46620,297.562,297.441,25.9905,-1.178
46630,297.562,297.441,93.7332,-1.178
46640,297.562,297.357,93.7332,-1.178
46650,297.562,297.357,102.09,-3.36303
46660,297.562,297.463,63.7204,-1.178
46670,297.562,297.463,40.4299,-1.178
46680,297.562,297.463,71.6746,-1.178
46690,297.562,297.463,71.6746,-1.178
46700,297.562,297.455,122.326,-3.36303
46710,297.578,297.455,72.3374,-1.178
46720,297.578,297.455,75.6411,-1.178
46730,297.615,297.236,51.3836,-1.178
46740,297.615,297.469,69.1261,-1.178
46750,297.675,297.469,12.9449,-1.178
46760,297.675,297.469,93.5296,-1.178
46770,297.675,297.469,93.5296,-1.178
46780,297.675,297.469,82.9826,-1.178
46790,297.483,297.469,39.8592,-1.178
46800,297.93,297.469,20.8031,-1.178
46810,297.93,297.469,43.7566,-1.178
46820,297.695,297.363,26.4535,-1.178
46830,297.366,297.363,63.926,-1.178
46840,297.366,297.363,127.247,-1.178
46850,297.366,297.363,64.6248,-1.178
46860,297.366,297.363,101.586,-1.178
46870,297.366,297.363,93.2948,-1.178
46880,297.654,297.157,17.8336,-1.178
46890,297.407,297.109,59.7825,-1.178
46900,297.407,297.328,1.6541,-1.178
46910,297.672,297.328,70.0557,-1.178
46920,297.672,297.328,24.9569,-1.178
46930,297.672,297.328,24.9569,-1.178
46940,297.672,297.328,24.3912,-1.178
46950,297.672,297.474,106.319,-3.36303
46960,297.672,297.474,106.319,-3.36303
46970,297.729,297.474,57.8198,-1.178
46980,297.729,297.474,57.8198,-1.178
46990,297.729,297.474,82.8954,-1.178
47000,297.723,297.474,31.4577,-1.178
47010,297.723,297.474,5.59537,-1.178
47020,297.985,297.474,19.6457,-1.178
47030,297.996,297.845,28.1547,-1.178
47040,298.065,297.503,6.18338,-1.178
47050,298.128,297.503,52.8121,-3.36303
47060,298.307,297.503,24.843,-3.36303
47070,298.307,297.76,31.4134,-1.178
47080,297.95,297.76,0.690393,-1.178
47090,297.95,297.76,135.508,-7.49676
47100,297.95,297.939,135.508,-3.36303
47110,297.95,297.939,130.093,-1.178
47120,297.95,297.939,96.5763,-1.178
47130,298.164,297.939,109.897,-3.36303
47140,298.164,297.939,88.7876,-1.178
47150,298.164,297.939,11.056,-1.178
47160,298.144,297.952,90.4995,-1.178
47170,298.144,297.952,61.8724,-1.178
47180,298.144,297.908,61.8724,-1.178
47190,298.144,298.044,13.8289,-1.178
47200,298.144,297.306,13.8289,-3.36303
47210,297.75,297.306,26.372,-1.178
47220,297.45,297.306,103.648,-1.178
47230,297.45,297.306,80.4989,-1.178
47240,297.759,297.306,80.4989,-3.36303
47250,297.644,297.306,80.4989,-3.36303
47260,297.644,297.154,26.9672,-1.178
47270,297.644,297.553,5.0259,-1.178
47280,297.644,297.553,16.1982,-1.178
47290,297.644,297.553,2.72349,-1.178
47300,297.644,297.553,46.6548,-1.178
47310,297.644,297.553,115.738,-1.178
47320,297.644,297.553,97.1111,-1.178
47330,297.644,297.553,97.1111,-1.178
47340,297.644,297.553,110.474,-1.178
47350,297.761,297.553,94.6199,-1.178
47360,297.761,297.553,94.6199,-1.178
47370,297.761,297.553,53.4556,-1.178
47380,297.761,297.553,78.9575,-1.178
47390,297.942,297.553,52.3082,-1.178
47400,297.599,297.553,52.3082,-1.178
47410,297.599,297.553,75.7817,-1.178
47420,297.599,297.553,67.6247,-1.178
47430,297.599,297.553,86.4212,-1.178
47440,297.599,297.256,14.7963,-1.178
47450,297.599,297.256,3.2409,-1.178
47460,297.599,296.493,13.5871,-3.36303
47470,297.599,295.932,20.4267,-5.42989
47480,296.296,295.343,30.7385,-3.36303
47490,296.376,295.222,30.7385,-3.36303
47500,296.376,296.339,7.0082,-1.178
47510,296.493,296.339,110.414,-3.36303
47520,296.493,296.339,51.6821,-1.178
47530,296.493,296.339,18.0306,-1.178
47540,296.493,296.339,86.8254,-1.178
47550,296.493,296.339,23.203,-1.178
47560,296.493,296.339,35.1189,-1.178
47570,296.549,296.339,62.3064,-1.178
47580,296.478,296.339,97.5449,-1.178
47590,296.478,296.339,98.4035,-1.178
47600,296.478,296.339,69.2937,-1.178
47610,296.478,296.339,76.0229,-1.178
47620,296.478,296.339,6.20868,-1.178
47630,296.426,296.339,56.7324,-1.178
47640,296.426,295.619,56.7324,-3.36303
47650,296.152,295.619,56.7324,-3.36303
47660,296.098,295.032,81.542,-5.42989
47670,296.098,295.989,79.8541,-1.178
47680,296.098,295.989,79.8541,-1.178
47690,296.311,295.699,49.3543,-3.36303
47700,296.311,295.287,42.4226,-3.36303
47710,296.079,295.889,42.4226,-1.178
47720,296.079,295.951,21.153,-1.178
47730,296.079,295.702,54.6761,-1.178
47740,295.751,295.702,14.793,-1.178
47750,295.751,295.702,10.445,-1.178
47760,296.799,295.702,34.4863,-3.36303
47770,296.863,295.702,34.35,-3.36303
47780,296.863,296.071,34.35,-3.36303
47790,296.863,295.811,43.073,-3.36303
47800,296.863,296.851,43.6364,-1.178
47810,296.982,296.851,100.911,-1.178
47820,296.982,296.851,18.8099,-1.178
47830,297.046,296.851,18.8099,-1.178
47840,297.392,296.851,25.4246,-1.178
47850,297.392,296.97,25.4246,-1.178
47860,298.62,296.074,1.40951,-5.42989
47870,298.546,296.074,61.542,-7.49676
47880,298.546,296.074,96.7481,-7.49676
47890,298.444,296.441,96.7481,-7.49676
47900,297.3,297.287,111.058,-1.178
47910,297.3,296.684,52.0355,-3.36303
47920,297.3,296.16,24.4308,-3.36303
47930,298.15,296.27,11.5634,-5.42989
47940,298.459,297.962,54.9224,-3.36303
47950,298.459,297.962,54.9224,-3.36303
47960,298.188,297.962,80.2967,-1.178
47970,298.188,297.962,14.0935,-1.178
47980,298.188,298.162,24.9409,-1.178
47990,298.188,298.017,29.8859,-1.178
48000,298.188,298.131,91.2282,-1.178
48010,298.188,298.096,7.24016,-1.178
48020,298.188,298.096,37.8763,-1.178
48030,298.188,298.096,26.0344,-1.178
48040,298.188,298.096,82.1619,-1.178
48050,298.188,298.1,71.1465,-1.178
48060,299.464,297.6,148.864,-7.49676
48070,297.865,297.6,115.146,-5.42989
48080,297.865,297.543,52.0253,-1.178
48090,297.865,297.543,42.3696,-1.178
48100,298.186,297.543,7.52471,-1.178
48110,297.895,297.543,60.3516,-1.178
48120,297.784,297.543,41.1541,-1.178
48130,297.784,297.671,64.4916,-1.178
48140,298.014,297.671,64.4916,-1.178
48150,297.829,297.671,24.9141,-1.178
48160,297.829,297.671,80.7008,-1.178
48170,297.69,297.671,66.889,-1.178
48180,297.69,297.671,94.8769,-1.178
48190,297.69,297.14,37.615,-3.36303
48200,297.69,297.14,13.4538,-1.178
48210,297.69,297.14,16.1044,-1.178
48220,297.69,297.447,22.6905,-1.178
48230,297.69,297.386,57.2175,-1.178
48240,297.69,297.371,17.2802,-1.178
48250,297.824,297.641,83.7539,-1.178
48260,297.65,297.641,121.383,-1.178
48270,297.65,296.771,36.5565,-3.36303
48280,297.65,296.771,42.9595,-3.36303
48290,297.65,297.426,12.153,-1.178
48300,297.65,297.35,46.1164,-1.178
48310,297.65,297.191,45.6777,-1.178
48320,297.394,297.191,16.8413,-1.178
48330,297.394,297.38,100.032,-1.178
48340,297.394,297.38,106.041,-1.178
48350,297.394,297.38,58.3276,-1.178
48360,297.394,297.38,69.7605,-1.178
48370,297.467,297.38,26.0444,-1.178
48380,297.467,297.38,115.442,-1.178
48390,297.467,297.38,7.93481,-1.178
48400,297.467,297.38,68.9669,-1.178
48410,297.467,297.38,14.0942,-1.178
48420,297.587,297.38,32.9472,-1.178
48430,297.587,297.38,1.74148,-1.178
48440,297.549,297.373,93.4566,-1.178
48450,297.469,297.373,58.8799,-1.178
48460,297.469,297.373,4.95031,-1.178
48470,297.469,297.259,62.4544,-1.178
48480,297.469,297.259,50.4983,-1.178
48490,297.339,297.259,62.9554,-1.178
48500,297.851,297.259,2.47049,-1.178
48510,297.851,297.259,18.5345,-1.178
48520,297.851,297.259,18.5345,-1.178
48530,297.851,297.259,15.9161,-1.178
48540,297.851,297.259,15.9161,-1.178
48550,297.851,297.259,1.54816,-1.178
48560,297.851,297.259,8.75668,-1.178
48570,297.851,297.268,8.75668,-1.178
48580,297.845,297.367,87.1313,-3.36303
48590,297.845,297.367,44.3704,-1.178
48600,297.845,297.367,12.7654,-1.178
48610,297.845,297.367,68.7035,-3.36303
48620,297.899,297.876,68.7035,-1.178
48630,297.899,297.876,8.11466,-1.178
48640,299.031,298.979,43.3481,-1.178
48650,299.975,298.979,47.5014,-3.36303
48660,299.975,298.979,46.5748,-3.36303
48670,299.975,298.979,46.5748,-3.36303
48680,299.507,298.979,10.7296,-1.178
48690,299.36,299.21,3.19284,-1.178
48700,299.36,299.288,42.9713,-1.178
48710,299.36,299.288,88.6784,-1.178
48720,299.52,299.288,81.376,-1.178
48730,299.52,299.288,38.0152,-1.178
48740,299.52,299.288,115.445,-3.36303
48750,299.46,299.288,102.362,-1.178
48760,299.46,299.288,74.849,-1.178
48770,299.46,299.288,41.211,-1.178
48780,299.46,298.908,7.33513,-1.178
48790,299.063,298.908,32.2894,-1.178
48800,299.063,298.908,103.653,-1.178
48810,299.063,298.908,3.74552,-1.178
48820,298.792,298.766,118.849,-1.178
48830,298.832,298.766,55.6434,-1.178
48840,298.945,298.766,18.6572,-1.178
48850,298.945,298.766,18.6572,-1.178
48860,298.945,298.766,11.9016,-1.178
48870,298.945,298.766,37.5049,-1.178
48880,298.945,298.766,75.2893,-1.178
48890,298.945,298.766,51.0803,-1.178
48900,298.971,298.766,37.7811,-1.178
48910,298.971,298.766,41.4474,-1.178
48920,298.927,298.766,84.0445,-1.178
48930,298.927,298.766,13.8509,-1.178
48940,298.927,298.834,91.3948,-1.178
48950,298.927,298.834,17.714,-1.178
48960,299.238,298.834,23.9522,-1.178
48970,299.238,298.834,16.974,-1.178
48980,299.238,298.834,16.2984,-1.178
48990,298.956,298.745,39.8986,-1.178
49000,298.956,298.745,94.0872,-1.178
49010,298.956,298.711,103.713,-3.36303
49020,298.956,298.681,12.4713,-1.178
49030,298.956,298.681,65.6287,-1.178
49040,298.956,298.681,83.1845,-1.178
49050,298.956,298.681,83.1845,-1.178
49060,298.956,298.681,51.6858,-1.178
49070,298.882,298.681,96.4003,-1.178
49080,298.882,298.681,59.4793,-1.178
49090,298.882,298.681,72.4056,-1.178
49100,298.451,298.282,72.4056,-1.178
49110,298.451,298.282,47.2085,-1.178
49120,298.451,298.282,3.03025,-1.178
49130,298.451,298.282,112.887,-3.36303
49140,298.451,298.282,91.5206,-1.178
49150,298.451,298.282,27.4794,-1.178
49160,298.451,298.282,95.7206,-1.178
49170,298.487,298.282,70.1333,-1.178
49180,298.487,298.282,40.5052,-1.178
49190,298.487,298.282,63.5587,-1.178
49200,298.487,298.282,64.4776,-1.178
49210,298.487,298.282,95.0447,-1.178
49220,298.487,298.282,72.3338,-1.178
49230,298.487,298.443,64.8308,-1.178
49240,298.487,298.443,33.8481,-1.178
49250,298.823,298.443,36.9702,-1.178
49260,298.823,298.443,40.4081,-1.178
49270,298.557,298.443,63.7355,-1.178
49280,298.557,298.443,35.8886,-1.178
49290,298.557,298.443,48.994,-1.178
49300,298.557,298.443,51.7395,-1.178
49310,298.557,298.443,124.685,-3.36303
49320,298.557,298.443,82.2729,-1.178
49330,298.557,298.443,61.3644,-1.178
49340,298.557,298.443,78.2311,-1.178
49350,298.557,298.443,42.4709,-1.178
49360,298.557,298.443,45.9723,-1.178
49370,298.557,298.443,79.5113,-1.178
49380,298.668,298.443,44.2144,-1.178
49390,298.868,298.443,44.2144,-1.178
49400,298.868,298.443,0.0743762,-1.178
49410,298.868,298.738,28.5311,-1.178
49420,298.868,298.738,110.731,-1.178
49430,298.868,298.738,83.4186,-1.178
49440,298.868,298.738,110.77,-1.178
49450,298.868,298.738,82.4513,-1.178
49460,298.93,298.738,63.1278,-1.178
49470,298.93,298.715,62.1948,-1.178
49480,298.93,298.715,62.1948,-1.178
49490,298.809,298.174,62.1948,-3.36303
49500,298.809,298.478,62.6215,-1.178
49510,298.809,298.478,62.6215,-1.178
49520,298.643,298.478,71.5773,-1.178
49530,298.643,298.478,49.3275,-1.178
49540,298.643,298.478,71.5844,-1.178
49550,298.505,298.478,50.7191,-1.178
49560,299.007,298.168,33.4732,-3.36303
49570,298.72,298.168,24.0133,-1.178
49580,298.285,298.168,24.0133,-1.178
49590,298.432,298.168,14.0187,-1.178
49600,298.432,298.168,36.7387,-1.178
49610,298.305,298.168,6.16054,-1.178
49620,298.305,298.168,6.16054,-1.178
49630,298.305,298.168,77.8827,-1.178
49640,298.305,298.168,79.8007,-1.178
49650,298.305,298.057,23.5412,-1.178
49660,298.305,298.169,53.3569,-1.178
49670,298.795,298.534,42.9853,-1.178
49680,298.795,298.534,42.9853,-1.178
49690,298.795,298.102,0.226005,-1.178
49700,298.795,298.207,11.5574,-1.178
49710,298.795,298.207,4.31303,-1.178
49720,298.795,298.207,4.31303,-1.178
49730,297.923,297.82,38.5367,-1.178
49740,297.923,297.82,71.9423,-1.178
49750,297.923,297.82,53.4255,-1.178
49760,297.923,297.82,67.5139,-1.178
49770,297.923,297.873,80.4927,-1.178
49780,297.923,297.873,111.472,-1.178
49790,297.923,297.877,85.6023,-1.178
49800,297.923,297.877,121.856,-1.178
49810,297.923,297.877,119.205,-1.178
49820,299.396,297.877,25.3768,-5.42989
49830,299.396,297.877,25.3768,-5.42989
49840,300.89,297.877,30.5843,-7.49676
49850,298.937,297.877,40.4969,-3.36303
49860,297.879,297.877,41.5763,-1.178
49870,297.971,297.877,42.7546,-1.178
49880,298.459,297.877,3.20373,-1.178
49890,298.459,297.877,3.45353,-1.178
49900,298.459,297.877,0.996952,-1.178
49910,298.459,297.877,0.996952,-1.178
49920,298.275,298.065,92.9042,-1.178
49930,298.275,298.065,48.9119,-1.178
49940,298.158,298.065,14.0512,-1.178
49950,298.158,298.065,76.8784,-1.178
49960,298.229,298.065,88.8524,-1.178
49970,298.229,298.065,41.0645,-1.178
49980,298.229,298.081,41.0645,-1.178
49990,298.247,298.081,93.468,-1.178
50000,298.247,298.081,93.468,-1.178
50010,298.247,298.081,67.7822,-1.178
50020,298.247,298.081,76.2533,-1.178
50030,298.247,298.081,98.6157,-1.178
50040,298.247,297.44,34.8365,-3.36303
50050,297.74,297.44,34.8365,-1.178
50060,297.74,297.483,6.95098,-1.178
50070,297.74,297.483,11.4993,-1.178
50080,297.74,297.483,61.4344,-1.178
50090,297.74,297.415,61.4344,-1.178
50100,297.74,297.616,45.8582,-1.178
50110,297.74,297.524,92.5632,-1.178
50120,297.74,297.524,75.66,-1.178
50130,297.74,297.524,75.66,-1.178
50140,297.74,297.524,75.66,-1.178
50150,297.596,297.524,92.589,-1.178
50160,297.596,297.524,79.6483,-1.178
50170,297.611,297.19,41.7619,-1.178
50180,297.611,297.19,41.6738,-1.178
50190,297.611,297.19,52.4297,-1.178
50200,297.611,297.19,5.38639,-1.178
50210,297.611,297.19,54.6278,-1.178
50220,297.611,297.19,54.6278,-1.178
50230,297.611,297.19,3.71209,-1.178
50240,297.611,297.247,0.845174,-1.178
50250,297.611,297.303,0.845174,-1.178
50260,297.763,297.656,52.2604,-1.178
50270,298.624,297.656,2.79327,-3.36303
50280,297.711,297.656,15.9067,-1.178
50290,297.711,297.656,69.0693,-1.178
50300,297.711,297.418,67.9052,-1.178
50310,297.711,297.418,1.70434,-1.178
50320,297.711,297.418,79.18,-1.178
50330,297.711,297.418,19.0794,-1.178
50340,297.604,297.418,19.0794,-1.178
50350,297.909,297.254,54.0394,-3.36303
50360,297.159,296.894,34.2619,-1.178
50370,296.965,296.894,109.154,-1.178
50380,296.965,296.894,38.5985,-1.178
50390,296.965,296.894,64.8235,-1.178
50400,297.031,296.894,93.3662,-1.178
50410,297.031,296.894,58.6759,-1.178
50420,297.078,296.894,89.6048,-1.178
50430,297.078,296.894,87.4316,-1.178
50440,297.078,296.894,78.7188,-1.178
50450,297.078,296.894,95.5947,-1.178
50460,296.913,296.894,106.266,-1.178
50470,296.913,296.53,41.9544,-1.178
50480,296.758,296.53,16.9462,-1.178
50490,296.758,296.53,65.4273,-1.178
50500,296.758,296.53,14.8933,-1.178
50510,296.758,296.184,73.668,-3.36303
50520,296.758,296.184,14.9786,-1.178
50530,296.758,296.184,14.9786,-1.178
50540,296.758,295.595,72.3534,-5.42989
50550,296.758,295.523,72.3534,-5.42989
50560,296.758,296.208,69.6024,-3.36303
50570,296.758,296.208,25.0142,-1.178
50580,296.758,296.101,47.1488,-3.36303
50590,296.758,296.101,28.0285,-3.36303
50600,296.758,295.594,8.44656,-3.36303
50610,296.758,295.684,14.6705,-3.36303
50620,296.624,295.684,29.2789,-3.36303
50630,296.624,295.684,14.0295,-3.36303
50640,297.047,295.969,28.7928,-3.36303
50650,296.021,295.969,110.459,-1.178
50660,296.021,295.969,107.949,-1.178
50670,296.021,295.969,118.895,-1.178
50680,296.021,295.969,42.9607,-1.178
50690,296.021,295.969,84.3863,-1.178
50700,296.226,295.969,86.9889,-1.178
50710,296.226,295.969,27.1459,-1.178
50720,296.226,295.969,71.1199,-1.178
50730,296.226,295.969,71.1199,-1.178
50740,296.226,295.969,71.1199,-1.178
50750,296.226,295.969,80.9674,-1.178
50760,296.226,296.044,44.7691,-1.178
50770,296.226,296.044,50.9787,-1.178
50780,296.226,296.044,56.1311,-1.178
50790,296.226,296.044,27.0731,-1.178
50800,296.226,296.042,93.9568,-1.178
50810,296.226,296.042,121.092,-3.36303
50820,296.226,296.042,29.8412,-1.178
50830,296.226,295.465,90.6487,-5.42989
50840,296.996,296.308,102.858,-5.42989
50850,297.349,295.046,164.881,-7.49676
50860,296.769,295.046,30.492,-5.42989
50870,296.832,296.716,33.0627,-1.178
50880,296.832,296.716,124.606,-3.36303
50890,296.832,296.716,72.9202,-1.178
50900,296.832,296.725,72.9202,-1.178
50910,296.845,296.725,38.3406,-1.178
50920,296.845,296.725,72.6502,-1.178
50930,296.845,296.725,41.328,-1.178
50940,296.845,296.725,113.704,-1.178
50950,296.845,296.725,22.8935,-1.178
50960,296.845,296.388,44.9691,-1.178
50970,296.845,296.388,22.1042,-1.178
50980,296.845,296.388,12.7247,-1.178
50990,296.845,296.388,12.7247,-1.178
51000,296.845,296.388,19.7639,-1.178
51010,296.845,296.388,86.2526,-3.36303
51020,296.845,296.388,77.0119,-3.36303
51030,296.845,296.756,77.0119,-1.178
51040,296.825,296.756,22.7676,-1.178
51050,296.825,296.756,27.4706,-1.178
51060,296.873,296.756,113.347,-1.178
51070,296.873,296.756,4.84084,-1.178
51080,296.754,296.552,25.1672,-1.178
51090,296.754,296.552,92.1412,-1.178
51100,296.754,296.552,92.1412,-1.178
51110,296.754,296.552,56.8286,-1.178
51120,296.754,296.552,69.2704,-1.178
51130,296.754,296.552,69.2704,-1.178
51140,296.754,296.552,69.3712,-1.178
51150,296.754,296.552,16.734,-1.178
51160,296.754,296.552,61.2432,-1.178
51170,296.754,296.552,80.3497,-1.178
51180,296.776,296.552,96.5603,-3.36303
51190,296.776,296.552,85.1591,-1.178
51200,296.601,296.552,85.1591,-1.178
51210,296.702,296.552,21.2274,-1.178
51220,296.702,296.552,80.9797,-1.178
51230,296.702,296.552,80.9797,-1.178
51240,296.702,296.552,89.5997,-1.178
51250,296.702,296.587,116.401,-3.36303
51260,296.702,296.587,116.401,-3.36303
51270,296.702,296.587,97.9901,-1.178
51280,296.702,296.587,55.7207,-1.178
51290,296.702,296.656,88.6743,-1.178
51300,296.702,296.656,115.953,-1.178
51310,296.702,296.656,83.6657,-1.178
51320,296.702,296.656,59.7727,-1.178
51330,296.702,296.656,7.44888,-1.178
51340,296.801,296.656,86.3858,-1.178
51350,296.801,296.656,47.0988,-1.178
51360,296.801,296.656,92.4288,-1.178
51370,296.801,296.656,26.8562,-1.178
51380,296.801,296.656,50.8985,-1.178
51390,297.027,297.004,50.8985,-1.178
51400,297.023,297.004,73.4281,-1.178
51410,297.023,296.948,73.4281,-1.178
51420,297.023,296.794,72.3309,-1.178
51430,297.023,296.794,76.9244,-1.178
51440,297.023,296.794,38.6157,-1.178
51450,297.023,296.748,74.1428,-1.178
51460,297.023,296.731,60.4206,-1.178
51470,297.023,296.731,57.0009,-1.178
51480,297.023,296.731,57.0009,-1.178
51490,297.023,296.887,38.2799,-1.178
51500,297.677,297.311,23.5373,-1.178
51510,297.677,297.311,77.3415,-3.36303
51520,297.438,297.311,95.1365,-1.178
51530,297.438,297.311,95.1365,-1.178
51540,297.438,297.311,41.1414,-1.178
51550,297.87,297.311,84.1663,-3.36303
51560,297.87,297.311,84.1663,-3.36303
51570,297.87,297.69,49.8297,-1.178
51580,298.222,297.69,91.068,-3.36303
51590,298.222,297.69,26.1482,-1.178
51600,298.222,298.068,93.7561,-1.178
51610,298.222,298.068,25.0221,-1.178
51620,298.222,298.068,66.2223,-1.178
51630,298.222,298.068,66.2223,-1.178
51640,298.222,297.986,78.4682,-1.178
51650,298.222,297.986,5.66686,-1.178
51660,298.222,297.986,78.05,-1.178
51670,298.222,297.539,0.918423,-1.178
51680,298.222,297.539,0.918423,-1.178
51690,298.222,297.539,0.918423,-1.178
51700,298.222,297.539,0.903103,-1.178
51710,298.222,297.528,0.903103,-1.178
51720,297.894,297.528,0.391037,-1.178
51730,297.894,296.45,0.391037,-3.36303
51740,298.338,296.441,12.3886,-5.42989
51750,297.902,296.441,63.5146,-5.42989
51760,298.629,296.441,9.77403,-5.42989
51770,297.112,295.243,32.3222,-5.42989
51780,296.103,295.57,32.3222,-1.178
51790,296.103,295.684,88.8215,-3.36303
51800,296.23,295.684,39.7695,-3.36303
51810,296.23,295.82,20.0681,-1.178
51820,296.22,295.82,31.5605,-1.178
51830,296.245,295.957,85.9909,-3.36303
51840,296.245,295.957,23.9725,-1.178
51850,296.245,295.957,46.536,-1.178
51860,296.245,295.957,44.9589,-1.178
51870,296.245,295.957,53.8071,-1.178
51880,296.245,295.957,5.86898,-1.178
51890,296.5,295.957,27.8924,-1.178
51900,296.403,295.957,27.8924,-1.178
51910,296.288,295.957,57.531,-1.178
51920,296.288,295.585,34.8831,-3.36303
51930,295.379,295.374,5.69694,-1.178
51940,295.379,295.374,106.976,-1.178
51950,295.379,295.374,104.39,-1.178
51960,295.379,295.374,22.3337,-1.178
51970,295.379,295.007,65.3726,-1.178
51980,295.379,295.007,65.3726,-1.178
51990,295.379,295.007,65.3726,-1.178
52000,295.379,295.015,65.3726,-1.178
52010,295.379,295.015,65.2853,-1.178
52020,295.379,295.015,65.2853,-1.178
52030,295.379,295.015,65.2853,-1.178
52040,295.661,294.931,65.2853,-3.36303
52050,295.661,294.857,65.2853,-3.36303
52060,295.253,294.857,65.2853,-3.36303
52070,295.253,294.857,44.8376,-1.178
52080,295.253,294.857,49.8659,-1.178
52090,295.292,294.857,99.9944,-3.36303
52100,295.292,295.204,73.7634,-1.178
52110,295.292,295.204,62.6684,-1.178
52120,295.292,295.204,60.0621,-1.178
52130,295.292,295.204,93.0955,-1.178
52140,295.292,295.154,93.0955,-1.178
52150,295.292,295.154,28.2775,-1.178
52160,295.292,295.167,44.1212,-1.178
52170,295.713,295.167,40.9082,-3.36303
52180,295.713,295.558,11.2446,-1.178
52190,296.003,295.558,14.2466,-1.178
52200,296.129,295.558,14.2466,-1.178
52210,296.129,295.558,19.4219,-1.178
52220,295.897,295.558,52.1699,-1.178
52230,295.661,295.36,57.5735,-1.178
52240,295.661,295.36,47.3257,-1.178
52250,295.661,295.36,72.6519,-1.178
52260,295.661,295.36,47.533,-1.178
52270,295.661,295.36,23.9499,-1.178
52280,295.661,295.36,23.9499,-1.178
52290,295.661,295.36,35.6063,-1.178
52300,295.661,295.36,35.6063,-1.178
52310,295.661,295.141,30.556,-1.178
52320,295.661,295.141,30.556,-1.178
52330,295.661,294.986,52.2702,-3.36303
52340,295.661,294.986,43.9719,-3.36303
52350,295.661,294.961,43.9719,-3.36303
52360,295.444,294.961,43.9719,-1.178
52370,295.444,295.107,43.9719,-1.178
52380,295.67,294.866,63.5691,-3.36303
52390,295.67,294.866,14.0922,-3.36303
52400,295.67,295.391,14.0922,-1.178
52410,295.67,295.391,48.0579,-1.178
52420,295.528,295.391,19.0394,-1.178
52430,295.528,295.391,33.4955,-1.178
52440,295.502,295.009,33.4955,-1.178
52450,295.502,295.009,33.4955,-1.178
52460,295.502,294.22,20.7697,-3.36303
52470,295.502,295.128,20.0044,-1.178
52480,295.172,294.944,20.0044,-1.178
52490,294.912,294.627,172.696,-7.49676
52500,293.404,293.32,124.713,-3.36303
52510,293.404,293.288,124.713,-3.36303
52520,293.404,293.288,38.0513,-1.178
52530,293.404,293.278,38.0513,-1.178
52540,293.404,293.278,38.0513,-1.178
52550,293.404,293.278,38.0513,-1.178
52560,293.404,292.832,38.0513,-3.36303
52570,293.734,292.832,32.3881,-3.36303
52580,294.015,292.832,9.64974,-3.36303
52590,293.627,292.832,49.7175,-3.36303
52600,293.799,293.106,90.5001,-5.42989
52610,293.799,293.68,90.5001,-1.178
52620,293.958,293.68,36.9275,-1.178
52630,293.958,293.68,13.514,-1.178
52640,294.163,293.68,40.1614,-1.178
52650,293.752,293.68,40.1614,-1.178
52660,293.752,293.68,86.4429,-1.178
52670,293.752,293.68,91.3602,-1.178
52680,294.33,293.624,52.2782,-3.36303
52690,294.33,293.624,74.6787,-3.36303
52700,294.33,293.624,74.6787,-3.36303
52710,294.1,293.624,87.0501,-3.36303
52720,294.1,293.753,60.9231,-1.178
52730,293.986,293.753,60.9231,-1.178
52740,293.986,293.753,60.9231,-1.178
52750,293.986,293.753,58.5177,-1.178
52760,293.986,293.753,50.2412,-1.178
52770,294.129,293.753,23.714,-1.178
52780,294.129,293.753,23.714,-1.178
52790,293.843,293.753,14.9901,-1.178
52800,295.072,293.753,14.9901,-3.36303
52810,295.072,294.613,14.9901,-1.178
52820,295.072,294.613,14.9901,-1.178
52830,295.072,294.613,14.9901,-1.178
52840,295.072,294.613,11.7221,-1.178
52850,295.072,294.613,27.6101,-1.178
52860,295.155,294.613,79.3513,-3.36303
52870,295.089,294.847,98.2687,-3.36303
52880,295.089,294.847,98.2687,-3.36303
52890,295.089,294.847,7.21814,-1.178
52900,295.089,294.999,58.6006,-1.178
52910,295.089,294.999,2.46062,-1.178
52920,295.089,294.999,2.46062,-1.178
52930,295.089,294.999,105.838,-1.178
52940,295.089,294.999,105.838,-1.178
52950,295.089,294.999,105.838,-1.178
52960,295.089,294.999,10.3265,-1.178
52970,295.089,294.595,10.3265,-1.178
52980,295.089,294.641,10.3265,-1.178
52990,295.113,294.641,10.3265,-1.178
53000,295.113,295.108,10.3265,-1.178
53010,295.113,295.108,33.3574,-1.178
53020,295.557,295.108,32.9656,-1.178
53030,295.557,295.108,32.9656,-1.178
53040,295.557,295.052,32.9656,-1.178
53050,295.579,295.354,32.9656,-1.178
53060,295.491,295.354,77.1662,-1.178
53070,295.411,295.354,77.1662,-1.178
53080,296.458,296.307,1.34577,-1.178
53090,296.458,296.105,51.118,-1.178
53100,296.458,295.833,0.181365,-1.178
53110,296.458,296.364,0.181365,-1.178
53120,296.458,296.364,87.5185,-1.178
53130,296.458,296.364,51.63,-1.178
53140,296.458,296.389,62.1331,-1.178
53150,296.458,296.292,62.1331,-1.178
53160,296.458,296.292,54.0367,-1.178
53170,296.458,296.292,42.7079,-1.178
53180,296.458,296.292,80.7421,-1.178
53190,296.458,296.292,95.6371,-1.178
53200,296.458,296.292,74.3892,-1.178
53210,296.458,296.292,74.3892,-1.178
53220,297.546,296.292,13.3062,-3.36303
53230,297.173,295.307,13.3062,-5.42989
53240,296.834,296.427,13.3062,-1.178
53250,296.834,296.427,13.3062,-1.178
53260,296.834,296.427,23.2449,-1.178
53270,296.834,296.427,92.2509,-3.36303
53280,296.834,296.427,26.4893,-1.178
53290,296.834,296.427,21.6825,-1.178
53300,296.834,296.427,21.6825,-1.178
53310,296.834,296.427,21.6825,-1.178
53320,296.924,296.427,21.6825,-1.178
53330,296.924,296.634,21.6825,-1.178
53340,296.924,296.634,21.6825,-1.178
53350,296.924,296.874,61.7063,-1.178
53360,297.121,296.874,16.0925,-1.178
53370,297.121,296.874,27.5966,-1.178
53380,297.121,296.874,78.9134,-1.178
53390,297.121,296.874,78.9134,-1.178
53400,297.121,296.874,9.55035,-1.178
53410,297.49,296.874,16.6876,-1.178
53420,297.395,296.874,55.6117,-3.36303
53430,297.395,296.874,55.6117,-3.36303
53440,296.875,296.874,55.5236,-1.178
53450,297.099,296.711,50.6894,-1.178
53460,297.014,296.711,7.76466,-1.178
53470,296.726,296.677,8.54527,-1.178
53480,296.726,296.677,8.54527,-1.178
53490,296.774,296.677,1.72865,-1.178
53500,296.774,296.677,68.6992,-1.178
53510,296.774,296.677,98.5915,-1.178
53520,296.774,296.677,77.9269,-1.178
53530,296.774,296.677,88.864,-1.178
53540,296.774,296.677,88.864,-1.178
53550,296.774,296.523,88.864,-1.178
53560,296.774,296.523,29.9324,-1.178
53570,296.774,296.523,71.7013,-1.178
53580,296.943,296.204,71.7013,-3.36303
53590,296.944,296.204,71.7013,-3.36303
53600,296.551,296.204,69.0264,-1.178
53610,296.551,296.204,45.0919,-1.178
53620,296.551,296.204,43.7197,-1.178
53630,296.551,296.204,5.67865,-1.178
53640,296.551,296.204,10.8548,-1.178
53650,296.325,296.204,101.686,-1.178
53660,296.325,296.204,23.8568,-1.178
53670,296.325,296.204,32.8184,-1.178
53680,296.39,296.204,32.8184,-1.178
53690,296.39,295.848,32.8184,-1.178
53700,296.39,295.848,32.8184,-1.178
53710,296.39,296.17,32.8184,-1.178
53720,296.39,295.943,48.3955,-1.178
53730,296.083,295.943,19.8398,-1.178
53740,296.083,295.943,19.8398,-1.178
53750,296.083,295.943,15.1093,-1.178
53760,296.236,295.943,15.1093,-1.178
53770,296.104,295.884,89.1862,-1.178
53780,296.104,296.071,89.1862,-1.178
53790,296.104,295.744,16.4565,-1.178
53800,296.104,295.189,43.6857,-3.36303
53810,296.105,295.189,43.6857,-3.36303
53820,295.201,295.189,43.6857,-1.178
53830,295.201,295.189,38.1473,-1.178
53840,295.471,295.189,5.6215,-1.178
53850,295.471,295.189,66.4538,-1.178
53860,295.471,294.85,66.4538,-3.36303
53870,295.471,294.85,66.4538,-3.36303
53880,294.907,294.85,66.4538,-1.178
53890,294.907,294.85,116.501,-1.178
53900,294.907,294.85,84.0305,-1.178
53910,294.907,294.85,39.3187,-1.178
53920,295.347,294.85,39.3187,-1.178
53930,295.347,295.045,39.3187,-1.178
53940,295.347,295.045,68.7459,-1.178
53950,295.347,295.045,68.7459,-1.178
53960,295.347,295.045,68.7459,-1.178
53970,295.408,295.283,80.6867,-1.178
53980,295.408,295.283,82.6613,-1.178
53990,296.394,295.283,28.6996,-3.36303
54000,295.634,295.283,60.661,-1.178
54010,295.634,295.283,60.661,-1.178
54020,295.634,295.466,60.661,-1.178
54030,295.634,295.466,43.8927,-1.178
54040,295.634,295.614,71.3599,-1.178
54050,295.634,295.494,36.8143,-1.178
54060,295.634,295.494,47.2142,-1.178
54070,295.634,295.494,47.2142,-1.178
54080,295.634,294.191,97.2839,-7.49676
54090,295.408,294.191,123.617,-7.49676
54100,294.557,294.191,190.565,-7.49676
54110,294.557,292.87,117.255,-7.49676
54120,294.572,294.238,77.1597,-3.36303
54130,294.572,294.238,17.2569,-1.178
54140,294.318,294.238,39.3432,-1.178
54150,294.318,294.238,39.3432,-1.178
54160,294.318,294.05,78.8636,-1.178
54170,294.318,294.05,78.8636,-1.178
54180,294.318,294.05,47.5588,-1.178
54190,294.318,294.05,39.8162,-1.178
54200,294.318,294.05,20.432,-1.178
54210,294.318,293.946,59.6555,-1.178
54220,294.318,294.132,28.0392,-1.178
54230,294.318,294.132,58.9506,-1.178
54240,294.318,294.132,58.9506,-1.178
54250,294.469,294.132,26.3597,-1.178
54260,294.503,294.132,26.3597,-1.178
54270,294.348,294.132,26.3597,-1.178
54280,294.348,294.113,32.166,-1.178
54290,294.348,294.113,32.166,-1.178
54300,294.348,294.113,89.3605,-1.178
54310,294.348,294.156,89.3605,-1.178
54320,294.348,294.156,89.3605,-1.178
54330,294.371,294.156,72.3713,-1.178
54340,294.371,294.156,71.1624,-1.178
54350,294.472,294.156,71.1624,-1.178
54360,294.472,294.156,71.1624,-1.178
54370,294.472,294.156,44.9926,-1.178
54380,294.472,294.156,44.9926,-1.178
54390,294.472,294.156,55.8433,-1.178
54400,294.472,294.156,72.1668,-1.178
54410,294.472,294.156,21.3652,-1.178
54420,294.472,294.156,38.8605,-1.178
54430,294.472,294.156,38.8605,-1.178
54440,294.472,294.156,33.4026,-1.178
54450,294.472,294.156,68.4225,-1.178
54460,294.472,294.156,68.4225,-1.178
54470,294.472,294.156,37.0986,-1.178
54480,294.472,294.156,74.9767,-1.178
54490,294.472,294.156,11.149,-1.178
54500,294.472,294.156,68.2825,-1.178
54510,294.472,294.156,68.2825,-1.178
54520,294.472,294.156,68.2825,-1.178
54530,294.472,294.156,53.198,-1.178
54540,294.472,294.085,20.4044,-1.178
54550,294.472,294.188,20.4044,-1.178
54560,294.472,294.1,20.4044,-1.178
54570,294.472,294.1,14.3067,-1.178
54580,294.394,294.255,14.3067,-1.178
54590,294.658,294.255,14.3067,-1.178
54600,294.658,294.255,100.473,-3.36303
54610,294.658,294.255,100.473,-3.36303
54620,294.658,294.255,95.766,-3.36303
54630,294.658,294.255,51.354,-1.178
54640,294.658,294.255,37.8098,-1.178
54650,294.658,294.255,11.4434,-1.178
54660,294.658,294.255,23.7268,-1.178
54670,294.658,294.398,23.7268,-1.178
54680,294.658,294.398,23.7268,-1.178
54690,294.658,294.398,23.7268,-1.178
54700,294.658,293.332,23.7268,-3.36303
54710,294.658,293.829,54.9923,-3.36303
54720,294.658,293.829,54.9923,-3.36303
54730,294.658,293.807,54.9923,-3.36303
54740,294.075,293.807,7.7223,-1.178
54750,294.075,293.807,7.7223,-1.178
54760,294.075,294.005,26.2539,-1.178
54770,294.24,294.005,63.5993,-1.178
54780,294.24,294.005,10.6055,-1.178
54790,294.24,294.005,49.549,-1.178
54800,294.081,294.005,49.549,-1.178
54810,294.081,294.005,63.9841,-1.178
54820,294.081,294.005,41.9985,-1.178
54830,294.081,294.005,52.3994,-1.178
54840,294.081,294.005,52.3994,-1.178
54850,294.081,294.005,29.3584,-1.178
54860,294.081,293.471,29.3584,-3.36303
54870,294.081,293.471,29.3584,-3.36303
54880,294.081,293.471,29.3584,-3.36303
54890,294.081,293.243,29.3584,-3.36303
54900,293.414,293.307,32.2176,-1.178
54910,294.362,293.307,32.2176,-3.36303
54920,294.362,293.307,25.0145,-3.36303
54930,293.359,293.307,25.0145,-1.178
54940,293.359,293.307,74.1765,-1.178
54950,293.359,293.19,16.3759,-1.178
54960,294.074,293.19,26.534,-3.36303
54970,294.074,293.19,5.7698,-3.36303
54980,294.257,293.19,22.8482,-3.36303
54990,294.041,293.789,39.0852,-1.178
55000,294.04,293.953,82.2501,-1.178
55010,294.04,293.953,21.9366,-1.178
55020,294.04,293.739,13.0371,-1.178
55030,294.04,293.739,40.56,-1.178
55040,294.04,293.739,40.56,-1.178
55050,294.04,293.775,37.7461,-1.178
55060,294.303,294.026,37.7461,-1.178
55070,294.303,294.026,45.0067,-1.178
55080,294.303,294.026,17.4938,-1.178
55090,294.303,294.026,17.4938,-1.178
55100,294.266,294.026,17.4938,-1.178
55110,294.266,293.593,4.58151,-1.178
55120,294.266,294.01,33.5534,-1.178
55130,294.266,294.01,33.5534,-1.178
55140,294.266,294.01,33.5534,-1.178
55150,294.043,294.01,33.5534,-1.178
55160,294.043,294.01,80.3883,-1.178
55170,294.043,294.01,19.5393,-1.178
55180,294.043,294.01,109.701,-1.178
55190,294.043,294.01,15.8399,-1.178
55200,294.356,294.01,15.8399,-1.178
55210,294.55,294.01,15.8399,-1.178
55220,294.55,293.944,15.8399,-1.178
55230,294.875,293.944,15.8399,-3.36303
55240,294.875,293.944,15.8399,-3.36303
55250,294.577,293.944,15.8399,-3.36303
55260,294.058,293.944,54.4581,-1.178
55270,294.058,293.404,54.4581,-3.36303
55280,294.058,293.548,15.3056,-1.178
55290,294.058,293.632,15.3056,-1.178
55300,294.058,293.842,97.3592,-3.36303
55310,294.217,293.842,1.62894,-1.178
55320,294.681,293.842,3.44372,-3.36303
55330,294.628,293.842,29.822,-3.36303
55340,294.388,293.842,90.516,-3.36303
55350,294.388,293.842,67.703,-3.36303
55360,294.265,293.914,32.9196,-1.178
55370,294.265,293.914,21.7052,-1.178
55380,294.265,293.871,47.6406,-1.178
55390,294.265,294.147,16.7209,-1.178
55400,294.265,294.147,103.222,-1.178
55410,294.265,294.147,89.7525,-1.178
55420,294.265,294.147,89.7525,-1.178
55430,294.265,294.147,13.2403,-1.178
55440,294.265,294.147,49.6855,-1.178
55450,294.265,294.147,49.6855,-1.178
55460,294.265,294.147,86.6579,-1.178
55470,294.265,294.147,86.6579,-1.178
55480,294.265,294.147,86.6579,-1.178
55490,294.265,294.05,53.3973,-1.178
55500,294.265,294.05,21.7901,-1.178
55510,294.265,294.05,87.4923,-1.178
55520,294.265,294.05,87.4923,-1.178
55530,294.167,294.05,55.2027,-1.178
55540,294.167,294.05,14.3364,-1.178
55550,294.26,294.05,61.8829,-1.178
55560,294.26,294.05,48.9532,-1.178
55570,294.405,294.05,22.4673,-1.178
55580,294.405,294.306,17.6694,-1.178
55590,295.334,294.306,16.4452,-3.36303
55600,295,292.896,16.4452,-5.42989
55610,295,292.896,16.4452,-5.42989
55620,295,292.896,67.9266,-7.49676
55630,293.498,292.623,137.062,-7.49676
55640,293.498,292.623,23.0844,-3.36303
55650,293.843,292.623,16.3874,-3.36303
55660,293.843,292.623,16.3874,-3.36303
55670,293.843,293.102,16.3874,-3.36303
55680,293.462,293.102,7.51289,-1.178
55690,293.462,293.102,62.7035,-1.178
55700,293.462,293.102,62.7035,-1.178
55710,293.168,293.102,89.4213,-1.178
55720,293.168,293.102,89.4213,-1.178
55730,293.168,293.102,89.4213,-1.178
55740,293.168,293.102,47.0703,-1.178
55750,293.168,293.113,116.096,-1.178
55760,293.168,293.113,13.446,-1.178
55770,293.168,293.113,58.4168,-1.178
55780,293.857,293.113,66.3227,-3.36303
55790,293.399,293.113,66.3227,-1.178
55800,293.446,293.315,59.5284,-1.178
55810,293.446,293.315,4.06599,-1.178
55820,293.446,293.315,4.06599,-1.178
55830,293.446,293.315,26.0523,-1.178
55840,293.385,291.868,174.866,-7.49676
55850,293.385,293.373,174.866,-7.49676
55860,295.576,294.754,174.866,-7.49676
55870,295.462,293.165,18.2688,-5.42989
55880,293.197,293.165,18.2688,-1.178
55890,293.197,293.143,18.2688,-1.178
55900,294.362,293.143,18.2688,-3.36303
55910,294.869,294.318,18.2688,-1.178
55920,294.869,294.318,18.2688,-1.178
55930,294.869,294.668,18.2688,-1.178
55940,295.256,294.668,18.2688,-1.178
55950,295.256,294.668,18.2688,-1.178
55960,295.228,294.668,21.3006,-1.178
55970,295.228,294.668,21.3006,-1.178
55980,295.228,294.781,21.3006,-1.178
55990,295.228,295.129,21.3006,-1.178
56000,295.228,295.129,21.3006,-1.178
56010,295.228,295.129,107.044,-1.178
56020,295.228,295.129,87.8788,-1.178
56030,295.228,295.129,11.0386,-1.178
56040,295.228,294.865,44.3916,-1.178
56050,295.228,294.865,44.3916,-1.178
56060,295.228,294.865,44.3916,-1.178
56070,295.228,294.865,44.3916,-1.178
56080,295.228,294.865,44.3916,-1.178
56090,295.228,294.865,44.3916,-1.178
56100,295.228,295.196,106.291,-1.178
56110,295.228,295.196,21.8509,-1.178
56120,295.228,295.196,31.0215,-1.178
56130,295.228,295.196,127.336,-1.178
56140,295.228,295.196,127.336,-1.178
56150,295.228,295.196,127.336,-1.178
56160,295.228,295.196,36.289,-1.178
56170,295.228,295.196,15.9492,-1.178
56180,295.222,295.196,65.7114,-1.178
56190,295.222,295.196,66.032,-1.178
56200,295.222,295.196,60.0158,-1.178
56210,295.222,295.196,111.01,-1.178
56220,295.222,295.196,111.01,-1.178
56230,295.222,295.196,113.074,-1.178
56240,295.222,295.196,9.10959,-1.178
56250,295.222,294.643,18.5968,-1.178
56260,295.222,295.2,18.5968,-1.178
56270,295.222,295.2,18.5968,-1.178
56280,295.222,295.2,107.239,-1.178
56290,295.222,295.2,63.6709,-1.178
56300,295.222,295.2,32.2722,-1.178
56310,295.222,295.2,66.9358,-1.178
56320,295.222,295.2,91.2893,-1.178
56330,295.222,295.2,42.0504,-1.178
56340,295.222,295.2,114.664,-1.178
56350,295.222,295.218,119.004,-1.178
56360,295.222,295.218,119.004,-1.178
56370,295.222,295.218,97.1714,-1.178
56380,295.222,295.218,122.25,-1.178
56390,295.222,295.218,122.25,-1.178
56400,295.222,295.218,133.177,-1.178
56410,295.222,295.218,133.177,-1.178
56420,295.222,295.218,88.7783,-1.178
56430,295.222,295.218,129.733,-1.178
56440,295.222,295.218,129.733,-1.178
56450,295.222,295.218,129.733,-1.178
56460,295.222,295.218,113.251,-1.178
56470,295.222,295.218,42.8076,-1.178
56480,295.29,295.218,42.8076,-1.178
56490,295.303,295.218,42.8076,-1.178
56500,295.303,295.218,12.7568,-1.178
56510,295.303,295.218,29.1251,-1.178
56520,295.528,295.218,29.1251,-1.178
56530,295.464,294.948,9.47068,-1.178
56540,295.464,294.948,9.47068,-1.178
56550,295.464,294.808,83.203,-5.42989
56560,297.145,294.808,51.2319,-7.49676
56570,296.072,295.535,51.2319,-3.36303
56580,295.58,295.535,51.2319,-1.178
56590,295.58,295.535,37.5679,-1.178
56600,295.58,295.535,37.5679,-1.178
56610,295.953,295.482,37.5679,-1.178
56620,295.953,295.816,37.5679,-1.178
56630,295.953,295.816,107.219,-1.178
56640,295.953,295.816,75.3514,-1.178
56650,295.953,295.816,75.3514,-1.178
56660,295.953,295.816,89.7902,-1.178
56670,295.953,295.816,44.1435,-1.178
56680,295.953,295.668,59.9733,-1.178
56690,295.953,295.619,70.1347,-1.178
56700,295.953,295.619,66.9349,-1.178
56710,295.953,295.616,36.8325,-1.178
56720,295.742,295.616,61.5861,-1.178
56730,295.742,295.616,17.4444,-1.178
56740,295.742,295.616,89.4714,-1.178
56750,295.712,295.616,89.4714,-1.178
56760,295.712,295.616,40.898,-1.178
56770,295.712,295.616,40.898,-1.178
56780,295.712,295.616,40.898,-1.178
56790,296.034,295.616,1.52011,-1.178
56800,296.034,295.616,1.52011,-1.178
56810,296.034,295.616,13.1032,-1.178
56820,296.148,295.616,13.1032,-1.178
56830,296.148,295.616,13.1032,-1.178
56840,296.148,295.616,11.2073,-1.178
56850,296.148,295.616,11.2073,-1.178
56860,296.148,295.616,11.2073,-1.178
56870,296.148,295.616,11.2073,-1.178
56880,296.148,295.616,29.3867,-1.178
56890,296.203,295.616,29.3867,-3.36303
56900,296.203,295.957,29.3867,-1.178
56910,296.203,295.957,29.3867,-1.178
56920,296.058,295.957,67.8353,-1.178
56930,296.058,295.957,67.8353,-1.178
56940,296.058,295.957,25.1142,-1.178
56950,296.058,295.957,25.5012,-1.178
56960,296.058,295.957,20.9762,-1.178
56970,296.058,295.957,100.395,-1.178
56980,296.058,295.957,100.395,-1.178
56990,296.3,295.957,54.3099,-1.178
57000,296.3,295.957,19.0412,-1.178
57010,296.3,296.029,77.2926,-1.178
57020,296.163,296.029,8.62682,-1.178
57030,296.385,296.029,8.62682,-1.178
57040,298.157,296.095,69.4612,-7.49676
57050,297.097,296.095,3.61177,-3.36303
57060,297.097,296.095,40.6678,-3.36303
57070,297.925,296.831,40.6678,-3.36303
57080,297.925,296.831,21.5273,-3.36303
57090,297.925,296.831,1.35823,-3.36303
57100,297.925,297.562,25.9979,-1.178
57110,297.759,297.562,25.9979,-1.178
57120,298.831,297.562,43.329,-5.42989
57130,299.56,297.742,105.626,-7.49676
57140,299.435,297.96,127.198,-7.49676
57150,299.627,297.864,129.645,-7.49676
57160,300.096,298.474,132.745,-7.49676
57170,300.451,299.107,4.81679,-3.36303
57180,300.451,299.768,4.22707,-1.178
57190,300.451,300.305,4.22707,-1.178
57200,300.451,300.305,54.4213,-1.178
57210,300.451,300.305,74.6405,-1.178
57220,300.451,300.305,35.502,-1.178
57230,300.451,300.305,35.502,-1.178
57240,300.451,300.305,66.0342,-1.178
57250,300.451,300.169,32.4181,-1.178
57260,300.451,300.332,32.4181,-1.178
57270,300.451,300.332,106.298,-1.178
57280,300.411,300.332,34.2278,-1.178
57290,300.411,300.332,18.3334,-1.178
57300,300.411,300.332,78.3461,-1.178
57310,300.411,300.332,113.1,-1.178
57320,300.411,300.332,113.1,-1.178
57330,300.411,300.332,91.7568,-1.178
57340,300.411,300.332,100.614,-1.178
57350,300.411,300.332,95.6299,-1.178
57360,300.411,300.332,43.7781,-1.178
57370,300.411,299.98,43.7781,-1.178
57380,300.135,299.98,43.7781,-1.178
57390,300.135,299.98,23.5753,-1.178
57400,300.135,299.98,23.5753,-1.178
57410,300.135,299.98,100.471,-1.178
57420,300.135,299.98,103.48,-1.178
57430,300.135,299.98,87.056,-1.178
57440,300.006,299.98,87.056,-1.178
57450,300.006,299.98,7.15008,-1.178
57460,300.006,299.98,7.15008,-1.178
57470,300.006,299.98,7.15008,-1.178
57480,300.006,299.98,48.7913,-1.178
57490,300.006,300.003,123.85,-1.178
57500,300.006,300.003,18.3516,-1.178
57510,300.006,299.725,49.8791,-1.178
57520,300.006,299.725,49.8791,-1.178
57530,300.006,299.725,49.8791,-1.178
57540,300.006,299.725,49.8791,-1.178
57550,300.006,299.725,0.448312,-1.178
57560,300.006,299.725,0.448312,-1.178
57570,300.53,299.725,42.6929,-3.36303
57580,300.53,300.131,42.6929,-1.178
57590,300.53,300.3,42.6929,-1.178
57600,300.539,300.347,42.6929,-1.178
57610,300.539,300.347,2.12128,-1.178
57620,300.539,300.347,99.5089,-1.178
57630,300.539,300.437,102.366,-1.178
57640,300.539,300.437,102.366,-1.178
57650,300.539,300.437,55.7187,-1.178
57660,300.539,300.437,117.089,-1.178
57670,300.539,300.23,117.089,-5.42989
57680,300.539,300.23,13.5323,-1.178
57690,300.539,300.23,13.5323,-1.178
57700,300.539,300.21,50.7784,-1.178
57710,300.586,300.21,50.7784,-1.178
57720,301.02,300.786,66.8942,-1.178
57730,301.02,300.786,51.6367,-1.178
57740,301.229,301.196,13.3989,-1.178
57750,301.229,301.196,60.8625,-1.178
57760,301.229,301.196,7.75964,-1.178
57770,301.229,301.196,7.75964,-1.178
57780,301.229,301.196,88.643,-1.178
57790,301.319,301.196,6.47446,-1.178
57800,301.326,301.196,32.9339,-1.178
57810,301.707,301.196,32.9339,-1.178
57820,301.72,301.196,23.1629,-1.178
57830,301.72,301.196,23.1629,-1.178
57840,301.258,301.185,23.1629,-1.178
57850,301.258,301.185,56.4025,-1.178
57860,300.934,300.92,44.6185,-1.178
57870,301.396,300.92,44.6185,-1.178
57880,301.396,300.92,21.993,-1.178
57890,301.396,301.266,14.1599,-1.178
57900,301.396,301.266,14.1599,-1.178
57910,301.396,301.266,49.0783,-1.178
57920,301.44,301.266,85.1493,-1.178
57930,301.374,301.266,90.528,-1.178
57940,301.374,301.283,90.528,-1.178
57950,301.374,301.18,46.838,-1.178
57960,301.374,301.18,93.5069,-1.178
57970,301.374,301.18,60.3004,-1.178
57980,301.374,301.18,79.4686,-1.178
57990,301.374,301.18,79.4686,-1.178
58000,301.374,301.18,29.898,-1.178
58010,301.374,300.948,33.51,-1.178
58020,300.953,300.948,80.558,-1.178
58030,300.953,300.894,22.7415,-1.178
58040,301.256,300.894,34.5118,-1.178
58050,301.256,300.894,34.5118,-1.178
58060,301.256,300.894,34.5118,-1.178
58070,301.834,300.894,38.2396,-3.36303
58080,301.114,300.894,35.6249,-1.178
58090,301.037,300.894,35.6249,-1.178
58100,301.037,300.894,107.347,-1.178
58110,301.037,300.894,107.347,-1.178
58120,300.925,300.894,36.6258,-1.178
58130,300.925,300.763,89.8139,-1.178
58140,300.925,300.763,22.7351,-1.178
58150,300.925,300.763,22.7351,-1.178
58160,300.925,300.567,22.7351,-1.178
58170,300.925,300.567,36.2251,-1.178
58180,301.029,300.567,35.2166,-1.178
58190,301.029,300.567,27.8462,-1.178
58200,301.029,300.567,27.8462,-1.178
58210,301.029,300.567,27.8462,-1.178
58220,301.029,300.567,28.7299,-1.178
58230,300.868,300.567,28.7299,-1.178
58240,300.868,300.567,30.7819,-1.178
58250,300.868,300.536,45.7158,-1.178
58260,300.868,300.536,95.3755,-3.36303
58270,300.868,300.842,95.3755,-1.178
58280,300.868,300.842,95.3755,-1.178
58290,300.868,300.842,92.0867,-1.178
58300,300.868,300.842,10.4323,-1.178
58310,300.868,300.842,10.4323,-1.178
58320,301.256,300.842,16.5165,-1.178
58330,301.618,300.842,16.5165,-3.36303
58340,301.618,301.397,61.3187,-1.178
58350,301.618,301.397,61.3187,-1.178
58360,301.618,301.563,47.2454,-1.178
58370,301.618,301.189,37.7828,-1.178
58380,302.419,301.531,24.043,-3.36303
58390,302.301,301.639,153.919,-7.49676
58400,302.621,301.639,170.498,-7.49676
58410,302.471,301.639,170.498,-7.49676
58420,302.761,300.672,170.498,-7.49676
58430,302.432,301.014,98.0551,-7.49676
58440,301.553,301.014,50.5964,-3.36303
58450,301.553,301.014,11.0714,-1.178
58460,301.553,301.014,11.0714,-1.178
58470,301.302,301.014,15.0476,-1.178
58480,301.302,300.79,15.0476,-1.178
58490,301.302,301.275,103.454,-1.178
58500,301.302,301.275,43.0132,-1.178
58510,301.302,301.275,99.859,-1.178
58520,301.302,301.275,99.859,-1.178
58530,301.525,301.275,51.6237,-1.178
58540,301.506,301.275,51.6237,-1.178
58550,301.506,301.275,61.8725,-1.178
58560,301.506,301.072,82.0241,-3.36303
58570,301.689,301.072,7.28167,-1.178
58580,301.689,301.072,7.28167,-1.178
58590,301.689,301.072,7.28167,-1.178
58600,301.689,301.072,7.28167,-1.178
58610,302.046,301.682,7.28167,-1.178
58620,302.046,301.682,2.94044,-1.178
58630,301.874,301.682,2.94044,-1.178
58640,301.69,301.682,108.446,-1.178
58650,301.69,301.682,114.59,-1.178
58660,301.69,301.682,101.083,-1.178
58670,301.69,301.682,22.1515,-1.178
58680,301.69,301.031,22.1515,-3.36303
58690,301.286,301.031,22.1515,-1.178
58700,301.286,301.031,58.9274,-1.178
58710,301.266,301.031,58.9274,-1.178
58720,301.266,301.031,67.7259,-1.178
58730,301.266,301.031,67.7259,-1.178
58740,301.266,301.031,86.6778,-1.178
58750,301.266,301.031,32.8411,-1.178
58760,301.266,301.031,47.4377,-1.178
58770,301.079,301.031,47.4377,-1.178
58780,301.079,301.031,95.0398,-1.178
58790,301.163,301.031,89.19,-1.178
58800,301.163,301.031,125.627,-3.36303
58810,301.163,301.031,125.627,-3.36303
58820,301.163,301.031,76.3747,-1.178
58830,301.163,301.031,26.7796,-1.178
58840,301.348,301.031,26.7796,-1.178
58850,301.348,301.064,68.8612,-1.178
58860,301.348,301.096,59.3619,-1.178
58870,301.348,301.096,105.734,-3.36303
58880,301.348,301.096,105.734,-3.36303
58890,301.348,301.096,93.9552,-3.36303
58900,301.357,301.096,93.9552,-3.36303
58910,301.357,301.096,0.841688,-1.178
58920,301.292,301.096,102.971,-3.36303
58930,301.292,301.096,88.3402,-1.178
58940,301.292,301.096,88.3402,-1.178
58950,301.292,301.096,32.9097,-1.178
58960,301.292,300.776,32.9097,-1.178
58970,301.292,300.833,32.9097,-1.178
58980,301.292,300.833,25.6519,-1.178
58990,301.292,300.833,2.25249,-1.178
59000,301.292,300.833,2.805,-1.178
59010,301.292,300.833,2.805,-1.178
59020,301.233,301.157,82.085,-1.178
59030,301.233,300.954,82.085,-1.178
59040,301.233,300.954,52.3151,-1.178
59050,301.233,300.954,52.3151,-1.178
59060,301.233,300.954,52.3151,-1.178
59070,301.233,300.954,52.3151,-1.178
59080,302.002,300.954,70.8421,-5.42989
59090,301.086,300.954,70.8421,-1.178
59100,301.086,300.954,70.8421,-1.178
59110,301.086,300.954,114.16,-3.36303
59120,301.086,300.939,104.713,-1.178
59130,300.954,300.894,104.713,-1.178
59140,300.954,300.894,52.9138,-1.178
59150,300.954,300.894,124.63,-1.178
59160,300.954,300.871,63.297,-1.178
59170,300.954,300.563,51.006,-1.178
59180,300.954,300.563,21.124,-1.178
59190,300.725,300.644,21.124,-1.178
59200,300.725,300.644,92.3896,-1.178
59210,300.725,300.644,38.7794,-1.178
59220,300.725,300.53,65.4823,-1.178
59230,300.725,300.53,65.4823,-1.178
59240,300.725,300.53,84.9573,-1.178
59250,300.725,300.53,84.9573,-1.178
59260,300.725,300.53,84.9573,-1.178
59270,300.725,300.53,12.6817,-1.178
59280,300.725,300.645,83.5061,-1.178
59290,300.863,300.645,83.5061,-1.178
59300,300.733,300.645,21.1255,-1.178
59310,300.733,300.645,93.0381,-1.178
59320,301.033,300.645,29.2801,-1.178
59330,301.183,300.645,29.2801,-1.178
59340,301.183,300.645,88.2728,-3.36303
59350,301.183,300.645,21.4609,-1.178
59360,301.017,300.645,17.3698,-1.178
59370,300.613,299.225,17.3698,-3.36303
59380,302.134,299.348,26.1704,-7.49676
59390,301.27,298.71,34.8631,-7.49676
59400,299.828,299.282,22.8545,-1.178
59410,300.239,299.282,7.1062,-3.36303
59420,300.239,299.282,20.457,-3.36303
59430,300.262,300.192,20.457,-1.178
59440,300.262,300.192,42.7424,-1.178
59450,300.262,300.193,68.0433,-1.178
59460,300.262,300.152,79.5631,-1.178
59470,300.414,300.152,48.8032,-1.178
59480,300.414,300.152,48.8032,-1.178
59490,300.414,300.152,58.4447,-1.178
59500,300.414,300.152,58.4447,-1.178
59510,300.414,300.152,80.5996,-1.178
59520,300.414,300.152,80.5996,-1.178
59530,300.414,300.152,56.7089,-1.178
59540,300.414,300.152,56.7089,-1.178
59550,300.414,300.152,32.2477,-1.178
59560,300.438,300.152,74.9375,-1.178
59570,300.317,300.152,74.9375,-1.178
59580,300.317,299.98,101.351,-3.36303
59590,300.317,299.98,0.666404,-1.178
59600,300.317,300.306,10.3352,-1.178
59610,300.767,300.306,48.2388,-1.178
59620,300.767,300.306,48.2388,-1.178
59630,300.767,300.306,48.2388,-1.178
59640,300.767,300.322,15.2713,-1.178
59650,300.767,300.322,15.2713,-1.178
59660,300.767,300.322,17.8372,-1.178
59670,300.767,300.322,17.8372,-1.178
59680,300.744,299.954,17.8372,-3.36303
59690,300.965,299.6,17.8372,-3.36303
59700,300.965,299.6,21.4473,-3.36303
59710,300.542,299.6,21.4473,-3.36303
59720,300.145,299.6,21.4473,-1.178
59730,300.145,299.6,21.4473,-1.178
59740,300.145,299.6,21.4473,-1.178
59750,300.145,299.762,21.4473,-1.178
59760,300.145,299.762,21.4473,-1.178
59770,300.145,299.762,21.4473,-1.178
59780,300.145,300.008,21.4473,-1.178
59790,300.145,300.008,39.8478,-1.178
59800,300.145,300.008,5.72493,-1.178
59810,300.481,299.917,5.72493,-1.178
59820,300.481,299.524,5.72493,-3.36303
59830,299.068,298.677,12.2739,-1.178
59840,299.068,298.677,12.2739,-1.178
59850,299.068,298.677,37.9858,-1.178
59860,299.068,298.677,13.842,-1.178
59870,299.309,298.677,7.08382,-1.178
59880,298.897,298.677,7.08382,-1.178
59890,298.861,298.677,29.1688,-1.178
59900,298.861,298.556,77.6848,-1.178
59910,298.861,298.556,35.1321,-1.178
59920,298.861,298.556,35.1321,-1.178
59930,298.861,298.748,35.1321,-1.178
59940,298.861,298.748,91.7902,-1.178
59950,298.861,298.713,98.8767,-1.178
59960,298.861,298.713,102.106,-1.178
59970,298.861,298.713,7.46701,-1.178
59980,298.861,298.713,7.46701,-1.178
59990,298.565,298.216,7.46701,-1.178
60000,298.629,298.121,7.46701,-1.178
60010,298.39,298.121,76.957,-1.178
60020,298.39,298.121,78.5928,-1.178
60030,298.39,298.121,82.2336,-1.178
60040,298.39,298.121,10.6356,-1.178
60050,298.39,298.121,75.0023,-1.178
60060,298.39,298.121,75.0023,-1.178
60070,298.39,298.121,75.0023,-1.178
60080,298.39,298.121,36.893,-1.178
60090,298.39,298.082,92.2177,-3.36303
60100,298.39,298.082,48.5661,-1.178
60110,298.39,298.082,44.5451,-1.178
60120,298.39,298.156,44.5451,-1.178
60130,298.39,298.156,63.2458,-1.178
60140,298.304,298.156,29.2071,-1.178
60150,298.258,298.156,29.2071,-1.178
60160,298.258,298.16,0.249186,-1.178
60170,298.258,298.16,26.934,-1.178
60180,298.258,298.16,54.1336,-1.178
60190,298.258,298.14,7.21542,-1.178
60200,299.899,299.052,31.6863,-3.36303
60210,299.899,299.642,31.6863,-1.178
60220,299.899,299.642,13.1126,-1.178
60230,299.899,299.642,13.1126,-1.178
60240,299.899,299.642,47.9273,-1.178
60250,299.986,299.642,40.1466,-1.178
60260,299.986,299.642,68.5147,-1.178
60270,299.986,299.642,68.5147,-1.178
60280,299.693,299.642,106.532,-1.178
60290,299.693,299.684,106.532,-1.178
60300,299.693,299.684,39.7315,-1.178
60310,299.693,299.684,64.802,-1.178
60320,299.693,299.684,55.9935,-1.178
60330,299.693,299.684,27.6393,-1.178
60340,299.791,299.684,27.6393,-1.178
60350,299.791,299.684,56.2462,-1.178
60360,299.791,299.684,74.7287,-1.178
60370,299.81,299.684,74.7287,-1.178
60380,299.81,299.684,74.7287,-1.178
60390,299.81,299.684,56.1406,-1.178
60400,299.85,299.684,15.7666,-1.178
60410,299.85,299.393,25.8901,-1.178
60420,299.85,299.393,9.57591,-1.178
60430,299.85,299.393,44.2158,-1.178
60440,299.85,299.393,44.2158,-1.178
60450,299.85,299.459,26.2793,-1.178
60460,299.85,299.459,31.8353,-1.178
60470,299.85,299.459,31.8353,-1.178
60480,299.85,299.459,31.8353,-1.178
60490,299.615,299.459,31.8353,-1.178
60500,299.615,299.459,31.8353,-1.178
60510,299.615,299.459,58.1903,-1.178
60520,299.615,299.459,6.51156,-1.178
60530,299.615,299.459,80.6231,-1.178
60540,299.615,299.459,80.6231,-1.178
60550,299.615,299.459,52.7702,-1.178
60560,299.623,299.459,52.7702,-1.178
60570,299.623,299.459,107.122,-3.36303
60580,300.105,299.459,107.122,-7.49676
60590,299.902,299.382,26.0672,-1.178
60600,299.809,299.382,26.0672,-1.178
60610,299.809,298.933,26.0672,-3.36303
60620,299.809,299.438,26.0672,-1.178
60630,299.809,299.438,49.7431,-1.178
60640,299.645,299.438,92.3482,-1.178
60650,299.645,299.438,92.3482,-1.178
60660,299.645,299.515,92.3482,-1.178
60670,299.645,299.428,92.3482,-1.178
60680,299.645,299.428,26.1945,-1.178
60690,299.841,299.428,39.5798,-1.178
60700,300.329,299.56,39.5798,-3.36303
60710,300.131,299.56,56.6881,-3.36303
60720,300.131,299.56,27.1752,-1.178
60730,300.131,299.56,27.1752,-1.178
60740,300.131,300.073,72.8933,-1.178
60750,300.131,300.073,100.676,-1.178
60760,300.131,300.073,72.162,-1.178
60770,300.326,300.073,51.3563,-1.178
60780,300.326,300.073,82.2642,-1.178
60790,300.326,300.073,98.4924,-3.36303
60800,300.618,300.073,98.4924,-5.42989
60810,300.618,300.073,51.4561,-3.36303
60820,300.618,300.073,51.4561,-3.36303
60830,300.618,299.763,27.4667,-3.36303
60840,299.793,299.763,27.4667,-1.178
60850,299.793,299.763,48.3262,-1.178
60860,299.793,299.763,110.917,-1.178
60870,299.793,299.763,48.5151,-1.178
60880,299.793,299.763,127.329,-1.178
60890,299.793,299.763,127.329,-1.178
60900,299.793,299.763,127.329,-1.178
60910,299.793,299.763,130.049,-1.178
60920,299.797,299.763,130.049,-1.178
60930,299.797,299.763,119.587,-1.178
60940,299.797,299.763,21.2909,-1.178
60950,299.797,299.763,66.0231,-1.178
60960,299.797,299.763,80.5574,-1.178
60970,299.797,299.763,80.5574,-1.178
60980,299.797,299.763,14.7672,-1.178
60990,299.797,299.759,9.16148,-1.178
61000,299.797,299.759,23.572,-1.178
61010,299.797,299.759,23.572,-1.178
61020,299.797,299.759,64.0779,-1.178
61030,299.797,299.759,50.9188,-1.178
61040,299.797,299.759,50.9188,-1.178
61050,300.255,299.759,84.4222,-3.36303
61060,300.255,299.759,84.4222,-3.36303
61070,300.255,299.759,19.6362,-1.178
61080,300.255,299.759,26.0553,-1.178
61090,300.255,299.759,26.0553,-1.178
61100,300.255,299.759,26.0553,-1.178
61110,299.858,299.759,26.0553,-1.178
61120,299.858,299.769,118.922,-1.178
61130,299.858,299.769,56.8874,-1.178
61140,299.858,299.769,17.6083,-1.178
61150,299.858,299.769,101.668,-1.178
61160,299.858,299.769,54.9427,-1.178
61170,299.858,299.769,14.2307,-1.178
61180,299.858,298.77,42.4777,-3.36303
61190,299.858,298.77,42.4777,-3.36303
61200,299.858,299.325,52.2099,-3.36303
61210,299.858,299.314,3.6568,-1.178
61220,299.09,297.847,3.6568,-3.36303
61230,298.402,297.847,3.6568,-1.178
61240,298.402,297.847,23.1004,-1.178
61250,298.203,297.847,23.1004,-1.178
61260,298.053,297.847,37.7281,-1.178
61270,298.053,297.847,63.4222,-1.178
61280,298.053,297.708,34.5781,-1.178
61290,298.053,297.708,48.6144,-1.178
61300,298.053,297.708,48.6144,-1.178
61310,298.121,297.708,48.6144,-1.178
61320,298.121,297.708,36.5775,-1.178
61330,298.121,297.708,36.5775,-1.178
61340,298.121,297.862,53.0457,-1.178
61350,298.121,297.862,57.2318,-1.178
61360,298.121,297.862,5.74759,-1.178
61370,298.161,297.862,5.74759,-1.178
61380,298.161,297.862,75.5887,-1.178
61390,298.161,297.862,59.254,-1.178
61400,298.161,297.523,59.254,-3.36303
61410,298.161,296.265,30.0054,-5.42989
61420,298.161,297.283,30.0054,-3.36303
61430,298.161,297.283,30.0054,-3.36303
61440,298.161,297.517,38.0899,-3.36303
61450,298.161,297.358,38.0899,-3.36303
61460,297.818,297.358,52.637,-3.36303
61470,297.818,297.358,52.637,-3.36303
61480,297.818,297.358,69.8532,-3.36303
61490,297.818,297.523,27.3405,-1.178
61500,297.818,297.523,76.5942,-1.178
61510,297.818,297.523,76.5942,-1.178
61520,297.818,297.523,76.5942,-1.178
61530,297.818,297.57,76.5942,-1.178
61540,297.818,297.57,76.5942,-1.178
61550,297.818,297.57,86.844,-1.178
61560,297.818,297.57,48.0924,-1.178
61570,297.818,297.57,57.4835,-1.178
61580,297.818,297.57,57.4835,-1.178
61590,297.786,297.389,34.9757,-1.178
61600,297.879,297.389,2.0211,-1.178
61610,297.786,297.389,2.0211,-1.178
61620,297.786,297.389,7.75406,-1.178
61630,297.786,297.27,7.75406,-1.178
61640,297.786,297.754,80.1448,-1.178
61650,297.786,297.754,28.7759,-1.178
61660,297.786,297.754,73.4267,-1.178
61670,297.786,297.754,111.123,-1.178
61680,297.786,297.754,3.50828,-1.178
61690,298.067,297.754,3.50828,-1.178
61700,298.067,297.754,30.5219,-1.178
61710,298.067,297.754,30.5219,-1.178
61720,297.981,297.754,30.5219,-1.178
61730,297.981,297.754,63.4495,-1.178
61740,297.981,297.754,86.4963,-1.178
61750,297.981,297.754,86.4963,-1.178
61760,297.981,297.775,2.81995,-1.178
61770,297.981,297.569,19.3719,-1.178
61780,297.981,297.569,46.4155,-1.178
61790,297.981,297.569,9.50373,-1.178
61800,297.981,297.546,9.50373,-1.178
61810,297.981,297.948,129.629,-1.178
61820,297.981,297.948,15.0026,-1.178
61830,297.981,297.948,15.0026,-1.178
61840,298.212,297.671,29.9689,-1.178
61850,298.687,296.626,29.9689,-5.42989
61860,298.973,297.359,29.9689,-5.42989
61870,298.475,297.359,29.9689,-3.36303
61880,297.499,297.359,29.9689,-1.178
61890,297.499,297.359,44.3152,-1.178
61900,297.499,297.121,47.9466,-1.178
61910,297.499,297.121,47.9466,-1.178
61920,297.292,297.121,47.9466,-1.178
61930,297.292,297.121,74.0419,-1.178
61940,297.292,297.121,56.1816,-1.178
61950,297.292,297.216,113.009,-1.178
61960,297.292,297.216,108.925,-1.178
61970,297.791,297.216,8.89099,-1.178
61980,297.791,297.39,14.8356,-1.178
61990,297.791,297.165,28.7392,-3.36303
62000,297.791,297.44,28.7392,-1.178
62010,297.791,297.44,3.61397,-1.178
62020,297.791,297.44,3.61397,-1.178
62030,297.791,297.44,17.644,-1.178
62040,297.791,297.44,50.022,-1.178
62050,297.791,297.44,0.381737,-1.178
62060,297.791,297.44,0.381737,-1.178
62070,297.791,297.44,6.64504,-1.178
62080,297.791,297.44,6.64504,-1.178
62090,297.791,297.44,6.64504,-1.178
62100,297.791,297.44,6.64504,-1.178
62110,297.791,297.44,66.2525,-1.178
62120,297.791,297.44,66.2525,-1.178
62130,297.791,297.44,13.514,-1.178
62140,298.147,297.44,6.96331,-3.36303
62150,298.147,297.222,51.0462,-3.36303
62160,297.849,297.222,34.0157,-3.36303
62170,297.419,297.352,34.0157,-1.178
62180,297.952,297.352,42.4854,-3.36303
62190,297.952,297.352,30.8677,-3.36303
62200,297.468,297.352,65.0097,-1.178
62210,297.468,297.352,95.341,-1.178
62220,297.468,297.352,50.9889,-1.178
62230,297.468,297.352,66.7031,-1.178
62240,297.468,297.352,100.81,-1.178
62250,297.468,297.352,85.6316,-1.178
62260,297.468,297.352,85.6316,-1.178
62270,297.468,297.352,85.6316,-1.178
62280,297.468,296.975,87.1006,-3.36303
62290,297.99,296.975,40.221,-3.36303
62300,297.049,296.975,46.9441,-1.178
62310,297.049,296.975,109.728,-1.178
62320,297.649,297.032,12.5342,-1.178
62330,297.649,297.032,12.5342,-1.178
62340,297.649,297.032,12.5342,-1.178
62350,297.649,297.032,12.5342,-1.178
62360,297.649,297.032,12.5342,-1.178
62370,297.649,297.032,12.5342,-1.178
62380,298.255,297.032,7.02069,-3.36303
62390,297.983,296.794,7.02069,-3.36303
62400,297.709,296.715,7.02069,-3.36303
62410,297.709,297.052,7.02069,-1.178
62420,297.709,297.116,7.02069,-1.178
62430,297.589,297.116,7.02069,-1.178
62440,297.589,297.116,7.02069,-1.178
62450,297.589,297.116,8.91751,-1.178
62460,297.589,297.116,8.91751,-1.178
62470,297.589,297.116,8.91751,-1.178
62480,297.589,297.116,8.91751,-1.178
62490,297.589,297.465,75.3368,-1.178
62500,297.589,297.465,54.4517,-1.178
62510,297.589,297.465,61.8566,-1.178
62520,297.589,297.465,25.8284,-1.178
62530,297.589,297.465,110.253,-1.178
62540,297.589,297.52,110.253,-1.178
62550,297.589,297.376,103.646,-3.36303
62560,297.589,297.376,103.646,-3.36303
62570,297.589,297.376,85.7724,-1.178
62580,297.589,297.376,94.3252,-1.178
62590,297.589,297.376,10.7576,-1.178
62600,297.589,297.376,31.431,-1.178
62610,297.469,297.376,115.32,-1.178
62620,297.469,297.387,46.9449,-1.178
62630,297.469,297.387,115.639,-1.178
62640,297.469,297.387,46.4842,-1.178
62650,297.469,297.387,124.367,-3.36303
62660,297.469,297.387,92.5547,-1.178
62670,297.469,296.489,20.3223,-3.36303
62680,297.469,296.489,20.3223,-3.36303
62690,297.469,296.348,20.3223,-3.36303
62700,296.595,296.348,80.8753,-1.178
62710,296.595,296.348,80.8753,-1.178
62720,296.595,296.348,26.6352,-1.178
62730,296.595,296.348,54.3249,-1.178
62740,296.538,296.348,79.3326,-1.178
62750,296.538,296.348,79.3326,-1.178
62760,296.416,296.348,56.8701,-1.178
62770,296.416,296.348,30.5212,-1.178
62780,296.416,296.348,97.2208,-1.178
62790,296.416,295.79,17.4508,-3.36303
62800,295.942,295.79,17.4508,-1.178
62810,295.942,295.79,61.2245,-1.178
62820,295.942,295.79,55.6867,-1.178
62830,295.942,295.79,34.5604,-1.178
62840,295.942,295.79,60.9539,-1.178
62850,295.942,295.883,60.9539,-1.178
62860,295.942,295.883,85.6431,-1.178
62870,295.942,295.883,119.425,-1.178
62880,295.942,295.883,37.0228,-1.178
62890,296.429,296.341,108.088,-1.178
62900,296.543,296.341,39.0918,-1.178
62910,296.543,296.341,39.0918,-1.178
62920,296.543,296.097,6.02715,-1.178
62930,296.543,296.32,81.2164,-1.178
62940,296.543,296.32,36.5305,-1.178
62950,296.543,296.32,58.3836,-1.178
62960,296.479,296.32,23.6838,-1.178
62970,296.479,296.32,1.90512,-1.178
62980,296.479,296.32,7.28455,-1.178
62990,298.533,296.32,7.28455,-5.42989
63000,296.509,295.977,13.3088,-1.178
63010,296.509,295.977,13.3088,-1.178
63020,296.509,296.119,13.3088,-1.178
63030,296.509,296.119,54.1002,-1.178
63040,296.509,296.396,54.1002,-1.178
63050,296.509,296.396,35.3105,-1.178
63060,296.509,296.396,35.3105,-1.178
63070,296.509,296.396,61.4973,-1.178
63080,296.509,296.396,61.4973,-1.178
63090,296.728,296.396,58.7605,-1.178
63100,296.728,296.396,62.2257,-1.178
63110,296.728,296.396,37.0172,-1.178
63120,296.576,296.219,44.4495,-1.178
63130,296.576,295.583,44.4495,-3.36303
63140,295.681,295.583,55.6505,-1.178
63150,295.681,295.583,73.6413,-1.178
63160,295.681,295.583,76.5857,-1.178
63170,295.681,295.583,106.974,-1.178
63180,295.681,295.583,60.3513,-1.178
63190,295.681,295.583,7.65259,-1.178
63200,295.681,295.583,80.824,-1.178
63210,295.83,295.583,74.2824,-1.178
63220,295.83,295.583,74.2824,-1.178
63230,295.83,295.583,26.7757,-1.178
63240,295.83,295.453,50.6589,-1.178
63250,295.785,295.453,53.7044,-1.178
63260,295.785,295.453,29.1818,-1.178
63270,295.785,295.453,45.687,-1.178
63280,295.785,295.453,38.2138,-1.178
63290,295.785,295.453,38.2138,-1.178
63300,295.785,295.453,38.2138,-1.178
63310,295.755,295.453,38.2138,-1.178
63320,295.755,295.453,38.2138,-1.178
63330,295.846,295.453,38.2138,-1.178
63340,295.846,295.453,15.1115,-1.178
63350,295.846,295.453,31.148,-1.178
63360,295.846,295.444,31.148,-1.178
63370,295.846,295.63,18.6414,-1.178
63380,295.846,295.07,8.66118,-3.36303
63390,295.082,295.07,43.7647,-1.178
63400,295.082,295.07,61.8863,-1.178
63410,295.082,295.07,61.8863,-1.178
63420,295.082,295.07,86.047,-1.178
63430,295.082,295.07,40.6595,-1.178
63440,295.082,294.804,64.7827,-1.178
63450,295.082,294.804,64.7827,-1.178
63460,295.082,294.804,64.7827,-1.178
63470,295.082,294.804,34.3676,-1.178
63480,295.082,294.804,25.168,-1.178
63490,296.589,293.919,25.168,-7.49676
63500,294.725,293.919,25.1707,-3.36303
63510,296.192,294.492,14.5115,-5.42989
63520,295.119,294.492,14.5115,-1.178
63530,295.119,294.492,14.5115,-1.178
63540,295.119,294.492,14.5115,-1.178
63550,295.119,294.492,2.51778,-1.178
63560,295.119,294.492,2.51778,-1.178
63570,295.368,294.492,40.2935,-3.36303
63580,294.508,294.492,75.8874,-1.178
63590,294.508,294.492,75.8874,-1.178
63600,294.508,294.492,75.8874,-1.178
63610,294.508,294.492,87.9349,-1.178
63620,294.508,294.492,87.9349,-1.178
63630,294.745,294.492,87.9349,-1.178
63640,294.745,294.492,87.9349,-1.178
63650,294.745,294.492,35.0924,-1.178
63660,294.745,294.12,31.171,-3.36303
63670,297.241,296.363,31.171,-3.36303
63680,297.241,296.363,31.171,-3.36303
63690,297.041,296.363,39.1104,-3.36303
63700,297.041,296.096,39.1104,-3.36303
63710,297.5,296.096,39.1104,-5.42989
63720,296.434,296.096,55.5602,-1.178
63730,296.434,296.096,19.5726,-1.178
63740,296.434,296.096,70.5247,-1.178
63750,296.434,296.096,70.5247,-1.178
63760,296.434,296.128,70.5247,-1.178
63770,296.434,296.128,70.5247,-1.178
63780,296.434,296.128,70.5247,-1.178
63790,296.434,296.128,37.0386,-1.178
63800,296.434,296.128,37.0386,-1.178
63810,296.434,296.128,53.4815,-1.178
63820,296.434,296.128,0.502047,-1.178
63830,296.322,296.25,43.1723,-1.178
63840,296.395,296.25,33.3804,-1.178
63850,296.395,296.25,86.6121,-1.178
63860,296.395,296.25,86.6121,-1.178
63870,296.395,296.313,86.6121,-1.178
63880,296.395,296.313,77.2709,-1.178
63890,296.395,296.313,78.2904,-1.178
63900,296.395,296.313,78.2904,-1.178
63910,296.395,296.313,86.2964,-1.178
63920,296.395,296.313,86.2964,-1.178
63930,296.395,296.313,96.2748,-1.178
63940,296.753,296.313,12.6145,-1.178
63950,296.753,296.313,23.6315,-1.178
63960,296.753,296.187,23.6315,-1.178
63970,296.753,296.246,23.6315,-1.178
63980,296.753,296.246,23.6315,-1.178
63990,296.753,296.246,23.6315,-1.178
64000,296.361,296.246,103.065,-1.178
64010,296.361,296.246,103.065,-1.178
64020,296.361,296.351,102.974,-1.178
64030,296.361,296.351,133.152,-1.178
64040,296.361,296.351,100.265,-1.178
64050,296.361,296.351,130.121,-1.178
64060,296.361,296.351,73.3253,-1.178
64070,296.361,296.351,97.9043,-1.178
64080,296.361,296.351,97.9043,-1.178
64090,296.882,296.351,27.0036,-1.178
64100,296.882,296.511,27.0036,-1.178
64110,296.898,296.511,20.9543,-1.178
64120,296.898,296.511,20.9543,-1.178
64130,296.616,296.511,54.3709,-1.178
64140,296.514,296.511,114.68,-1.178
64150,296.514,296.511,22.5492,-1.178
64160,296.403,296.305,88.1967,-1.178
64170,296.403,296.305,78.3072,-1.178
64180,296.403,296.084,11.6247,-1.178
64190,296.638,296.11,11.6247,-1.178
64200,296.638,296.11,11.6247,-1.178
64210,296.638,296.11,11.6247,-1.178
64220,296.748,296.11,12.8552,-1.178
64230,296.361,296.11,12.8552,-1.178
64240,296.361,296.11,15.5697,-1.178
64250,296.361,296.11,15.5697,-1.178
64260,296.118,296.11,68.016,-1.178
64270,296.118,296.11,2.99585,-1.178
64280,296.118,296.11,82.2404,-1.178
64290,296.118,295.835,82.2404,-1.178
64300,296.118,295.835,82.2404,-1.178
64310,296.118,295.835,53.0414,-1.178
64320,296.118,295.835,53.0414,-1.178
64330,296.118,295.265,63.6111,-3.36303
64340,296.281,295.265,63.6111,-5.42989
64350,296.281,295.96,86.3862,-3.36303
64360,296.281,295.96,11.1271,-1.178
64370,296.281,295.96,66.4425,-1.178
64380,296.452,295.96,66.4425,-3.36303
64390,296.35,295.96,7.32577,-1.178
64400,296.564,295.962,7.32577,-1.178
64410,296.564,295.962,7.32577,-1.178
64420,296.462,295.962,7.32577,-1.178
64430,296.462,296.409,7.32577,-1.178
64440,296.462,296.409,7.32577,-1.178
64450,296.462,296.031,46.6051,-1.178
64460,296.462,296.031,46.6051,-1.178
64470,296.462,296.284,46.6051,-1.178
64480,296.462,296.284,75.0178,-1.178
64490,296.462,296.284,98.3877,-1.178
64500,296.462,296.284,77.4857,-1.178
64510,296.462,295.972,31.243,-1.178
64520,296.462,295.972,18.4131,-1.178
64530,296.462,295.972,18.4131,-1.178
64540,296.462,295.972,18.4131,-1.178
64550,296.371,295.761,1.77494,-1.178
64560,296.371,295.761,1.77494,-1.178
64570,296.371,295.8,1.77494,-1.178
64580,296.371,295.8,11.0629,-1.178
64590,296.874,295.938,11.0629,-3.36303
64600,296.874,295.039,134.435,-7.49676
64610,296.529,296.284,66.3028,-1.178
64620,296.529,296.035,66.3028,-3.36303
64630,296.529,296.035,18.46,-1.178
64640,296.529,296.035,28.05,-1.178
64650,296.529,296.035,28.05,-1.178
64660,296.591,296.035,22.3988,-1.178
64670,296.138,296.035,87.502,-1.178
64680,296.138,296.035,96.2214,-1.178
64690,296.138,296.035,81.2107,-1.178
64700,296.138,296.035,81.2107,-1.178
64710,296.138,296.118,46.6526,-1.178
64720,296.138,296.118,69.2166,-1.178
64730,296.138,296.118,97.1912,-1.178
64740,296.138,295.89,49.9191,-1.178
64750,296.136,295.89,49.9191,-1.178
64760,296.136,295.89,49.9191,-1.178
64770,296.136,295.89,49.9191,-1.178
64780,296.136,295.456,5.95795,-1.178
64790,296.136,295.522,5.95795,-1.178
64800,296.136,295.522,5.95795,-1.178
64810,296.136,294.672,5.95795,-3.36303
64820,296.136,294.672,32.5158,-5.42989
64830,295.621,294.472,32.5158,-3.36303
64840,295.621,295.134,24.915,-1.178
64850,295.621,295.134,24.915,-1.178
64860,295.587,295.134,28.6612,-1.178
64870,295.587,295.134,12.3515,-1.178
64880,295.331,295.134,12.3515,-1.178
64890,295.331,294.768,10.353,-1.178
64900,295.331,294.768,10.353,-1.178
64910,295.331,294.845,10.353,-1.178
64920,295.331,295.195,57.6783,-1.178
64930,295.331,295.195,57.6783,-1.178
64940,295.331,293.761,57.6783,-5.42989
64950,295.066,293.761,12.0106,-3.36303
64960,294.342,294.046,35.4016,-1.178
64970,294.364,294.046,35.4016,-1.178
64980,294.471,294.046,35.4016,-1.178
64990,294.471,294.046,35.4016,-1.178
65000,294.471,294.046,35.4016,-1.178
65010,295.04,294.044,35.4016,-3.36303
65020,294.753,294.044,33.1052,-3.36303
65030,294.135,294.044,33.1052,-1.178
65040,293.884,293.882,33.1052,-1.178
65050,293.884,293.391,33.1052,-1.178
65060,293.884,293.391,48.5146,-3.36303
65070,293.884,292.997,44.5555,-3.36303
65080,293.884,293.297,44.5555,-3.36303
65090,293.524,293.297,48.3663,-1.178
65100,293.466,293.22,35.9272,-1.178
65110,293.495,293.22,35.9272,-1.178
65120,293.495,293.22,66.713,-1.178
65130,293.495,293.22,66.713,-1.178
65140,293.495,293.279,73.1924,-1.178
65150,293.495,293.493,82.271,-1.178
65160,293.495,293.493,82.271,-1.178
65170,293.495,293.493,110.58,-1.178
65180,294.628,293.493,17.4078,-3.36303
65190,294.628,294.308,17.4078,-1.178
65200,294.628,294.562,106.177,-1.178
65210,294.628,294.562,106.177,-1.178
65220,294.628,294.562,120.883,-1.178
65230,294.628,294.562,120.883,-1.178
65240,294.628,294.562,41.6279,-1.178
65250,294.628,294.562,68.3308,-1.178
65260,294.628,294.562,33.6925,-1.178
65270,294.888,294.562,73.1647,-1.178
65280,294.888,294.738,37.4477,-1.178
65290,294.767,294.739,107.049,-1.178
65300,294.767,294.739,120.538,-1.178
65310,294.767,294.739,120.538,-1.178
65320,294.767,294.739,120.538,-1.178
65330,294.767,294.739,123.883,-1.178
65340,294.767,294.739,103.062,-1.178
65350,294.767,294.739,101.921,-1.178
65360,294.767,294.739,41.1148,-1.178
65370,294.767,294.739,52.6034,-1.178
65380,294.767,294.739,111.386,-1.178
65390,294.767,294.739,66.8573,-1.178
65400,294.767,294.739,66.8573,-1.178
65410,294.767,294.739,66.8573,-1.178
65420,294.767,294.739,66.8573,-1.178
65430,295.114,294.739,1.33678,-1.178
65440,295.114,294.944,1.33678,-1.178
65450,295.114,294.944,64.3466,-1.178
65460,295.114,294.944,64.3466,-1.178
65470,295.114,294.944,99.6177,-1.178
65480,295.114,294.944,90.1258,-1.178
65490,295.114,294.944,2.37287,-1.178
65500,295.106,294.944,64.0625,-1.178
65510,295.106,294.944,64.0625,-1.178
65520,295.106,294.944,64.0625,-1.178
65530,295.106,295.035,64.0625,-1.178
65540,295.106,295.035,111.512,-1.178
65550,295.106,295.035,121.658,-1.178
65560,295.106,295.035,1.61424,-1.178
65570,295.312,295.035,8.78214,-1.178
65580,295.312,295.035,49.4156,-1.178
65590,295.312,295.035,49.4156,-1.178
65600,295.113,295.035,50.7031,-1.178
65610,295.113,295.035,11.5302,-1.178
65620,295.113,294.469,11.5302,-1.178
65630,295.115,294.852,57.0552,-1.178
65640,295.115,294.977,73.9645,-1.178
65650,295.201,295.03,73.9645,-1.178
65660,295.201,295.03,17.0132,-1.178
65670,295.201,295.03,94.3808,-1.178
65680,295.201,295.03,92.4171,-1.178
65690,295.201,295.03,51.2164,-1.178
65700,295.201,295.03,56.376,-1.178
65710,295.201,295.03,18.4979,-1.178
65720,295.201,295.03,83.5237,-1.178
65730,295.201,295.03,16.1866,-1.178
65740,295.201,295.03,51.336,-1.178
65750,295.201,294.473,69.3805,-3.36303
65760,294.885,294.473,69.3805,-3.36303
65770,294.885,294.473,18.2545,-1.178
65780,294.885,294.634,18.2545,-1.178
65790,294.716,294.634,34.0901,-1.178
65800,295.125,294.634,34.0901,-1.178
65810,294.741,294.634,52.6349,-1.178
65820,294.741,294.634,61.2988,-1.178
65830,294.935,294.579,95.59,-3.36303
65840,294.935,294.579,95.59,-3.36303
65850,294.935,294.579,95.59,-3.36303
65860,294.935,294.579,106.118,-3.36303
65870,294.935,294.399,2.27574,-1.178
65880,294.54,294.399,90.6966,-1.178
65890,294.54,294.399,35.7043,-1.178
65900,294.54,294.399,68.6329,-1.178
65910,294.54,294.399,13.4599,-1.178
65920,294.886,294.399,27.7126,-1.178
65930,294.886,294.399,27.7126,-1.178
65940,294.495,294.122,105.315,-3.36303
65950,294.495,294.451,31.1133,-1.178
65960,294.495,294.451,26.8596,-1.178
65970,294.495,294.451,118.366,-1.178
65980,294.483,294.451,118.366,-1.178
65990,294.455,294.451,80.8253,-1.178
66000,294.455,294.451,64.5726,-1.178
66010,294.469,294.451,28.9161,-1.178
66020,294.469,294.11,28.9161,-1.178
66030,294.469,294.11,28.9161,-1.178
66040,294.469,294.11,28.9161,-1.178
66050,294.469,294.11,28.9161,-1.178
66060,294.469,294.11,6.14541,-1.178
66070,295.661,292.983,6.14541,-5.42989
66080,295.661,295.584,6.14541,-1.178
66090,295.661,295.645,130.73,-1.178
66100,295.661,295.645,78.1509,-1.178
66110,295.661,295.645,78.1221,-1.178
66120,295.661,295.645,78.1221,-1.178
66130,295.851,295.645,113.482,-3.36303
66140,295.851,295.645,113.482,-3.36303
66150,295.851,295.645,107.916,-3.36303
66160,295.851,295.645,119.049,-3.36303
66170,295.851,295.645,70.6347,-1.178
66180,295.851,295.645,95.9535,-1.178
66190,295.851,295.645,93.9431,-1.178
66200,295.851,295.563,23.8243,-1.178
66210,295.851,295.468,23.8243,-1.178
66220,295.851,295.468,6.26749,-1.178
66230,296.085,295.563,6.26749,-1.178
66240,296.085,295.563,6.26749,-1.178
66250,296.094,295.563,6.26749,-1.178
66260,296.094,295.563,6.26749,-1.178
66270,296.094,296.06,104.014,-1.178
66280,296.094,296.06,125.844,-1.178
66290,296.214,296.06,2.37981,-1.178
66300,296.214,296.06,83.096,-1.178
66310,296.214,296.06,14.6071,-1.178
66320,296.214,295.691,14.6071,-1.178
66330,296.214,295.765,14.6071,-1.178
66340,296.214,295.765,9.62957,-1.178
66350,296.401,295.765,3.01267,-1.178
66360,296.227,295.765,3.01267,-1.178
66370,296.227,295.765,29.1328,-1.178
66380,296.195,295.765,29.1328,-1.178
66390,296.195,295.765,3.07465,-1.178
66400,296.195,296.156,3.07465,-1.178
66410,296.325,296.156,3.07465,-1.178
66420,296.325,296.156,106.578,-3.36303
66430,296.325,296.156,57.063,-1.178
66440,296.334,296.156,21.3432,-1.178
66450,296.334,296.156,61.1205,-1.178
66460,296.334,296.156,76.9526,-1.178
66470,296.334,296.156,76.9526,-1.178
66480,296.334,296.156,83.9603,-1.178
66490,296.334,296.091,64.0175,-1.178
66500,296.152,296.091,34.9178,-1.178
66510,296.152,296.091,52.4873,-1.178
66520,296.152,296.091,52.4873,-1.178
66530,296.152,295.643,63.8681,-3.36303
66540,296.152,295.643,49.7811,-3.36303
66550,295.934,295.643,37.4083,-1.178
66560,295.934,295.643,37.4083,-1.178
66570,295.918,295.643,37.4083,-1.178
66580,295.918,295.883,14.0839,-1.178
66590,295.926,295.648,14.0839,-1.178
66600,295.926,295.648,47.4107,-1.178
66610,295.723,295.648,47.4107,-1.178
66620,295.723,295.648,114.832,-1.178
66630,295.669,295.648,103.132,-1.178
66640,295.669,295.648,127.785,-1.178
66650,296.403,295.648,32.4833,-3.36303
66660,296.403,296.395,132.73,-1.178
66670,296.403,296.395,117.67,-1.178
66680,296.857,296.395,37.2667,-1.178
66690,296.857,296.395,37.2667,-1.178
66700,296.857,296.395,37.2667,-1.178
66710,297.145,296.395,37.2667,-3.36303
66720,297.145,296.395,42.5443,-3.36303
66730,297.145,296.708,48.9775,-1.178
66740,297.145,296.904,72.3163,-1.178
66750,297.143,296.904,72.3163,-1.178
66760,297.143,296.904,89.7868,-1.178
66770,297.143,296.904,21.4302,-1.178
66780,297.143,296.904,12.6487,-1.178
66790,297.143,296.904,84.6505,-1.178
66800,297.143,296.782,94.7488,-3.36303
66810,297.543,295.958,88.6536,-7.49676
66820,297.761,295.445,129.94,-7.49676
66830,297.329,296.798,0.629728,-1.178
66840,296.998,296.798,53.1128,-1.178
66850,296.998,296.798,53.1128,-1.178
66860,296.998,296.798,94.2086,-1.178
66870,296.998,296.798,57.1791,-1.178
66880,296.943,296.798,57.1791,-1.178
66890,296.943,296.096,57.1791,-3.36303
66900,296.943,296.096,81.1551,-5.42989
66910,296.943,296.789,81.1551,-1.178
66920,296.943,296.789,141.896,-7.49676
66930,297.542,297.311,55.5171,-1.178
66940,297.542,297.311,55.3102,-1.178
66950,297.542,297.343,105.897,-3.36303
66960,297.542,297.343,46.4841,-1.178
66970,297.542,297.343,13.3141,-1.178
66980,297.542,297.398,32.5141,-1.178
66990,297.475,297.398,32.5141,-1.178
67000,297.475,297.279,32.5141,-1.178
67010,297.475,297.279,69.5798,-1.178
67020,297.475,297.279,69.5798,-1.178
67030,297.475,297.279,96.1566,-1.178
67040,297.475,297.279,96.1566,-1.178
67050,297.475,297.279,72.3378,-1.178
67060,297.475,297.279,72.3378,-1.178
67070,297.456,297.165,46.4128,-1.178
67080,297.456,297.165,60.4835,-1.178
67090,297.456,295.522,162.413,-7.49676
67100,297.724,295.522,151.208,-7.49676
67110,297.724,297.367,16.393,-1.178
67120,297.724,297.361,16.393,-1.178
67130,297.724,297.361,57.6292,-1.178
67140,297.724,297.553,57.6292,-1.178
67150,297.563,297.553,134.052,-1.178
67160,297.563,297.553,15.0277,-1.178
67170,297.563,297.553,92.5538,-1.178
67180,297.73,297.553,63.2773,-1.178
67190,297.73,297.455,63.2773,-1.178
67200,297.73,297.455,63.2773,-1.178
67210,297.668,297.455,63.2773,-1.178
67220,297.668,297.455,63.2773,-1.178
67230,297.718,297.455,63.2773,-1.178
67240,297.642,297.455,74.9343,-1.178
67250,297.642,297.455,74.9343,-1.178
67260,297.642,297.455,70.9228,-1.178
67270,297.642,297.317,47.0715,-1.178
67280,297.642,297.317,47.0715,-1.178
67290,297.661,297.585,18.3561,-1.178
67300,297.661,297.121,61.1876,-3.36303
67310,297.474,297.238,61.1876,-1.178
67320,297.474,297.238,42.4459,-1.178
67330,297.474,297.238,31.4199,-1.178
67340,297.674,297.238,50.7874,-1.178
67350,298.095,297.583,36.7157,-1.178
67360,298.095,297.583,27.6091,-1.178
67370,298.095,297.583,27.6091,-1.178
67380,298.095,297.583,27.6091,-1.178
67390,298.095,297.683,27.6091,-1.178
67400,297.93,297.683,84.3536,-1.178
67410,297.93,297.683,60.475,-1.178
67420,298.082,297.683,42.4579,-1.178
67430,298.082,297.683,42.4579,-1.178
67440,297.933,297.683,42.4579,-1.178
67450,297.933,297.683,80.5464,-1.178
67460,297.933,297.683,80.5464,-1.178
67470,297.933,297.683,80.5464,-1.178
67480,297.927,297.683,80.5464,-1.178
67490,297.927,297.683,80.5464,-1.178
67500,297.927,297.683,27.8835,-1.178
67510,297.763,297.683,17.3245,-1.178
67520,298.07,297.921,52.1599,-1.178
67530,298.07,297.921,9.26414,-1.178
67540,298.07,297.921,24.7361,-1.178
67550,298.07,297.921,24.7361,-1.178
67560,298.07,297.737,61.383,-1.178
67570,298.07,297.737,30.4963,-1.178
67580,298.07,297.685,30.4963,-1.178
67590,297.858,297.631,16.9239,-1.178
67600,297.858,297.18,16.9239,-3.36303
67610,298.03,297.18,39.7496,-3.36303
67620,298.03,297.8,49.2697,-1.178
67630,298.03,297.8,89.0612,-1.178
67640,297.997,297.8,89.0612,-1.178
67650,297.997,297.804,4.99904,-1.178
67660,297.836,297.804,4.99904,-1.178
67670,297.836,297.804,86.677,-1.178
67680,297.836,297.804,87.3576,-1.178
67690,297.836,297.495,87.3576,-3.36303
67700,297.836,297.495,87.3576,-3.36303
67710,297.809,297.517,19.5641,-1.178
67720,297.678,297.517,0.386481,-1.178
67730,297.678,297.517,0.386481,-1.178
67740,298.536,297.517,0.386481,-3.36303
67750,298.407,297.517,78.9063,-5.42989
67760,296.072,295.717,83.7982,-3.36303
67770,296.072,295.717,83.7982,-3.36303
67780,295.847,295.691,50.0389,-1.178
67790,296.126,295.691,50.0389,-1.178
67800,296.126,296.109,83.4477,-1.178
67810,296.126,296.109,4.42409,-1.178
67820,296.126,296.109,90.9195,-1.178
67830,296.126,296.109,74.6428,-1.178
67840,296.126,296.086,45.357,-1.178
67850,296.126,296.086,45.357,-1.178
67860,296.126,296.086,45.357,-1.178
67870,296.126,295.826,45.357,-1.178
67880,296.126,295.826,45.357,-1.178
67890,296.126,295.826,45.357,-1.178
67900,296.126,295.826,4.27748,-1.178
67910,296.059,295.522,4.27748,-1.178
67920,296.059,295.522,4.27748,-1.178
67930,295.954,295.366,4.27748,-1.178
67940,295.954,295.449,65.7005,-3.36303
67950,295.954,295.347,0.941219,-1.178
67960,295.482,295.347,70.9491,-1.178
67970,295.422,295.347,0.834492,-1.178
67980,296.148,294.96,22.5231,-3.36303
67990,295.599,294.96,12.4796,-1.178
68000,295.599,294.96,12.4796,-1.178
68010,295.515,294.96,12.4796,-1.178
68020,295.423,294.96,12.4796,-1.178
68030,295.123,294.96,12.4796,-1.178
68040,295.123,294.96,50.4954,-1.178
68050,295.123,294.37,50.4954,-3.36303
68060,294.385,294.37,116.444,-1.178
68070,294.467,294.37,116.444,-1.178
68080,294.467,294.443,40.1959,-1.178
68090,294.467,294.443,40.1959,-1.178
68100,294.467,294.443,56.4112,-1.178
68110,294.532,294.443,41.3302,-1.178
68120,294.532,294.35,58.4604,-1.178
68130,294.532,294.35,70.1727,-1.178
68140,294.532,294.35,11.855,-1.178
68150,294.532,294.35,99.8571,-1.178
68160,294.532,294.35,75.2739,-1.178
68170,294.532,294.35,75.2739,-1.178
68180,294.532,294.35,30.4815,-1.178
68190,294.532,294.35,71.9914,-1.178
68200,294.532,294.35,40.8235,-1.178
68210,294.532,294.35,13.7339,-1.178
68220,294.532,294.35,13.7339,-1.178
68230,294.532,294.326,118.721,-3.36303
68240,294.532,294.326,18.1454,-1.178
68250,294.532,294.326,2.89304,-1.178
68260,294.537,294.326,68.0242,-1.178
68270,294.528,294.326,68.0242,-1.178
68280,294.528,294.326,19.7544,-1.178
68290,294.665,294.326,19.7544,-1.178
68300,294.725,294.326,19.7544,-1.178
68310,294.902,294.695,47.7032,-1.178
68320,294.902,294.695,47.7032,-1.178
68330,294.902,294.859,43.1625,-1.178
68340,294.902,294.859,71.3419,-1.178
68350,294.902,294.859,121.041,-1.178
68360,294.902,294.859,121.041,-1.178
68370,295.137,294.859,61.712,-1.178
68380,295.137,294.859,32.1308,-1.178
68390,295.137,294.842,32.1308,-1.178
68400,295.137,294.842,32.1308,-1.178
68410,295.137,294.775,32.1308,-1.178
68420,295.137,294.775,32.1308,-1.178
68430,295.137,294.775,32.1308,-1.178
68440,295.137,294.775,32.1308,-1.178
68450,295.137,294.775,20.2228,-1.178
68460,295.137,294.775,20.2228,-1.178
68470,295.137,294.706,20.2228,-1.178
68480,295.137,294.706,20.2228,-1.178
68490,295.137,294.706,20.2228,-1.178
68500,295.137,294.706,20.2228,-1.178
68510,295.137,294.501,12.4365,-1.178
68520,294.572,294.501,89.62,-1.178
68530,294.572,294.501,103.438,-1.178
68540,294.572,294.501,104.102,-1.178
68550,294.572,294.501,4.96249,-1.178
68560,295.056,294.501,4.96249,-1.178
68570,294.578,294.25,4.96249,-1.178
68580,294.578,294.25,10.8462,-1.178
68590,294.578,294.25,10.8462,-1.178
68600,294.578,294.25,50.4685,-1.178
68610,294.474,294.25,49.4536,-1.178
68620,294.474,294.25,46.087,-1.178
68630,294.474,294.25,48.7931,-1.178
68640,294.474,294.079,48.7931,-1.178
68650,294.474,294.079,48.7931,-1.178
68660,294.09,294.079,48.7931,-1.178
68670,294.155,294.079,82.7678,-1.178
68680,294.155,294.079,97.7193,-1.178
68690,294.155,294.079,113.241,-1.178
68700,294.155,293.787,23.7603,-1.178
68710,294.155,293.56,10.2421,-1.178
68720,294.155,294.017,35.345,-1.178
68730,294.155,294.017,50.1702,-1.178
68740,294.308,294.017,46.1466,-1.178
68750,294.308,294.017,46.1466,-1.178
68760,294.308,294.017,46.1466,-1.178
68770,294.914,294.233,35.382,-3.36303
68780,294.914,294.405,35.382,-1.178
68790,294.914,294.405,41.2382,-3.36303
68800,294.914,294.405,33.0743,-1.178
68810,294.914,294.911,122.849,-1.178
68820,294.914,294.911,99.951,-1.178
68830,294.914,294.911,97.6915,-1.178
68840,294.914,294.911,90.8845,-1.178
68850,294.914,294.911,127.805,-1.178
68860,294.914,294.895,127.805,-1.178
68870,295.904,294.895,51.6064,-3.36303
68880,295.904,294.895,51.6064,-3.36303
68890,295.128,294.895,23.3474,-1.178
68900,295.128,294.895,3.52754,-1.178
68910,295.128,294.895,3.52754,-1.178
68920,295.128,294.895,73.9037,-1.178
68930,295.128,294.895,21.6887,-1.178
68940,295.128,294.895,73.1306,-1.178
68950,295.128,294.93,30.6963,-1.178
68960,295.128,294.93,30.6963,-1.178
68970,295.823,295.119,30.6963,-3.36303
68980,295.871,295.119,21.3252,-3.36303
68990,296.886,295.119,37.4205,-5.42989
69000,295.904,295.119,70.3342,-3.36303
69010,295.904,295.119,70.3342,-3.36303
69020,295.904,295.119,70.3342,-3.36303
69030,295.904,295.119,50.5778,-3.36303
69040,295.904,295.119,116.249,-7.49676
69050,295.969,293.648,138.481,-7.49676
69060,295.969,293.648,174.871,-7.49676
69070,294.671,293.648,78.1066,-5.42989
69080,293.913,293.648,99.4676,-3.36303
69090,293.95,293.648,53.4768,-1.178
69100,293.95,293.659,53.4768,-1.178
69110,293.95,293.659,3.63333,-1.178
69120,293.95,293.659,32.5013,-1.178
69130,293.828,293.659,32.5013,-1.178
69140,293.828,293.659,82.4449,-1.178
69150,293.926,293.659,82.4449,-1.178
69160,293.926,293.219,34.6348,-3.36303
69170,293.926,293.592,51.0133,-1.178
69180,293.926,293.592,51.0133,-1.178
69190,293.916,293.592,51.0133,-1.178
69200,293.916,293.592,51.0133,-1.178
69210,293.916,293.592,51.0133,-1.178
69220,293.655,293.245,51.0133,-1.178
69230,293.338,293.245,97.7442,-1.178
69240,293.338,293.273,104.59,-1.178
69250,293.338,293.273,104.59,-1.178
69260,293.338,293.273,104.59,-1.178
69270,293.338,293.273,59.4567,-1.178
69280,293.338,293.049,43.9205,-1.178
69290,293.338,293.049,55.545,-1.178
69300,293.338,293.049,43.9694,-1.178
69310,293.338,293.049,43.9694,-1.178
69320,293.338,293.041,48.2451,-1.178
69330,293.338,293.041,48.2451,-1.178
69340,293.338,293.304,48.2451,-1.178
69350,293.338,292.969,35.4982,-1.178
69360,293.488,292.969,35.4982,-1.178
69370,293.17,292.969,35.4982,-1.178
69380,294.253,292.969,0.203803,-3.36303
69390,294.253,293.049,0.173314,-3.36303
69400,294.367,294.083,38.8808,-1.178
69410,295.008,294.083,13.0195,-3.36303
69420,295.008,294.582,13.0195,-1.178
69430,295.008,294.536,13.0195,-1.178
69440,295.008,294.536,13.0195,-1.178
69450,294.992,294.604,13.0195,-1.178
69460,294.656,294.604,78.903,-1.178
69470,294.656,294.604,89.6023,-1.178
69480,294.944,294.604,56.7232,-1.178
69490,294.944,294.604,56.3564,-1.178
69500,294.734,294.604,44.1434,-1.178
69510,294.734,294.604,44.1434,-1.178
69520,294.794,294.62,37.732,-1.178
69530,294.929,294.62,75.1333,-1.178
69540,294.929,294.62,75.1333,-1.178
69550,294.929,294.62,49.4244,-1.178
69560,294.929,294.767,49.4244,-1.178
69570,294.929,294.767,50.6874,-1.178
69580,294.929,294.767,140.977,-7.49676
69590,296.776,294.767,175.583,-7.49676
69600,296.74,294.913,175.583,-7.49676
69610,296.74,294.415,175.583,-7.49676
69620,296.74,295.289,69.3809,-7.49676
69630,297.166,295.337,114.516,-7.49676
69640,297.166,294.597,97.4837,-7.49676
69650,297.057,295.681,97.4837,-7.49676
69660,296.844,296.546,185.457,-7.49676
69670,296.596,294.292,185.457,-7.49676
69680,295.82,295.643,95.4434,-1.178
69690,295.82,295.574,83.8005,-1.178
69700,295.82,295.574,53.9073,-1.178
69710,295.82,295.574,40.8796,-1.178
69720,295.82,295.574,72.2999,-1.178
69730,295.822,295.508,72.2999,-1.178
69740,295.822,295.508,72.2999,-1.178
69750,295.822,295.538,72.2999,-1.178
69760,295.822,295.538,72.2999,-1.178
69770,295.822,295.538,2.37218,-1.178
69780,295.822,295.538,41.5364,-1.178
69790,295.822,295.783,41.5364,-1.178
69800,296.019,295.415,73.2513,-3.36303
69810,296.454,295.091,149.49,-7.49676
69820,295.667,295.091,10.5699,-1.178
69830,295.667,295.091,10.5699,-1.178
69840,295.667,295.091,10.5699,-1.178
69850,295.585,295.091,10.5699,-1.178
69860,295.585,295.091,10.5699,-1.178
69870,295.585,295.365,10.5699,-1.178
69880,295.585,295.365,79.1131,-1.178
69890,295.585,295.365,79.1131,-1.178
69900,295.585,295.365,70.1387,-1.178
69910,295.421,295.365,90.1503,-1.178
69920,295.421,295.059,19.2144,-1.178
69930,295.421,295.059,13.208,-1.178
69940,295.421,295.059,13.208,-1.178
69950,295.421,295.059,8.36664,-1.178
69960,295.421,295.059,8.36664,-1.178
69970,295.421,295.072,8.33341,-1.178
69980,295.679,294.485,8.33341,-3.36303
69990,296.425,294.485,7.01953,-5.42989
70000,297.193,294.485,7.01953,-7.49676
70010,296.88,294.485,6.58335,-5.42989
70020,296.031,294.485,6.58335,-5.42989
70030,296.031,294.485,6.58335,-5.42989
70040,295.566,294.485,6.58335,-3.36303
70050,295.566,294.783,62.0636,-3.36303
70060,295.566,295.369,62.0636,-1.178
70070,295.566,295.369,62.0636,-1.178
70080,295.566,295.369,81.597,-1.178
70090,295.566,295.369,94.3225,-1.178
70100,295.566,295.369,94.3225,-1.178
70110,295.611,295.369,51.322,-1.178
70120,296.409,295.369,18.9121,-3.36303
70130,296.409,295.464,18.9121,-3.36303
70140,296.409,295.464,18.9121,-3.36303
70150,296.409,295.464,20.6603,-3.36303
70160,296.196,295.202,20.6603,-3.36303
70170,297.16,296.814,107.19,-3.36303
70180,296.83,296.549,76.7784,-1.178
70190,296.83,296.549,76.7784,-1.178
70200,296.83,296.549,76.8509,-1.178
70210,296.743,296.549,48.1251,-1.178
70220,296.743,296.549,48.1251,-1.178
70230,296.743,296.549,46.7516,-1.178
70240,296.712,296.549,7.35157,-1.178
70250,296.749,296.549,7.35157,-1.178
70260,296.572,296.549,7.35157,-1.178
70270,296.572,296.549,118.828,-1.178
70280,296.572,296.549,118.828,-1.178
70290,296.572,296.169,51.3605,-1.178
70300,296.572,296.551,126.958,-1.178
70310,296.572,296.551,49.8224,-1.178
70320,297.093,296.551,20.8372,-1.178
70330,297.093,296.551,20.8372,-1.178
70340,297.093,296.361,33.9276,-3.36303
70350,296.886,296.361,33.9276,-1.178
70360,296.886,296.885,33.9276,-1.178
70370,297.607,296.885,71.3783,-3.36303
70380,297.607,297.236,50.5775,-1.178
70390,297.607,297.354,51.6355,-1.178
70400,297.607,296.376,4.02576,-3.36303
70410,297.607,295.475,4.02576,-5.42989
70420,297.607,297.225,4.02576,-1.178
70430,297.901,297.225,4.02576,-1.178
70440,297.901,297.225,4.02576,-1.178
70450,297.901,297.77,4.02576,-1.178
70460,297.901,297.897,91.3082,-1.178
70470,297.901,297.897,105.648,-1.178
70480,297.901,297.897,38.112,-1.178
70490,298.392,297.488,31.7744,-3.36303
70500,297.671,297.488,12.1698,-1.178
70510,297.765,297.488,6.40649,-1.178
70520,297.765,297.614,68.001,-1.178
70530,297.765,297.614,77.0971,-1.178
70540,297.765,297.205,6.16566,-1.178
70550,297.765,297.464,6.16566,-1.178
70560,297.765,297.338,6.16566,-1.178
70570,297.765,297.338,6.16566,-1.178
70580,297.765,297.338,6.16566,-1.178
70590,297.765,297.338,6.16566,-1.178
70600,297.821,297.338,6.16566,-1.178
70610,297.821,297.338,6.16566,-1.178
70620,297.821,297.393,6.16566,-1.178
70630,297.524,297.271,6.16566,-1.178
70640,297.359,297.271,35.2593,-1.178
70650,297.359,297.271,114.176,-1.178
70660,297.359,297.271,50.0552,-1.178
70670,297.359,297.271,12.2064,-1.178
70680,297.359,297.271,1.17594,-1.178
70690,297.704,296.473,1.17594,-3.36303
70700,297.704,296.229,1.17594,-3.36303
70710,295.755,295.115,1.17594,-1.178
70720,296.266,295.115,28.1212,-3.36303
70730,296.401,295.681,20.1192,-3.36303
70740,296.401,295.681,20.1192,-3.36303
70750,296.961,295.681,20.1192,-3.36303
70760,296.808,296.186,41.9646,-3.36303
70770,296.808,295.815,46.4343,-3.36303
70780,296.808,296.435,46.4343,-1.178
70790,296.808,296.522,19.3871,-1.178
70800,296.808,296.522,19.3871,-1.178
70810,296.686,296.608,53.608,-1.178
70820,296.843,296.608,23.6641,-1.178
70830,296.771,296.156,0.733604,-1.178
70840,296.771,296.156,0.733604,-1.178
70850,296.771,296.564,88.3094,-1.178
70860,296.771,296.564,76.3659,-1.178
70870,296.771,296.564,73.8681,-1.178
70880,296.794,296.564,73.8681,-1.178
70890,296.794,296.564,105.977,-3.36303
70900,296.794,296.564,105.977,-3.36303
70910,296.794,296.564,4.95014,-1.178
70920,296.794,296.647,25.7078,-1.178
70930,296.794,296.647,25.7078,-1.178
70940,296.794,296.647,11.2092,-1.178
70950,296.794,296.32,38.5081,-1.178
70960,296.794,296.32,2.04535,-1.178
70970,296.794,296.32,37.2805,-1.178
70980,296.633,296.32,37.2805,-1.178
70990,296.633,296.32,20.3423,-1.178
71000,296.633,296.32,69.3898,-1.178
71010,296.633,296.365,63.9422,-1.178
71020,296.633,296.365,63.9422,-1.178
71030,296.633,296.365,5.41286,-1.178
71040,296.633,296.365,60.292,-1.178
71050,296.633,296.434,60.292,-1.178
71060,296.633,296.518,111.533,-1.178
71070,296.633,296.518,111.533,-1.178
71080,296.633,296.518,111.533,-1.178
71090,296.633,296.518,111.533,-1.178
71100,296.633,296.518,28.4553,-1.178
71110,296.62,296.087,28.4553,-1.178
71120,296.62,296.087,28.4553,-1.178
71130,296.62,296.087,28.4553,-1.178
71140,296.46,296.087,42.6687,-1.178
71150,296.46,296.087,39.0743,-1.178
71160,296.46,296.186,39.0743,-1.178
71170,296.46,296.186,39.0743,-1.178
71180,296.46,296.186,75.2926,-1.178
71190,296.46,296.252,54.6435,-1.178
71200,296.46,296.133,72.1801,-1.178
71210,296.46,296.133,72.1801,-1.178
71220,296.469,296.133,41.4505,-1.178
71230,296.529,296.133,41.4505,-1.178
71240,296.506,296.133,41.4505,-1.178
71250,296.506,296.133,42.0417,-1.178
71260,296.506,296.025,42.0417,-1.178
71270,296.506,296.025,18.5482,-1.178
71280,296.506,296.464,2.39439,-1.178
71290,296.506,296.464,2.39439,-1.178
71300,297.67,297.444,2.39439,-1.178
71310,297.67,296.986,2.39439,-1.178
71320,296.895,296.422,2.39439,-1.178
71330,296.895,296.422,24.4834,-1.178
71340,296.895,296.422,24.4834,-1.178
71350,296.895,296.422,24.4834,-1.178
71360,296.895,296.422,16.0119,-1.178
71370,296.895,296.641,16.0119,-1.178
71380,297.015,296.636,16.0119,-1.178
71390,297.015,296.636,70.1788,-3.36303
71400,297.015,296.636,35.7206,-1.178
71410,297.015,296.636,37.739,-1.178
71420,297.015,296.605,37.739,-1.178
71430,297.015,296.605,31.2221,-1.178
71440,297.015,296.97,31.2221,-1.178
71450,297.082,296.97,48.1404,-1.178
71460,297.327,297.05,48.1404,-1.178
71470,297.327,297.05,48.1404,-1.178
71480,297.327,297.05,48.1404,-1.178
71490,297.327,297.05,72.674,-1.178
71500,297.327,297.05,69.5308,-1.178
71510,297.327,297.05,69.5308,-1.178
71520,297.327,297.05,46.3777,-1.178
71530,297.327,297.05,20.7654,-1.178
71540,297.327,296.993,69.8085,-1.178
71550,297.183,296.993,91.8303,-1.178
71560,297.056,296.993,103.143,-1.178
71570,297.056,296.993,88.4627,-1.178
71580,297.056,296.97,6.17656,-1.178
71590,297.55,296.97,6.17656,-1.178
71600,297.55,296.97,6.17656,-1.178
71610,297.604,296.396,6.17656,-3.36303
71620,297.017,296.396,6.17656,-1.178
71630,297.017,296.396,6.17656,-1.178
71640,297.017,296.396,8.2027,-1.178
71650,297.017,296.396,71.1527,-3.36303
71660,297.087,296.396,17.0134,-3.36303
71670,296.978,296.396,33.1332,-3.36303
71680,296.978,296.396,55.0731,-3.36303
71690,296.74,296.264,10.3487,-1.178
71700,296.74,296.264,1.22012,-1.178
71710,296.74,296.151,1.22012,-1.178
71720,296.652,296.151,1.22012,-1.178
71730,296.652,296.151,6.75757,-1.178
71740,296.652,296.393,59.901,-1.178
71750,296.652,296.393,51.9547,-1.178
71760,296.652,296.393,82.4763,-1.178
71770,296.652,296.393,82.4763,-1.178
71780,296.652,295.728,57.6479,-3.36303
71790,296.652,295.728,57.6479,-3.36303
71800,296.065,295.922,57.6479,-1.178
71810,296.065,295.529,31.0581,-1.178
71820,296.065,295.529,65.1268,-3.36303
71830,296.065,295.529,10.4654,-1.178
71840,295.919,295.529,10.4654,-1.178
71850,295.919,295.635,57.0128,-1.178
71860,295.919,295.635,16.7513,-1.178
71870,295.919,295.635,75.5694,-1.178
71880,295.919,295.666,1.36781,-1.178
71890,295.919,295.671,66.7352,-1.178
71900,295.919,295.671,66.7352,-1.178
71910,297.103,295.671,45.3415,-5.42989
71920,297.103,296.814,42.6247,-1.178
71930,297.103,296.855,53.2757,-1.178
71940,297.103,296.955,31.1394,-1.178
71950,297.103,296.955,31.1394,-1.178
71960,297.103,296.96,91.438,-1.178
71970,297.033,296.96,31.1788,-1.178
71980,297.033,296.721,31.1788,-1.178
71990,297.033,296.721,75.9166,-1.178
72000,296.941,296.721,38.0492,-1.178
72010,296.941,296.721,71.3391,-1.178
72020,296.941,296.721,71.3391,-1.178
72030,296.941,296.721,39.1609,-1.178
72040,297.01,296.721,57.9748,-1.178
72050,297.01,296.721,57.9748,-1.178
72060,298.116,296.721,57.9748,-5.42989
72070,296.818,296.721,64.2964,-1.178
72080,296.818,296.721,39.105,-1.178
72090,296.818,296.761,39.105,-1.178
72100,296.818,296.33,32.5052,-1.178
72110,296.764,296.33,32.5052,-1.178
72120,296.764,296.484,32.5052,-1.178
72130,296.54,296.484,32.5052,-1.178
72140,296.5,296.484,75.4414,-1.178
72150,296.5,296.484,133.719,-1.178
72160,296.5,296.484,133.719,-1.178
72170,296.5,296.484,133.719,-1.178
72180,296.5,296.484,76.4526,-1.178
72190,296.5,296.484,32.2938,-1.178
72200,296.952,296.499,44.4217,-1.178
72210,297.152,297.097,44.4217,-1.178
72220,297.439,297.097,44.4217,-1.178
72230,297.64,297.399,61.874,-1.178
72240,297.64,297.399,61.874,-1.178
72250,297.64,297.399,61.874,-1.178
72260,297.64,297.399,5.16443,-1.178
72270,297.64,297.399,39.9963,-1.178
72280,297.854,297.399,35.6516,-1.178
72290,297.854,297.399,38.1478,-1.178
72300,297.825,297.399,38.1478,-1.178
72310,297.825,297.812,38.1478,-1.178
72320,297.825,297.812,38.1478,-1.178
72330,297.825,297.812,90.772,-1.178
72340,297.825,297.812,75.5726,-1.178
72350,297.825,297.812,0.113401,-1.178
72360,297.934,297.179,69.7705,-3.36303
72370,297.934,297.179,69.7705,-3.36303
72380,297.934,297.628,69.7705,-1.178
72390,297.934,297.448,29.3688,-1.178
72400,297.481,297.448,62.9393,-1.178
72410,297.481,297.448,55.8361,-1.178
72420,297.481,297.433,55.8361,-1.178
72430,297.481,297.433,55.8361,-1.178
72440,297.481,297.433,20.8826,-1.178
72450,297.481,297.433,48.0434,-1.178
72460,297.551,297.433,67.3406,-1.178
72470,297.551,297.433,100.929,-1.178
72480,297.551,297.433,92.1931,-1.178
72490,297.523,297.433,94.5678,-1.178
72500,297.523,296.834,94.5678,-5.42989
72510,297.523,296.834,18.6297,-3.36303
72520,297.523,296.834,18.6297,-3.36303
72530,299.462,296.834,18.6297,-7.49676
72540,299.462,298.662,41.316,-3.36303
72550,300.497,298.662,3.123,-5.42989
72560,300.497,298.548,67.96,-7.49676
72570,299.867,297.725,61.2465,-7.49676
72580,299.867,298.97,80.9619,-5.42989
72590,299.867,298.97,80.0881,-5.42989
72600,299.867,297.139,17.2554,-7.49676
72610,299.16,297.139,172.011,-7.49676
72620,299.16,297.034,126.137,-7.49676
72630,299.38,297.034,167.692,-7.49676
72640,299.38,297.814,167.692,-7.49676
72650,299.804,297.814,13.9532,-5.42989
72660,298.807,297.814,11.9784,-3.36303
72670,299.583,297.814,3.83881,-5.42989
72680,299.583,299.331,24.8718,-1.178
72690,299.54,299.331,24.8718,-1.178
72700,299.54,299.331,84.5487,-1.178
72710,299.615,299.426,62.3394,-1.178
72720,299.615,299.426,7.52863,-1.178
72730,299.615,299.426,86.369,-1.178
72740,299.615,299.426,76.4627,-1.178
72750,299.615,299.426,83.5832,-1.178
72760,299.615,299.426,90.615,-1.178
72770,299.615,299.426,7.43894,-1.178
72780,299.59,299.426,83.008,-1.178
72790,299.59,299.426,103.997,-1.178
72800,299.59,299.426,85.3271,-1.178
72810,299.59,299.426,91.7095,-1.178
72820,299.59,299.426,5.04053,-1.178
72830,299.59,299.426,81.0153,-1.178
72840,299.88,299.426,81.0153,-3.36303
72850,299.558,299.426,78.3877,-1.178
72860,299.606,299.426,78.3877,-1.178
72870,299.606,299.426,96.0822,-1.178
72880,299.606,299.426,50.9795,-1.178
72890,299.606,299.476,62.5024,-1.178
72900,299.606,299.476,62.5024,-1.178
72910,299.708,299.476,62.5024,-1.178
72920,299.708,299.442,62.5024,-1.178
72930,299.708,299.442,61.7967,-1.178
72940,299.453,299.442,95.767,-1.178
72950,299.453,299.442,86.3931,-1.178
72960,299.453,299.442,48.6676,-1.178
72970,299.453,299.442,69.3598,-1.178
72980,299.453,299.442,60.9084,-1.178
72990,299.453,299.442,60.9084,-1.178
73000,299.453,299.368,85.7729,-1.178
73010,299.453,299.368,70.0992,-1.178
73020,299.453,299.368,11.391,-1.178
73030,299.453,299.368,11.391,-1.178
73040,299.453,299.136,11.391,-1.178
73050,299.453,299.136,75.8221,-1.178
73060,299.453,299.136,90.7441,-3.36303
73070,299.453,299.136,42.5556,-1.178
73080,299.386,299.136,40.3738,-1.178
73090,299.386,299.136,88.5376,-1.178
73100,299.123,298.87,9.24971,-1.178
73110,299.123,298.87,72.6303,-1.178
73120,299.123,298.892,72.6303,-1.178
73130,299.123,298.892,47.4347,-1.178
73140,299.123,298.892,47.4347,-1.178
73150,299.123,298.892,47.4347,-1.178
73160,299.123,299.005,27.8846,-1.178
73170,299.123,299.005,3.62333,-1.178
73180,299.123,299.005,39.5511,-1.178
73190,299.123,299.005,39.5511,-1.178
73200,299.123,299.062,89.1866,-1.178
73210,299.123,299.062,94.9358,-1.178
73220,299.123,299.062,94.9358,-1.178
73230,299.123,299.062,1.59943,-1.178
73240,299.123,298.86,75.1131,-1.178
73250,299.123,298.86,17.5351,-1.178
73260,299.123,298.888,17.5351,-1.178
73270,299.123,298.947,17.5351,-1.178
73280,298.976,298.947,128.232,-1.178
73290,298.976,298.947,48.643,-1.178
73300,299.673,298.947,43.2475,-3.36303
73310,300.104,299.445,75.1836,-3.36303
73320,300.104,299.445,75.1836,-3.36303
73330,300.104,299.445,54.787,-3.36303
73340,300.104,299.445,59.6374,-3.36303
73350,299.789,299.515,59.6374,-1.178
73360,299.789,298.255,59.6374,-5.42989
73370,299.789,299.114,80.1399,-5.42989
73380,299.789,297.097,80.1399,-7.49676
73390,299.789,297.141,27.6094,-7.49676
73400,298.05,297.576,27.6094,-1.178
73410,297.738,297.576,62.0864,-1.178
73420,297.738,297.596,46.4154,-1.178
73430,297.738,297.596,50.9657,-1.178
73440,297.738,297.596,122.176,-3.36303
73450,297.738,297.596,94.6676,-1.178
73460,297.738,297.596,87.6488,-1.178
73470,297.738,297.596,69.2571,-1.178
73480,297.738,297.596,29.8193,-1.178
73490,297.738,297.596,6.71011,-1.178
73500,297.871,297.596,6.71011,-1.178
73510,297.871,297.508,6.71011,-1.178
73520,297.871,297.521,12.9643,-1.178
73530,297.871,297.521,52.6166,-1.178
73540,297.871,297.812,24.1583,-1.178
73550,297.871,296.74,24.1583,-3.36303
73560,297.871,296.74,17.6099,-3.36303
73570,297.871,296.318,56.6175,-5.42989
73580,297.871,296.29,56.6175,-5.42989
73590,297.871,297.728,56.6175,-1.178
73600,297.871,297.728,104.513,-1.178
73610,298.237,297.857,38.3568,-1.178
73620,298.237,297.857,38.3568,-1.178
73630,298.237,297.857,38.3568,-1.178
73640,298.237,297.857,38.3568,-1.178
73650,298.237,297.857,38.3568,-1.178
73660,298.237,297.857,38.3568,-1.178
73670,297.982,297.857,38.3568,-1.178
73680,297.982,297.857,66.3965,-1.178
73690,297.693,297.671,74.1845,-1.178
73700,298.402,297.671,6.49589,-3.36303
73710,298.402,297.818,6.49589,-1.178
73720,298.402,297.726,6.49589,-1.178
73730,298.402,297.726,6.49589,-1.178
73740,298.402,297.73,6.49589,-1.178
73750,298.402,297.73,6.49589,-1.178
73760,298.402,298.388,69.5118,-1.178
73770,298.402,298.388,115.732,-1.178
73780,298.402,298.388,33.0607,-1.178
73790,298.598,298.388,69.371,-1.178
73800,298.598,298.388,74.3349,-1.178
73810,298.598,298.388,74.3349,-1.178
73820,298.598,298.388,74.3349,-1.178
73830,298.598,298.388,55.0377,-1.178
73840,298.598,298.379,13.3456,-1.178
73850,298.598,297.907,61.9878,-3.36303
73860,299.259,297.907,21.1731,-3.36303
73870,299.259,297.907,21.1731,-3.36303
73880,299.259,298.663,21.1731,-1.178
73890,299.259,298.663,21.1731,-1.178
73900,298.795,298.663,13.436,-1.178
73910,298.795,298.663,23.3571,-1.178
73920,298.795,298.663,106.594,-1.178
73930,298.795,298.708,52.1177,-1.178
73940,298.795,298.708,12.4503,-1.178
73950,298.795,298.708,96.0838,-1.178
73960,298.795,298.708,58.6563,-1.178
73970,298.795,298.689,7.10111,-1.178
73980,298.353,297.476,7.10111,-3.36303
73990,298.353,298.198,7.10111,-1.178
74000,298.353,298.198,70.1159,-1.178
74010,298.353,297.388,40.3946,-3.36303
74020,298.929,297.816,20.6413,-3.36303
74030,297.828,297.816,67.9875,-1.178
74040,298.114,297.816,77.575,-1.178
74050,298.114,297.829,74.6649,-1.178
74060,297.88,297.829,129.801,-3.36303
74070,297.88,297.829,114.99,-1.178
74080,297.88,297.829,97.8515,-1.178
74090,297.88,297.827,97.8515,-1.178
74100,297.88,297.827,75.6287,-1.178
74110,297.88,297.827,70.6341,-1.178
74120,299.223,297.827,39.1933,-5.42989
74130,299.199,298.765,60.3958,-3.36303
74140,298.838,298.765,60.3958,-1.178
74150,298.838,298.337,91.8182,-3.36303
74160,298.838,298.502,91.8182,-3.36303
74170,298.838,298.502,91.8182,-3.36303
74180,299.008,298.893,52.666,-1.178
74190,299.008,298.823,52.666,-1.178
74200,299.008,298.823,81.0783,-1.178
74210,299.008,298.891,81.0783,-1.178
74220,299.008,298.891,28.6398,-1.178
74230,299.008,298.891,11.2313,-1.178
74240,299.008,298.891,84.7828,-1.178
74250,299.008,298.773,84.7828,-1.178
74260,299.008,298.773,88.1075,-1.178
74270,299.008,298.773,88.1075,-1.178
74280,299.008,298.773,88.1075,-1.178
74290,299.008,298.773,88.1075,-1.178
74300,299.008,298.773,88.1075,-1.178
74310,299.008,298.773,3.83497,-1.178
74320,299.008,298.773,89.7534,-1.178
74330,299.008,298.773,89.7534,-1.178
74340,299.008,298.6,41.3918,-1.178
74350,298.729,298.6,41.3918,-1.178
74360,298.729,298.6,41.3918,-1.178
74370,298.729,298.6,71.0573,-1.178
74380,298.885,298.6,71.0573,-1.178
74390,298.885,298.776,69.2169,-1.178
74400,298.885,298.776,91.6263,-1.178
74410,298.878,298.776,91.6263,-1.178
74420,298.878,298.696,91.6263,-1.178
74430,298.755,298.696,105.825,-1.178
74440,298.755,298.696,56.1137,-1.178
74450,298.986,298.696,56.1137,-1.178
74460,298.986,298.696,56.1137,-1.178
74470,298.986,298.696,63.0911,-1.178
74480,298.986,298.742,87.2752,-1.178
74490,298.986,298.742,87.2752,-1.178
74500,298.986,298.742,3.72575,-1.178
74510,298.984,298.965,3.72575,-1.178
74520,298.984,298.965,120.442,-1.178
74530,298.984,298.965,93.9079,-1.178
74540,299.019,298.802,93.9079,-1.178
74550,299.019,298.802,51.9013,-1.178
74560,298.807,298.802,108.353,-1.178
74570,298.807,298.802,59.3489,-1.178
74580,299.181,299.15,59.3489,-1.178
74590,299.181,299.15,121.418,-1.178
74600,299.181,299.15,121.418,-1.178
74610,299.181,299.15,121.418,-1.178
74620,299.181,299.15,121.418,-1.178
74630,299.181,299.176,47.164,-1.178
74640,299.181,299.019,47.164,-1.178
74650,299.181,299.019,47.164,-1.178
74660,299.181,299.019,93.3179,-1.178
74670,299.181,299.019,28.6766,-1.178
74680,299.248,299.019,28.6766,-1.178
74690,299.852,299.064,28.6766,-3.36303
74700,299.095,299.064,28.6766,-1.178
74710,299.095,299.064,52.7397,-1.178
74720,299.095,299.064,126.903,-1.178
74730,299.095,299.064,126.903,-1.178
74740,299.095,299.064,126.903,-1.178
74750,299.095,299.064,125.42,-1.178
74760,299.095,299.064,105.886,-1.178
74770,299.095,299.064,27.216,-1.178
74780,299.095,299.081,27.216,-1.178
74790,299.095,299.081,27.216,-1.178
74800,299.095,298.737,27.216,-1.178
74810,299.095,299.091,27.216,-1.178
74820,299.095,299.091,37.0282,-1.178
74830,299.334,299.091,37.0282,-1.178
74840,299.334,298.834,29.7581,-1.178
74850,299.334,298.834,27.9471,-1.178
74860,299.334,299.016,27.9471,-1.178
74870,299.334,299.016,27.9471,-1.178
74880,299.29,298.946,19.9066,-1.178
74890,299.29,298.946,19.9066,-1.178
74900,299.461,299.028,91.9936,-3.36303
74910,299.461,299.028,91.9936,-3.36303
74920,299.461,299.028,91.9936,-3.36303
74930,299.461,299.028,35.2763,-1.178
74940,299.461,299.028,35.2763,-1.178
74950,299.461,299.028,35.2763,-1.178
74960,299.691,299.028,35.2763,-3.36303
74970,299.691,299.028,35.2763,-3.36303
74980,299.691,299.028,73.6935,-3.36303
74990,299.691,299.028,74.335,-3.36303
75000,299.261,299.028,23.6298,-1.178
75010,299.261,298.97,23.6298,-1.178
75020,299.261,298.97,23.6298,-1.178
75030,299.973,299.139,13.3378,-3.36303
75040,299.144,299.139,84.3198,-1.178
75050,299.144,299.139,84.3198,-1.178
75060,298.723,297.353,158.112,-7.49676
75070,299.607,299.2,37.2761,-1.178
75080,299.607,299.2,54.671,-1.178
75090,299.607,299.2,54.671,-1.178
75100,299.607,299.2,54.671,-1.178
75110,299.607,299.2,54.671,-1.178
75120,299.565,299.2,54.671,-1.178
75130,299.565,299.2,54.671,-1.178
75140,299.565,299.2,78.9165,-3.36303
75150,299.565,299.428,55.3796,-1.178
75160,299.565,299.428,55.3796,-1.178
75170,299.565,299.428,76.6257,-1.178
75180,299.565,299.428,76.6257,-1.178
75190,299.565,299.428,71.7398,-1.178
75200,299.565,299.428,83.8843,-1.178
75210,299.565,299.428,11.861,-1.178
75220,299.565,299.428,14.1381,-1.178
75230,299.509,299.428,14.1381,-1.178
75240,299.509,299.428,95.0579,-1.178
75250,299.509,299.428,95.0579,-1.178
75260,299.509,299.428,95.0579,-1.178
75270,300.103,299.428,1.83324,-1.178
75280,299.43,298.838,1.83324,-1.178
75290,299.339,298.838,1.83324,-1.178
75300,299.339,298.838,93.4752,-3.36303
75310,299.339,298.838,93.4752,-3.36303
75320,299.339,298.718,33.9908,-3.36303
75330,299.339,298.718,33.9908,-3.36303
75340,299.339,298.718,38.3163,-3.36303
75350,299.339,299.262,56.779,-1.178
75360,299.339,299.262,98.6854,-1.178
75370,299.339,299.262,72.3085,-1.178
75380,299.339,299.262,117.004,-1.178
75390,299.339,299.262,46.8546,-1.178
75400,299.339,299.262,48.2782,-1.178
75410,299.339,299.331,109.353,-1.178
75420,299.339,298.807,109.353,-5.42989
75430,299.339,298.807,3.75312,-1.178
75440,300.334,299.814,3.75312,-1.178
75450,300.334,299.814,184.576,-7.49676
75460,302.147,300.71,184.576,-7.49676
75470,302.147,300.926,12.1907,-3.36303
75480,301.913,301.787,12.1907,-1.178
75490,301.913,301.421,12.1907,-1.178
75500,301.913,301.753,19.2241,-1.178
75510,301.616,301.343,19.2241,-1.178
75520,301.616,301.343,49.0243,-1.178
75530,301.616,301.343,49.0243,-1.178
75540,302.275,301.343,49.0243,-3.36303
75550,301.442,301.343,49.0243,-1.178
75560,301.442,301.404,74.0386,-1.178
75570,301.442,301.404,51.8583,-1.178
75580,301.442,301.404,110.211,-1.178
75590,301.442,301.06,23.6329,-1.178
75600,301.442,301.06,23.6329,-1.178
75610,301.442,301.018,23.6329,-1.178
75620,301.442,301.018,1.81589,-1.178
75630,301.201,301.018,1.81589,-1.178
75640,301.51,301.018,29.2279,-1.178
75650,301.51,301.253,92.5063,-3.36303
75660,301.51,301.253,92.5063,-3.36303
75670,301.51,301.439,92.5063,-1.178
75680,301.63,301.439,15.8293,-1.178
75690,301.63,301.439,15.8293,-1.178
75700,301.63,301.439,3.31544,-1.178
75710,301.63,301.56,81.9497,-1.178
75720,301.63,301.56,81.9497,-1.178
75730,301.63,301.56,81.9497,-1.178
75740,301.63,301.56,81.9497,-1.178
75750,301.63,301.56,20.2172,-1.178
75760,301.63,301.56,20.2172,-1.178
75770,301.63,301.629,50.7709,-1.178
75780,301.63,301.629,93.0711,-1.178
75790,301.63,301.524,93.0711,-1.178
75800,301.63,301.524,93.0711,-1.178
75810,301.63,301.524,68.1764,-1.178
75820,301.63,301.524,24.4855,-1.178
75830,301.63,301.524,14.3072,-1.178
75840,301.63,301.403,76.0497,-1.178
75850,301.63,301.403,76.0497,-1.178
75860,301.63,301.403,76.0497,-1.178
75870,301.63,301.403,76.0497,-1.178
75880,301.63,301.403,86.9949,-1.178
75890,301.63,301.403,86.9949,-1.178
75900,301.719,301.403,86.9949,-3.36303
75910,301.719,301.403,67.4545,-1.178
75920,301.719,301.403,36.7002,-1.178
75930,301.719,301.403,36.7002,-1.178
75940,301.719,301.403,47.7946,-1.178
75950,301.689,301.403,47.7946,-1.178
75960,301.689,301.403,47.7946,-1.178
75970,301.843,301.403,47.7946,-1.178
75980,301.843,301.403,47.7946,-1.178
75990,301.843,301.403,47.7946,-1.178
76000,301.843,301.403,47.7946,-1.178
76010,301.843,301.403,47.7946,-1.178
76020,301.843,301.403,30.0563,-1.178
76030,301.843,301.403,30.0563,-1.178
76040,301.843,301.403,30.0563,-1.178
76050,301.843,301.403,30.0563,-1.178
76060,301.843,301.403,30.0563,-1.178
76070,301.843,301.403,30.0563,-1.178
76080,301.843,301.203,30.0563,-3.36303
76090,301.843,301.203,82.9597,-3.36303
76100,301.843,301.203,55.1361,-3.36303
76110,301.843,301.203,55.1361,-3.36303
76120,301.552,301.203,16.5928,-1.178
76130,301.631,301.308,35.8545,-1.178
76140,301.631,301.308,35.8545,-1.178
76150,301.631,300.707,35.8545,-3.36303
76160,301.631,300.707,16.4958,-3.36303
76170,301.43,300.707,16.4958,-3.36303
76180,301.43,300.707,16.4958,-3.36303
76190,301.43,301.191,71.9063,-1.178
76200,301.43,301.191,28.2854,-1.178
76210,301.43,301.191,0.80452,-1.178
76220,301.43,301.191,3.25953,-1.178
76230,301.43,301.191,65.159,-1.178
76240,301.43,301.259,8.29358,-1.178
76250,301.43,301.259,34.3944,-1.178
76260,301.43,301.259,75.9816,-1.178
76270,301.43,301.259,75.9816,-1.178
76280,301.43,301.259,51.5251,-1.178
76290,301.43,301.259,92.7882,-1.178
76300,301.43,301.259,47.81,-1.178
76310,301.43,301.208,47.81,-1.178
76320,301.43,301.208,47.81,-1.178
76330,301.43,301.208,47.81,-1.178
76340,301.43,301.217,29.4489,-1.178
76350,301.43,301.217,29.4489,-1.178
76360,301.648,301.176,19.4058,-1.178
76370,301.648,298.454,12.7648,-7.49676
76380,301.648,300.843,6.03771,-3.36303
76390,301.648,300.898,50.4831,-3.36303
76400,301.648,300.898,142.694,-7.49676
76410,301.648,300.898,76.6616,-5.42989
76420,301.648,300.898,84.0338,-5.42989
76430,301.648,300.898,64.9563,-3.36303
76440,301.648,301.347,77.3295,-1.178
76450,301.648,301.347,9.62233,-1.178
76460,301.841,301.347,92.4456,-3.36303
76470,301.841,301.557,92.4456,-3.36303
76480,301.841,301.557,45.5173,-1.178
76490,301.841,301.557,45.5173,-1.178
76500,302.003,301.743,45.5173,-1.178
76510,301.81,301.743,73.3271,-1.178
76520,301.81,301.286,27.8743,-1.178
76530,301.81,301.286,27.8743,-1.178
76540,301.81,301.286,27.8743,-1.178
76550,301.81,301.286,27.8743,-1.178
76560,301.81,301.277,25.4722,-1.178
76570,301.81,301.277,25.4722,-1.178
76580,301.81,301.277,15.9103,-1.178
76590,301.81,301.277,15.9103,-1.178
76600,301.331,301.277,45.6062,-1.178
76610,301.331,301.277,105.869,-1.178
76620,301.331,301.277,105.869,-1.178
76630,301.331,301.24,72.5151,-1.178
76640,301.331,301.24,40.9867,-1.178
76650,301.331,301.24,94.3034,-1.178
76660,301.57,301.24,94.3034,-3.36303
76670,301.577,301.24,59.7753,-1.178
76680,301.577,301.521,48.0128,-1.178
76690,301.577,301.521,66.774,-1.178
76700,301.897,301.521,66.774,-3.36303
76710,301.674,301.521,73.7322,-1.178
76720,301.674,301.521,87.3609,-1.178
76730,301.674,301.521,97.1765,-1.178
76740,301.674,301.521,109.052,-3.36303
76750,301.674,301.521,104.276,-1.178
76760,303.556,303.146,14.2686,-1.178
76770,303.556,303.383,14.2686,-1.178
76780,303.556,303.383,50.1406,-1.178
76790,303.556,303.383,106.292,-3.36303
76800,303.556,303.383,106.292,-3.36303
76810,303.556,303.383,94.0448,-1.178
76820,303.556,303.383,94.0448,-1.178
76830,303.556,303.383,27.3953,-1.178
76840,303.556,302.525,27.3953,-3.36303
76850,303.586,302.525,6.21855,-3.36303
76860,303.586,303.098,6.80191,-1.178
76870,304.487,303.098,6.80191,-3.36303
76880,304.316,303.098,6.80191,-3.36303
76890,303.662,303.098,76.9171,-3.36303
76900,303.662,303.098,38.9594,-3.36303
76910,303.662,303.587,49.2535,-1.178
76920,303.662,303.587,117.386,-1.178
76930,303.662,303.614,115.351,-1.178
76940,303.662,303.614,115.351,-1.178
76950,303.662,303.614,62.0548,-1.178
76960,303.662,303.614,48.0588,-1.178
76970,303.662,303.497,48.0588,-1.178
76980,303.662,303.497,100.176,-1.178
76990,303.662,303.497,67.7043,-1.178
77000,303.662,303.325,67.7043,-1.178
77010,303.662,303.325,96.6274,-3.36303
77020,303.662,303.325,25.9095,-1.178
77030,303.662,303.325,53.0628,-1.178
77040,303.662,303.325,57.1254,-1.178
77050,303.662,303.325,57.1254,-1.178
77060,303.662,302.966,67.7343,-3.36303
77070,303.542,303.357,108.739,-3.36303
77080,303.542,303.357,70.091,-1.178
77090,303.542,303.357,70.091,-1.178
77100,303.542,303.357,16.1009,-1.178
77110,303.542,303.357,2.12569,-1.178
77120,303.542,303.357,56.7044,-1.178
77130,303.542,303.357,56.7044,-1.178
77140,303.891,303.357,64.6415,-3.36303
77150,303.891,303.357,64.6415,-3.36303
77160,303.891,303.357,64.6415,-3.36303
77170,303.859,303.357,69.9446,-3.36303
77180,303.912,303.357,9.31446,-1.178
77190,303.912,303.357,9.31446,-1.178
77200,303.912,303.357,9.31446,-1.178
77210,303.651,303.357,15.4819,-1.178
77220,303.651,303.357,15.4819,-1.178
77230,303.651,303.357,49.7457,-1.178
77240,303.651,303.357,36.2539,-1.178
77250,303.8,303.357,36.2539,-1.178
77260,303.8,303.357,36.2539,-1.178
77270,303.8,303.357,36.2539,-1.178
77280,303.873,303.357,36.2539,-1.178
77290,303.466,303.357,39.2657,-1.178
77300,303.466,303.357,22.2877,-1.178
77310,303.466,303.357,77.3679,-1.178
77320,303.466,303.357,63.2186,-1.178
77330,303.585,303.357,63.2186,-1.178
77340,303.585,303.357,63.2186,-1.178
77350,303.86,303.357,38.0871,-1.178
77360,303.86,303.357,38.0871,-1.178
77370,303.86,303.357,27.4447,-1.178
77380,304.087,303.357,27.4447,-3.36303
77390,304.087,304.057,19.0964,-1.178
77400,304.087,304.057,19.0964,-1.178
77410,304.087,304.057,61.5924,-1.178
77420,304.087,304.057,61.5924,-1.178
77430,304.087,304.057,18.2738,-1.178
77440,304.087,304.057,96.7776,-1.178
77450,304.087,304.057,46.0566,-1.178
77460,304.087,304.057,128.503,-1.178
77470,304.087,304.057,128.503,-1.178
77480,304.087,304.057,128.503,-1.178
77490,304.087,304.057,116.097,-1.178
77500,304.087,304.057,85.6674,-1.178
77510,304.087,304.057,57.9239,-1.178
77520,304.087,304.057,57.9239,-1.178
77530,304.087,304.057,107.109,-1.178
77540,304.087,303.897,8.12016,-1.178
77550,304.087,303.553,8.12016,-1.178
77560,304.087,303.553,8.12016,-1.178
77570,304.087,303.553,8.24135,-1.178
77580,304.087,303.446,8.24135,-1.178
77590,304.087,303.446,2.91129,-1.178
77600,303.834,303.446,14.4045,-1.178
77610,303.834,303.446,33.0323,-1.178
77620,303.968,303.965,33.0323,-1.178
77630,303.968,303.965,128.02,-1.178
77640,303.968,303.555,68.3743,-3.36303
77650,303.968,303.555,57.1499,-1.178
77660,303.968,303.555,22.5013,-1.178
77670,303.968,303.555,22.5013,-1.178
77680,303.968,303.555,25.7988,-1.178
77690,303.968,303.481,25.7988,-1.178
77700,303.968,303.481,34.8583,-1.178
77710,303.968,303.481,34.8583,-1.178
77720,303.968,303.539,21.3753,-1.178
77730,303.968,303.254,91.8444,-5.42989
77740,303.968,302.595,5.739,-3.36303
77750,302.984,302.595,15.1935,-1.178
77760,302.879,302.595,40.8633,-1.178
77770,302.879,302.595,60.3289,-1.178
77780,302.879,302.7,32.8239,-1.178
77790,302.879,302.7,87.1911,-1.178
77800,302.879,302.7,70.8294,-1.178
77810,302.879,302.7,70.8294,-1.178
77820,303.464,302.7,70.8294,-3.36303
77830,303.464,302.7,69.3941,-3.36303
77840,302.755,302.7,74.9864,-1.178
77850,302.778,302.7,38.4348,-1.178
77860,303.079,302.7,38.4348,-1.178
77870,303.121,302.869,38.4348,-1.178
77880,303.121,301.958,38.4348,-3.36303
77890,303.121,301.958,38.4348,-3.36303
77900,303.121,301.958,38.4348,-3.36303
77910,302.578,301.958,19.999,-3.36303
77920,303.331,301.958,19.999,-3.36303
77930,303.331,302.57,68.4787,-3.36303
77940,303.331,302.57,0.494211,-3.36303
77950,304.636,301.573,0.494211,-7.49676
77960,304.343,301.573,39.2048,-7.49676
77970,304.094,301.573,90.3449,-7.49676
77980,302.077,301.573,90.3449,-3.36303
77990,302.077,301.573,90.3449,-3.36303
78000,302.077,301.573,3.39213,-1.178
78010,301.631,301.573,32.6176,-1.178
78020,301.631,301.564,24.5382,-1.178
78030,301.631,301.564,42.9072,-1.178
78040,301.631,301.564,42.9072,-1.178
78050,301.631,301.564,32.7725,-1.178
78060,301.631,301.564,34.9822,-1.178
78070,302.295,301.454,3.72476,-3.36303
78080,302.295,301.768,32.1947,-1.178
78090,302.295,301.768,32.1947,-1.178
78100,302.295,301.768,52.3364,-3.36303
78110,302.295,302.094,40.5871,-1.178
78120,302.295,302.094,81.5404,-1.178
78130,302.295,302.094,81.5404,-1.178
78140,302.295,302.094,81.5404,-1.178
78150,302.377,302.094,81.5404,-1.178
78160,302.377,302.094,56.5536,-1.178
78170,302.377,302.094,56.5536,-1.178
78180,302.377,302.094,81.7431,-1.178
78190,302.377,302.094,81.7431,-1.178
78200,302.377,302.017,59.6253,-1.178
78210,302.377,302.017,59.6253,-1.178
78220,302.377,302.017,17.4666,-1.178
78230,302.249,302.017,26.0791,-1.178
78240,302.249,301.967,26.0791,-1.178
78250,302.313,301.967,26.0791,-1.178
78260,302.313,301.94,14.3887,-1.178
78270,302.359,301.94,14.3887,-1.178
78280,303.232,302.933,14.3887,-1.178
78290,304.175,303.631,14.3887,-1.178
78300,304.175,303.631,14.3887,-1.178
78310,303.944,303.631,10.547,-1.178
78320,304.158,303.631,1.57434,-1.178
78330,304.158,303.696,21.5015,-1.178
78340,303.756,303.696,91.9307,-1.178
78350,303.756,303.353,48.9646,-1.178
78360,303.756,303.353,48.9646,-1.178
78370,303.551,303.353,86.8614,-1.178
78380,303.409,303.32,86.8614,-1.178
78390,303.409,303.32,37.6463,-1.178
78400,303.409,302.601,37.6463,-3.36303
78410,303.409,301.872,5.59527,-3.36303
78420,303.409,301.874,5.59527,-3.36303
78430,302.183,301.874,1.26838,-1.178
78440,302.345,301.874,1.26838,-1.178
78450,302.345,301.874,1.26838,-1.178
78460,302.345,301.694,1.26838,-1.178
78470,302.345,301.665,1.26838,-1.178
78480,302.345,301.665,1.26838,-1.178
78490,302.345,301.665,36.7922,-3.36303
78500,302.345,301.665,52.8731,-3.36303
78510,302.345,301.665,29.9234,-3.36303
78520,301.922,301.665,74.7247,-1.178
78530,301.922,301.73,74.7247,-1.178
78540,301.965,301.73,74.7247,-1.178
78550,301.809,301.73,74.7247,-1.178
78560,301.809,301.658,74.7247,-1.178
78570,301.809,301.202,71.887,-3.36303
78580,301.577,301.202,71.887,-3.36303
78590,301.608,301.202,71.887,-3.36303
78600,301.694,301.202,13.574,-1.178
78610,301.694,301.202,13.6575,-1.178
78620,301.677,301.499,39.4984,-1.178
78630,301.677,301.499,50.2813,-1.178
78640,301.677,301.499,50.2813,-1.178
78650,301.677,301.499,113.349,-3.36303
78660,301.508,301.499,113.349,-1.178
78670,301.508,301.499,113.349,-1.178
78680,301.508,301.499,133.058,-1.178
78690,302.754,301.499,10.5548,-3.36303
78700,302.754,301.499,10.5548,-3.36303
78710,302.247,301.499,7.60269,-3.36303
78720,302.198,301.668,7.60269,-1.178
78730,302.198,301.668,15.5176,-1.178
78740,303.008,299.78,15.5176,-7.49676
78750,301.103,299.78,41.6961,-5.42989
78760,298.93,298.381,3.34726,-1.178
78770,298.461,298.381,29.7263,-1.178
78780,298.461,298.381,88.3611,-1.178
78790,298.461,298.381,50.2775,-1.178
78800,298.461,298.381,39.0002,-1.178
78810,298.393,298.381,38.8375,-1.178
78820,298.577,298.381,63.6235,-1.178
78830,298.577,298.381,69.7037,-1.178
78840,298.577,298.381,69.7037,-1.178
78850,298.433,298.381,21.4242,-1.178
78860,298.433,297.945,21.4242,-1.178
78870,298.433,297.945,5.38032,-1.178
78880,298.433,297.945,12.4863,-1.178
78890,299.601,298.165,3.74041,-3.36303
78900,299.601,298.165,12.8949,-3.36303
78910,299.141,298.995,12.8949,-1.178
78920,299.141,298.897,46.949,-1.178
78930,299.141,298.897,84.8069,-1.178
78940,299.141,298.897,84.8069,-1.178
78950,299.141,298.674,13.4227,-1.178
78960,299.185,298.674,8.35224,-1.178
78970,299.185,298.953,57.7056,-1.178
78980,299.185,298.953,53.1697,-1.178
78990,299.185,298.997,53.1697,-1.178
79000,299.185,298.997,28.4669,-1.178
79010,299.185,298.997,28.4669,-1.178
79020,299.185,298.682,28.4669,-1.178
79030,299.185,298.682,60.5164,-3.36303
79040,299.185,298.664,60.5164,-3.36303
79050,299.185,298.664,60.5164,-3.36303
79060,299.185,299.123,60.5164,-1.178
79070,299.185,299.123,27.1324,-1.178
79080,299.185,299.123,54.8447,-1.178
79090,299.273,299.123,24.7963,-1.178
79100,299.273,299.163,24.7963,-1.178
79110,299.273,299.002,30.9348,-1.178
79120,299.273,299.002,30.9348,-1.178
79130,299.273,299.002,20.5792,-1.178
79140,299.273,299.261,130.66,-1.178
79150,299.273,299.261,130.66,-1.178
79160,299.273,299.261,11.1399,-1.178
79170,299.273,299.266,116.149,-1.178
79180,299.536,299.266,4.04506,-1.178
79190,299.536,299.266,31.0801,-1.178
79200,299.536,299.266,34.6932,-1.178
79210,299.486,299.311,34.6932,-1.178
79220,299.486,299.311,22.8323,-1.178
79230,299.055,298.962,22.8323,-1.178
79240,299.055,298.749,22.8323,-1.178
79250,299.055,298.749,59.1774,-1.178
79260,299.076,299.013,31.4103,-1.178
79270,299.092,299.013,31.4103,-1.178
79280,299.092,299.013,51.524,-1.178
79290,299.076,299.013,14.2732,-1.178
79300,298.984,298.693,14.2732,-1.178
79310,299.151,298.693,14.2732,-1.178
79320,299.151,298.806,14.2732,-1.178
79330,299.746,298.806,14.2732,-3.36303
79340,299.746,298.806,47.8572,-3.36303
79350,299.746,298.806,47.8572,-3.36303
79360,299.746,299.739,47.8572,-1.178
79370,299.746,299.739,47.8572,-1.178
79380,299.746,299.739,53.8452,-1.178
79390,299.538,299.33,34.8225,-1.178
79400,299.538,299.149,34.8225,-1.178
79410,299.538,299.149,34.8225,-1.178
79420,299.538,299.149,35.5668,-1.178
79430,299.538,299.149,60.6065,-1.178
79440,299.538,299.313,60.6065,-1.178
79450,299.538,299.395,106.982,-1.178
79460,299.538,299.395,106.982,-1.178
79470,299.538,299.395,102.507,-1.178
79480,299.538,299.412,102.507,-1.178
79490,299.538,299.412,102.507,-1.178
79500,299.538,299.412,31.3175,-1.178
79510,299.538,299.412,34.6697,-1.178
79520,299.538,299.412,34.6697,-1.178
79530,299.538,299.412,76.2998,-1.178
79540,299.538,299.412,76.2998,-1.178
79550,299.538,299.412,44.84,-1.178
79560,299.721,299.412,57.301,-1.178
79570,299.721,299.478,27.4429,-1.178
79580,299.984,299.478,27.4429,-1.178
79590,299.729,299.478,27.4429,-1.178
79600,299.892,299.478,55.2268,-1.178
79610,299.557,299.478,24.7207,-1.178
79620,299.557,299.478,26.7406,-1.178
79630,299.557,299.478,59.6886,-1.178
79640,299.657,299.478,35.4623,-1.178
79650,299.657,299.478,37.898,-1.178
79660,299.657,299.478,37.898,-1.178
79670,299.871,299.85,72.1044,-1.178
79680,299.871,299.85,72.1044,-1.178
79690,299.871,299.85,5.1997,-1.178
79700,299.871,299.85,51.6037,-1.178
79710,299.871,299.85,47.8095,-1.178
79720,299.871,299.85,3.46681,-1.178
79730,300.743,299.85,47.5486,-3.36303
79740,300.743,299.85,48.0534,-3.36303
79750,300.743,299.85,9.34193,-3.36303
79760,300.743,300.631,9.34193,-1.178
79770,300.743,300.631,9.34193,-1.178
79780,300.743,300.631,84.5467,-1.178
79790,300.743,300.631,34.2628,-1.178
79800,300.743,300.631,37.7707,-1.178
79810,300.743,300.631,12.2223,-1.178
79820,300.821,300.631,91.6433,-1.178
79830,300.821,300.631,34.2584,-1.178
79840,300.821,300.299,34.2584,-1.178
79850,300.821,300.299,19.1506,-1.178
79860,300.386,300.299,19.1506,-1.178
79870,300.386,300.19,87.7172,-1.178
79880,300.386,300.19,87.7172,-1.178
79890,300.386,300.19,87.7172,-1.178
79900,300.386,300.19,87.7172,-1.178
79910,300.386,300.19,87.7172,-1.178
79920,300.419,300.19,87.7172,-1.178
79930,300.246,300.19,112.917,-1.178
79940,300.246,297.902,112.917,-7.49676
79950,299.593,297.32,140.586,-7.49676
79960,300.028,297.729,174.912,-7.49676
79970,299.435,298.776,79.7941,-3.36303
79980,299.111,298.776,3.06726,-1.178
79990,299.111,298.534,55.1463,-3.36303
80000,299.111,298.082,32.2094,-3.36303
80010,298.844,298.082,4.38403,-3.36303
80020,298.703,298.082,4.38403,-1.178
80030,298.703,296.721,15.8327,-5.42989
80040,298.366,298.083,15.8327,-1.178
80050,298.366,298.083,15.8327,-1.178
80060,298.366,298.352,41.5885,-1.178
80070,298.82,298.352,41.5885,-1.178
80080,298.82,298.679,4.57202,-1.178
80090,298.949,298.679,22.5315,-1.178
80100,298.949,298.679,32.2009,-1.178
80110,298.949,298.679,83.604,-1.178
80120,298.757,298.634,83.604,-1.178
80130,298.875,298.49,53.5907,-1.178
80140,298.875,298.49,79.7097,-3.36303
80150,298.875,298.49,55.6162,-1.178
80160,298.875,298.514,4.7162,-1.178
80170,298.875,298.377,25.4542,-1.178
80180,298.875,298.612,25.4542,-1.178
80190,298.875,298.612,25.4542,-1.178
80200,298.875,298.612,11.8044,-1.178
80210,299.244,298.612,11.8044,-1.178
80220,299.244,298.612,44.9799,-3.36303
80230,298.951,298.612,44.9799,-1.178
80240,298.951,298.612,44.9799,-1.178
80250,299.202,298.612,44.9799,-3.36303
80260,299.202,297.671,44.9799,-5.42989
80270,299.24,298.93,24.0798,-1.178
80280,299.151,298.93,81.1685,-1.178
80290,299.272,298.93,7.42941,-1.178
80300,299.177,298.93,7.42941,-1.178
80310,299.091,298.93,7.42941,-1.178
80320,298.986,298.93,67.9336,-1.178
80330,298.986,298.93,101.315,-1.178
80340,298.986,298.93,101.315,-1.178
80350,298.986,298.93,104.772,-1.178
80360,298.986,298.93,90.5467,-1.178
80370,298.986,298.93,74.624,-1.178
80380,298.986,298.93,74.624,-1.178
80390,298.986,297.939,17.108,-3.36303
80400,298.657,298.483,17.108,-1.178
80410,298.657,298.371,89.7691,-3.36303
80420,298.657,298.371,48.5792,-1.178
80430,298.657,298.186,85.9122,-3.36303
80440,299.455,298.583,47.3568,-3.36303
80450,299.132,298.583,88.2819,-3.36303
80460,299.074,298.572,88.2819,-3.36303
80470,299.074,298.572,88.2819,-3.36303
80480,299.158,296.985,46.06,-7.49676
80490,297.345,296.985,46.06,-1.178
80500,297.345,296.985,43.7179,-1.178
80510,297.345,297.252,43.7179,-1.178
80520,297.345,296.909,36.9651,-1.178
80530,297.345,296.909,36.9651,-1.178
80540,297.345,297.271,36.9651,-1.178
80550,297.563,297.271,8.41912,-1.178
80560,297.563,297.271,8.41912,-1.178
80570,297.563,297.271,27.6044,-1.178
80580,297.563,297.271,8.28658,-1.178
80590,297.563,297.271,8.28658,-1.178
80600,297.563,297.271,8.28658,-1.178
80610,297.563,297.271,8.28658,-1.178
80620,297.563,297.271,25.4605,-1.178
80630,297.563,296.921,17.7074,-3.36303
80640,298.752,297.253,17.7074,-5.42989
80650,298.752,297.253,36.6615,-5.42989
80660,298.206,297.253,36.6615,-3.36303
80670,298.206,297.253,28.4522,-3.36303
80680,296.913,296.707,7.52305,-1.178
80690,296.752,296.707,7.52305,-1.178
80700,296.752,296.247,7.52305,-1.178
80710,296.752,296.247,6.2378,-1.178
80720,296.752,296.597,6.2378,-1.178
80730,296.752,296.597,78.7712,-1.178
80740,296.793,296.597,78.7712,-1.178
80750,296.793,296.597,73.285,-1.178
80760,297.121,296.597,73.285,-3.36303
80770,297.121,296.755,73.285,-3.36303
80780,296.796,296.755,12.0344,-1.178
80790,296.879,296.755,93.9486,-1.178
80800,296.988,296.755,47.1745,-1.178
80810,298.313,296.755,47.1745,-5.42989
80820,298.313,296.755,28.5862,-5.42989
80830,298.313,296.165,28.5862,-5.42989
80840,298.313,297.234,28.5862,-3.36303
80850,297.696,297.652,28.5862,-1.178
80860,297.696,297.652,113.97,-1.178
80870,297.696,297.652,113.97,-1.178
80880,297.667,297.652,89.0081,-1.178
80890,298.045,297.652,17.9192,-1.178
80900,298.045,297.652,17.9192,-1.178
80910,297.643,297.523,30.062,-1.178
80920,297.643,297.523,17.2471,-1.178
80930,297.643,297.523,17.2471,-1.178
80940,297.643,297.523,17.2471,-1.178
80950,297.643,297.523,20.2113,-1.178
80960,298.845,297.189,20.2113,-5.42989
80970,298.845,298.219,32.0082,-3.36303
80980,298.75,298.336,32.0082,-1.178
80990,298.75,298.336,32.0082,-1.178
81000,298.875,298.336,32.0082,-1.178
81010,298.875,298.734,32.0082,-1.178
81020,299.44,298.734,32.0082,-3.36303
81030,299.588,298.734,32.0082,-3.36303
81040,299.588,298.734,36.9197,-3.36303
81050,299.896,298.734,36.9197,-3.36303
81060,299.157,298.734,36.9197,-1.178
81070,299.157,298.734,0.977405,-1.178
81080,298.678,298.534,0.977405,-1.178
81090,298.678,298.534,41.9337,-1.178
81100,298.765,298.534,58.3781,-1.178
81110,298.765,298.534,90.3054,-1.178
81120,298.765,298.641,90.3054,-1.178
81130,298.709,298.641,120.716,-1.178
81140,298.649,298.641,120.716,-1.178
81150,298.649,298.641,122.679,-1.178
81160,298.649,298.641,122.679,-1.178
81170,298.649,298.641,13.5072,-1.178
81180,298.649,298.641,56.7687,-1.178
81190,298.743,298.097,10.8546,-1.178
81200,298.743,298.346,10.8546,-1.178
81210,298.891,298.222,6.34111,-1.178
81220,298.891,298.222,6.34111,-1.178
81230,298.891,298.128,6.34111,-3.36303
81240,298.59,298.128,19.1524,-1.178
81250,298.837,298.128,49.004,-3.36303
81260,298.837,298.128,49.004,-3.36303
81270,298.42,298.128,49.004,-1.178
81280,298.42,298.227,49.004,-1.178
81290,298.42,297.984,27.0274,-1.178
81300,298.42,297.984,27.0274,-1.178
81310,298.42,297.984,27.0274,-1.178
81320,298.42,298.109,27.0274,-1.178
81330,298.42,298.152,27.0274,-1.178
81340,298.42,298.152,27.0274,-1.178
81350,298.42,298.152,18.1196,-1.178
81360,298.42,298.224,18.1196,-1.178
81370,298.42,297.815,9.24549,-1.178
81380,298.093,297.815,9.24549,-1.178
81390,297.613,297.395,9.24549,-1.178
81400,297.613,297.395,41.1653,-1.178
81410,297.613,297.395,41.1653,-1.178
81420,297.613,297.395,41.1653,-1.178
81430,297.613,297.395,31.8251,-1.178
81440,297.436,297.395,116.791,-1.178
81450,297.436,297.395,4.18962,-1.178
81460,297.436,297.395,35.3675,-1.178
81470,297.436,297.395,7.82687,-1.178
81480,298.018,297.85,7.82687,-1.178
81490,298.111,297.85,7.82687,-1.178
81500,298.038,297.657,7.82687,-1.178
81510,298.038,297.409,7.82687,-1.178
81520,297.435,297.409,86.8061,-1.178
81530,297.435,297.411,58.0824,-1.178
81540,297.435,297.411,58.0824,-1.178
81550,297.435,297.411,82.0955,-1.178
81560,297.555,297.411,82.0955,-1.178
81570,297.555,297.411,82.0955,-1.178
81580,297.555,297.411,82.0955,-1.178
81590,297.555,297.411,43.4572,-1.178
81600,297.689,297.411,43.4572,-1.178
81610,297.883,297.656,43.4572,-1.178
81620,298.833,297.656,27.4034,-3.36303
81630,298.833,297.656,27.4034,-3.36303
81640,298.363,298.023,27.4034,-1.178
81650,298.363,298.023,71.2681,-1.178
81660,298.363,298.102,71.2681,-1.178
81670,298.363,298.102,71.2681,-1.178
81680,298.363,298.102,6.24207,-1.178
81690,298.363,298.342,6.24207,-1.178
81700,298.363,298.342,62.4028,-1.178
81710,298.363,298.342,62.4028,-1.178
81720,298.363,298.342,62.4028,-1.178
81730,298.363,298.342,30.0865,-1.178
81740,298.363,298.342,132.944,-1.178
81750,298.363,298.342,68.748,-1.178
81760,298.363,298.342,68.748,-1.178
81770,298.363,298.267,68.748,-1.178
81780,298.363,297.972,20.8551,-1.178
81790,298.617,298,8.85315,-1.178
81800,298.617,298.509,8.85315,-1.178
81810,298.744,298.636,89.4493,-1.178
81820,298.744,298.732,81.9763,-1.178
81830,298.744,298.732,0.695702,-1.178
81840,299.662,298.732,0.695702,-3.36303
81850,299.662,298.732,35.1957,-3.36303
81860,299.662,298.288,12.1689,-3.36303
81870,299.662,298.591,12.1689,-3.36303
81880,298.705,298.553,12.1689,-1.178
81890,298.705,298.553,106.843,-1.178
81900,298.705,298.553,88.295,-1.178
81910,298.705,298.553,88.295,-1.178
81920,298.705,298.553,78.4479,-1.178
81930,298.705,298.553,100.737,-1.178
81940,298.705,298.624,100.737,-1.178
81950,298.681,298.624,100.737,-1.178
81960,298.681,298.624,100.737,-1.178
81970,298.681,298.624,91.8471,-1.178
81980,298.681,298.624,91.8471,-1.178
81990,298.681,298.624,108.635,-1.178
82000,298.681,298.624,95.004,-1.178
82010,298.83,298.624,74.5572,-1.178
82020,298.69,298.624,78.0049,-1.178
82030,298.69,298.624,21.5386,-1.178
82040,298.69,298.624,32.3768,-1.178
82050,298.69,298.624,32.3768,-1.178
82060,298.69,298.624,69.8536,-1.178
82070,298.69,298.624,18.3384,-1.178
82080,298.69,298.624,93.4735,-1.178
82090,298.69,298.658,16.5456,-1.178
82100,298.69,298.658,111.183,-1.178
82110,298.69,298.673,111.183,-1.178
82120,298.69,298.673,111.183,-1.178
82130,299.214,298.673,19.5905,-1.178
82140,299.214,298.673,19.5905,-1.178
82150,299.198,298.673,19.5905,-1.178
82160,299.198,298.673,17.7093,-1.178
82170,299.198,298.673,17.7093,-1.178
82180,299.198,298.673,30.706,-1.178
82190,299.198,298.673,30.706,-1.178
82200,299.198,298.673,63.0576,-3.36303
82210,299.383,298.673,49.2122,-3.36303
82220,299.383,298.972,49.2122,-1.178
82230,299.383,298.972,5.04368,-1.178
82240,299.383,299.205,2.23468,-1.178
82250,299.383,299.277,79.5184,-1.178
82260,299.383,299.277,79.5184,-1.178
82270,299.383,299.277,79.5184,-1.178
82280,299.383,298.914,29.5744,-1.178
82290,299.383,298.914,11.0642,-1.178
82300,299.383,299.314,11.0642,-1.178
82310,299.383,299.314,90.1216,-1.178
82320,299.752,299.314,90.1216,-3.36303
82330,299.752,299.254,90.1216,-3.36303
82340,299.576,299.195,90.1216,-3.36303
82350,299.576,299.195,58.5738,-1.178
82360,299.419,299.195,58.5738,-1.178
82370,299.419,299.195,58.5738,-1.178
82380,299.419,299.195,58.5738,-1.178
82390,299.419,299.195,33.9131,-1.178
82400,299.419,298.881,33.9131,-1.178
82410,299.419,299.411,33.9131,-1.178
82420,299.419,299.411,54.3386,-1.178
82430,299.419,299.411,124.069,-1.178
82440,299.419,299.411,124.069,-1.178
82450,299.419,299.411,39.4298,-1.178
82460,299.419,299.073,46.5341,-1.178
82470,299.419,299.073,3.44103,-1.178
82480,299.662,299.073,3.44103,-1.178
82490,299.669,299.073,14.0244,-1.178
82500,299.669,299.073,14.0244,-1.178
82510,299.669,299.253,48.3336,-1.178
82520,299.669,299.253,48.3336,-1.178
82530,299.669,299.253,48.3336,-1.178
82540,299.669,299.253,48.3336,-1.178
82550,299.669,299.253,48.3336,-1.178
82560,299.669,299.253,33.8429,-1.178
82570,299.669,299.253,33.8429,-1.178
82580,299.42,299.253,50.1914,-1.178
82590,299.42,299.253,50.1914,-1.178
82600,299.42,299.253,49.0933,-1.178
82610,299.42,299.253,49.0933,-1.178
82620,299.669,299.253,49.0933,-1.178
82630,299.627,299.291,49.0933,-1.178
82640,299.627,299.291,5.07457,-1.178
82650,299.787,299.291,34.185,-1.178
82660,299.787,299.291,27.7722,-1.178
82670,299.391,299.291,27.7722,-1.178
82680,299.566,299.291,27.7722,-1.178
82690,299.566,299.291,27.7722,-1.178
82700,299.566,299.291,35.9331,-1.178
82710,299.566,298.775,35.9331,-3.36303
82720,299.035,298.775,35.9331,-1.178
82730,298.915,298.775,35.9331,-1.178
82740,298.915,298.775,107.64,-1.178
82750,298.915,298.878,14.8548,-1.178
82760,298.915,298.247,8.90522,-1.178
82770,298.638,298.247,8.90522,-1.178
82780,298.638,298.601,17.2273,-1.178
82790,298.638,298.568,86.3631,-1.178
82800,298.638,298.568,116.993,-1.178
82810,298.638,298.585,124.221,-1.178
82820,298.638,298.585,22.6132,-1.178
82830,298.638,297.744,22.6132,-3.36303
82840,298.897,297.345,22.6132,-5.42989
82850,299.499,297.345,22.6132,-5.42989
82860,297.817,297.345,22.6132,-1.178
82870,297.817,297.351,26.1456,-1.178
82880,297.524,297.351,26.1456,-1.178
82890,297.524,297.351,63.2625,-1.178
82900,297.363,297.351,20.0387,-1.178
82910,297.363,297.351,96.4858,-1.178
82920,297.363,297.315,116.766,-1.178
82930,297.363,297.315,116.766,-1.178
82940,297.363,297.315,116.766,-1.178
82950,297.363,297.315,43.2872,-1.178
82960,297.363,297.315,48.2518,-1.178
82970,297.547,297.139,48.2518,-1.178
82980,297.547,297.233,48.2518,-1.178
82990,297.547,297.233,73.6547,-1.178
83000,297.292,297.233,73.6547,-1.178
83010,297.292,297.233,73.6547,-1.178
83020,297.292,297.185,73.6547,-1.178
83030,297.292,297.185,73.6547,-1.178
83040,298.393,297.185,73.6547,-5.42989
83050,298.393,297.76,73.6547,-3.36303
83060,297.911,297.76,27.7432,-1.178
83070,297.911,297.694,27.7432,-1.178
83080,297.911,297.694,27.7432,-1.178
83090,297.802,297.694,27.7432,-1.178
83100,297.802,297.694,27.7432,-1.178
83110,297.799,297.694,22.0241,-1.178
83120,297.799,297.293,22.0241,-1.178
83130,297.799,297.752,22.0241,-1.178
83140,297.799,297.752,121.621,-1.178
83150,297.799,297.752,126.863,-1.178
83160,297.789,297.752,126.863,-1.178
83170,297.789,297.752,126.863,-1.178
83180,297.789,297.752,126.863,-1.178
83190,297.789,297.752,126.863,-1.178
83200,297.789,297.752,126.863,-1.178
83210,297.789,297.752,78.193,-1.178
83220,297.789,297.752,78.193,-1.178
83230,297.789,297.12,78.193,-3.36303
83240,299.062,297.805,24.8914,-3.36303
83250,299.31,297.805,24.8914,-5.42989
83260,298.269,297.805,24.8914,-1.178
83270,298.269,297.805,32.1449,-1.178
83280,298.161,297.805,31.9294,-1.178
83290,298.161,297.805,31.9294,-1.178
83300,298.161,297.805,31.9294,-1.178
83310,298.161,298.112,31.9294,-1.178
83320,298.161,298.112,126.307,-1.178
83330,298.113,298.112,97.773,-1.178
83340,298.113,298.112,97.773,-1.178
83350,298.113,298.112,4.2849,-1.178
83360,298.113,298.112,110.442,-1.178
83370,298.113,298.112,33.2429,-1.178
83380,298.303,298.112,33.2429,-1.178
83390,298.303,298.112,100.049,-1.178
83400,298.303,298.112,100.049,-1.178
83410,298.303,298.275,83.8218,-1.178
83420,298.303,298.275,90.6038,-1.178
83430,298.303,298.275,90.6038,-1.178
83440,298.303,298.275,90.6038,-1.178
83450,298.335,298.275,9.03494,-1.178
83460,298.335,298.275,9.03494,-1.178
83470,298.335,298.275,9.03494,-1.178
83480,298.335,298.275,9.03494,-1.178
83490,298.335,297.753,9.03494,-1.178
83500,298.851,298.193,9.03494,-1.178
83510,298.306,298.193,9.03494,-1.178
83520,298.306,297.777,9.03494,-1.178
83530,298.306,297.777,9.03494,-1.178
83540,298.306,297.994,9.03494,-1.178
83550,298.368,298.092,1.16357,-1.178
83560,298.368,298.092,52.0742,-1.178
83570,298.368,298.323,52.0742,-1.178
83580,298.368,297.996,27.9979,-1.178
83590,298.368,297.996,27.9979,-1.178
83600,298.368,297.996,27.9979,-1.178
83610,298.368,297.996,27.9979,-1.178
83620,298.368,297.996,53.1406,-1.178
83630,298.368,298.136,33.006,-1.178
83640,298.368,298.136,33.006,-1.178
83650,298.368,298.136,45.6076,-1.178
83660,298.594,298.136,0.217612,-1.178
83670,298.594,298.136,0.217612,-1.178
83680,298.594,298.206,20.4811,-1.178
83690,298.695,298.206,20.4811,-1.178
83700,298.695,298.206,14.7101,-1.178
83710,298.695,298.067,14.7101,-1.178
83720,298.695,298.067,14.7101,-1.178
83730,298.695,298.643,14.7101,-1.178
83740,298.695,298.643,54.2078,-1.178
83750,299.019,298.643,54.2078,-1.178
83760,298.822,298.643,54.2078,-1.178
83770,298.822,298.643,83.5693,-1.178
83780,298.822,298.643,77.1256,-1.178
83790,298.822,298.643,41.0212,-1.178
83800,298.858,298.643,41.0212,-1.178
83810,299.023,298.643,37.747,-1.178
83820,299.023,298.643,37.747,-1.178
83830,299.023,298.643,37.747,-1.178
83840,299.023,297.955,37.747,-3.36303
83850,299.023,298.784,37.747,-1.178
83860,299.023,298.784,93.983,-3.36303
83870,299.023,298.784,76.2195,-1.178
83880,299.023,298.864,73.5349,-1.178
83890,299.023,298.864,73.5349,-1.178
83900,299.023,298.864,73.5349,-1.178
83910,299.253,298.864,73.5349,-3.36303
83920,299.253,298.864,73.5349,-3.36303
83930,299.253,298.864,45.794,-1.178
83940,299.925,298.864,45.794,-3.36303
83950,299.925,298.864,45.794,-3.36303
83960,299.577,299.547,105.505,-1.178
83970,299.577,299.547,125.511,-1.178
83980,299.577,299.547,125.511,-1.178
83990,299.577,299.547,125.511,-1.178
84000,299.577,299.355,4.51473,-1.178
84010,299.577,299.355,94.5037,-3.36303
84020,299.679,299.355,94.5037,-3.36303
84030,299.679,299.355,94.5037,-3.36303
84040,299.679,299.355,94.2411,-3.36303
84050,299.667,299.536,94.2411,-1.178
84060,299.667,299.536,94.2411,-1.178
84070,299.198,298.965,82.5601,-1.178
84080,299.198,298.965,82.5601,-1.178
84090,299.198,298.965,82.5601,-1.178
84100,299.198,298.965,28.4394,-1.178
84110,299.572,299.422,94.8148,-1.178
84120,299.572,299.422,94.8148,-1.178
84130,299.572,299.422,94.8148,-1.178
84140,299.572,299.422,96.3385,-1.178
84150,299.572,299.569,96.3385,-1.178
84160,299.572,299.569,96.3385,-1.178
84170,299.572,299.569,96.3385,-1.178
84180,299.572,299.569,133.374,-1.178
84190,299.887,299.569,134.737,-7.49676
84200,299.887,299.569,49.1912,-1.178
84210,299.887,299.569,49.1912,-1.178
84220,299.851,299.668,49.1912,-1.178
84230,300.046,299.632,8.79687,-1.178
84240,300.046,299.632,8.79687,-1.178
84250,299.966,299.632,8.79687,-1.178
84260,300.119,299.632,5.83294,-1.178
84270,300.119,299.632,5.83294,-1.178
84280,299.656,299.632,5.83294,-1.178
84290,299.656,299.632,3.6402,-1.178
84300,299.089,298.586,10.8506,-1.178
84310,299.089,298.586,14.2914,-1.178
84320,299.252,298.69,14.2914,-1.178
84330,299.252,298.69,14.2914,-1.178
84340,299.252,298.69,14.2914,-1.178
84350,299.252,298.69,26.5701,-1.178
84360,299.252,299.151,26.5701,-1.178
84370,299.252,299.231,26.5701,-1.178
84380,299.252,299.105,26.5701,-1.178
84390,299.373,299.105,26.5701,-1.178
84400,299.671,299.105,26.5701,-1.178
84410,299.671,299.105,26.5701,-1.178
84420,299.671,298.752,26.5701,-3.36303
84430,299.671,298.486,16.6799,-3.36303
84440,299.671,298.672,16.6799,-3.36303
84450,299.671,299.497,16.6799,-1.178
84460,299.671,299.497,103.345,-1.178
84470,299.671,299.497,21.4258,-1.178
84480,299.671,299.497,21.4258,-1.178
84490,299.635,299.497,30.2657,-1.178
84500,299.635,299.497,8.03101,-1.178
84510,299.675,299.547,8.03101,-1.178
84520,299.675,299.547,8.03101,-1.178
84530,299.675,299.547,82.9743,-1.178
84540,299.675,299.547,112.058,-1.178
84550,299.834,299.547,65.7235,-1.178
84560,299.834,299.547,65.7235,-1.178
84570,299.834,299.547,108.493,-3.36303
84580,299.591,299.547,108.493,-1.178
84590,299.591,299.547,108.493,-1.178
84600,299.596,299.534,108.493,-1.178
84610,299.596,299.59,108.493,-1.178
84620,299.596,299.39,42.079,-1.178
84630,299.596,299.39,42.079,-1.178
84640,299.644,299.39,24.7518,-1.178
84650,299.644,299.39,24.7518,-1.178
84660,299.644,299.39,84.7638,-1.178
84670,299.644,299.39,84.7638,-1.178
84680,299.437,299.294,18.4168,-1.178
84690,299.77,299.294,18.4168,-1.178
84700,299.77,299.294,18.4168,-1.178
84710,299.77,299.294,30.2514,-1.178
84720,299.563,299.294,6.98062,-1.178
84730,299.563,299.294,61.6098,-1.178
84740,299.563,299.294,61.6098,-1.178
84750,299.563,299.294,82.2113,-1.178
84760,299.342,299.294,21.1331,-1.178
84770,299.342,299.294,21.1331,-1.178
84780,299.342,299.168,5.13408,-1.178
84790,299.342,299.168,5.13408,-1.178
84800,299.761,299.168,5.13408,-1.178
84810,299.761,298.835,5.13408,-3.36303
84820,299.391,298.932,26.7021,-1.178
84830,299.391,298.932,26.7021,-1.178
84840,299.391,298.932,26.7021,-1.178
84850,299.391,299.251,26.7021,-1.178
84860,299.391,299.251,26.7021,-1.178
84870,299.391,299.31,84.8034,-1.178
84880,299.391,299.31,64.8151,-1.178
84890,299.391,299.31,64.8151,-1.178
84900,299.91,299.31,64.8151,-3.36303
84910,299.91,299.231,64.8151,-3.36303
84920,299.934,299.435,64.8151,-3.36303
84930,299.934,299.851,64.8151,-1.178
84940,299.934,299.851,64.8151,-1.178
84950,299.934,299.851,64.8151,-1.178
84960,299.934,299.851,64.8151,-1.178
84970,299.934,299.851,64.8151,-1.178
84980,299.934,299.851,64.8151,-1.178
84990,299.934,299.851,64.8151,-1.178
85000,299.941,299.851,7.68237,-1.178
85010,299.941,299.851,82.2542,-1.178
85020,299.941,299.7,57.7395,-1.178
85030,299.941,299.7,57.7395,-1.178
85040,299.941,299.7,47.8894,-1.178
85050,299.941,299.7,47.8894,-1.178
85060,299.941,299.679,47.8894,-1.178
85070,299.941,299.679,82.5937,-1.178
85080,299.941,299.679,27.6867,-1.178
85090,299.941,299.569,27.6867,-1.178
85100,299.941,299.569,27.6867,-1.178
85110,299.941,299.699,27.6867,-1.178
85120,299.941,299.699,88.8656,-1.178
85130,299.708,299.699,88.8656,-1.178
85140,299.819,299.699,72.1047,-1.178
85150,299.819,299.237,1.50827,-1.178
85160,299.819,299.237,1.50827,-1.178
85170,299.819,298.651,1.50827,-3.36303
85180,299.819,298.556,1.50827,-3.36303
85190,300.203,298.77,1.50827,-3.36303
85200,300.203,298.77,1.50827,-3.36303
85210,299.762,298.77,1.50827,-3.36303
85220,300.27,298.77,1.50827,-3.36303
85230,300.27,299.339,1.50827,-3.36303
85240,300.852,299.339,1.50827,-3.36303
85250,300.852,299.339,1.50827,-3.36303
85260,300.346,299.707,1.50827,-1.178
85270,300.346,299.779,1.50827,-1.178
85280,300.059,299.779,24.6631,-1.178
85290,299.883,299.779,42.0165,-1.178
85300,299.883,299.779,42.0165,-1.178
85310,299.883,299.779,76.3708,-1.178
85320,299.883,299.779,76.3708,-1.178
85330,299.883,299.779,76.3708,-1.178
85340,299.883,299.779,76.3708,-1.178
85350,299.883,299.619,76.3708,-1.178
85360,299.883,299.619,76.3708,-1.178
85370,299.883,299.619,76.3708,-1.178
85380,299.883,299.619,12.5699,-1.178
85390,299.883,299.619,12.5699,-1.178
85400,299.844,299.619,12.5699,-1.178
85410,299.844,298.058,12.5699,-5.42989
85420,299.844,297.688,130.044,-7.49676
85430,299.828,297.365,130.044,-7.49676
85440,299.063,297.559,130.044,-7.49676
85450,297.692,296.502,130.044,-7.49676
85460,296.508,296.502,32.5974,-1.178
85470,296.508,296.502,32.5974,-1.178
85480,296.508,296.502,32.5974,-1.178
85490,296.831,296.649,32.5974,-1.178
85500,296.831,296.649,32.5974,-1.178
85510,296.831,296.649,73.6832,-1.178
85520,296.831,296.649,95.1859,-1.178
85530,297.096,297.014,95.1859,-1.178
85540,297.096,297.014,95.1859,-1.178
85550,297.096,297.014,90.4527,-1.178
85560,297.16,297.014,90.4527,-1.178
85570,297.16,297.014,90.4527,-1.178
85580,297.16,297.151,90.4527,-1.178
85590,297.16,297.151,12.0345,-1.178
85600,297.511,297.398,55.6082,-1.178
85610,297.54,297.398,99.751,-1.178
85620,297.54,297.398,99.751,-1.178
85630,297.54,297.398,66.4126,-1.178
85640,297.54,297.398,66.4126,-1.178
85650,297.54,297.398,66.4126,-1.178
85660,297.54,297.398,66.4126,-1.178
85670,297.54,297.398,66.4126,-1.178
85680,297.54,297.398,5.09785,-1.178
85690,297.54,297.28,28.6775,-1.178
85700,297.54,297.466,28.6775,-1.178
85710,297.54,297.466,66.2979,-1.178
85720,297.54,297.249,66.2979,-1.178
85730,297.54,297.249,66.2979,-1.178
85740,297.54,297.249,66.2979,-1.178
85750,297.54,297.467,66.2979,-1.178
85760,297.54,297.467,66.2979,-1.178
85770,297.54,297.467,23.9856,-1.178
85780,297.54,297.467,23.9856,-1.178
85790,297.54,297.13,23.9856,-1.178
85800,297.54,297.52,23.9856,-1.178
85810,297.54,297.52,115.25,-1.178
85820,297.54,297.52,115.25,-1.178
85830,297.54,297.52,115.25,-1.178
85840,297.54,297.52,115.25,-1.178
85850,297.54,297.52,49.1267,-1.178
85860,297.839,297.52,49.1267,-1.178
85870,297.839,297.52,22.1744,-1.178
85880,297.839,297.655,22.1744,-1.178
85890,298.058,297.655,22.1744,-1.178
85900,298.058,297.647,22.1744,-1.178
85910,298.058,297.647,22.1744,-1.178
85920,298.058,297.647,22.1744,-1.178
85930,298.313,297.647,9.17357,-1.178
85940,298.313,297.647,9.17357,-1.178
85950,298.313,297.647,9.17357,-1.178
85960,298.313,297.647,9.17357,-1.178
85970,298.313,297.647,9.17357,-1.178
85980,299.397,299.078,9.17357,-1.178
85990,299.397,299.078,9.17357,-1.178
86000,299.397,299.078,39.9942,-1.178
86010,299.105,299.078,107.796,-1.178
86020,299.105,299.078,8.04437,-1.178
86030,299.105,299.078,8.04437,-1.178
86040,299.105,299.078,105.502,-1.178
86050,299.105,299.078,129.384,-1.178
86060,299.105,299.078,129.384,-1.178
86070,299.105,299.078,26.6628,-1.178
86080,299.105,299.078,65.148,-1.178
86090,299.105,298.802,32.4342,-1.178
86100,298.837,298.565,25.8213,-1.178
86110,298.837,298.565,57.6438,-1.178
86120,298.837,298.496,88.486,-3.36303
86130,299.011,298.496,88.486,-3.36303
86140,299.011,298.496,88.486,-3.36303
86150,298.812,298.496,88.486,-3.36303
86160,298.812,298.756,88.486,-1.178
86170,298.812,298.39,36.8461,-1.178
86180,298.812,298.39,36.8461,-1.178
86190,298.607,298.39,36.8461,-1.178
86200,298.607,298.39,36.8461,-1.178
86210,298.697,298.39,36.8461,-1.178
86220,298.697,298.39,14.711,-1.178
86230,298.697,298.39,56.5897,-1.178
86240,298.697,298.39,56.5897,-1.178
86250,298.697,298.39,56.5897,-1.178
86260,298.697,298.39,33.1008,-1.178
86270,298.697,298.39,68.9663,-1.178
86280,298.697,298.652,10.4638,-1.178
86290,298.697,298.379,10.4638,-1.178
86300,298.471,298.379,10.4638,-1.178
86310,298.471,297.482,10.4638,-3.36303
86320,298.138,297.941,10.4638,-1.178
86330,298.138,297.614,10.4638,-1.178
86340,298.138,297.614,10.4638,-1.178
86350,298.138,297.768,10.4638,-1.178
86360,298.138,297.768,10.4638,-1.178
86370,298.193,297.768,4.11723,-1.178
86380,297.985,297.768,4.11723,-1.178
86390,298.238,297.768,4.11723,-1.178
86400,297.978,297.588,4.11723,-1.178
86410,297.978,297.588,4.11723,-1.178
86420,297.978,297.588,4.11723,-1.178
86430,297.899,297.588,33.235,-1.178
86440,297.317,295.946,74.2787,-7.49676
86450,296.035,295.946,80.8496,-1.178
86460,296.035,295.946,2.16879,-1.178
86470,296.035,295.946,113.73,-1.178
86480,296.006,295.946,113.73,-1.178
86490,296.006,295.946,113.73,-1.178
86500,296.006,295.66,25.7681,-1.178
86510,295.666,295.66,59.0134,-1.178
86520,295.666,295.66,59.0134,-1.178
86530,295.666,295.66,59.0134,-1.178
86540,295.666,295.66,59.0134,-1.178
86550,295.976,295.66,0.158849,-1.178
86560,295.976,295.66,70.4102,-1.178
86570,295.976,295.66,70.4102,-1.178
86580,295.976,295.745,20.5975,-1.178
86590,295.976,295.745,53.9908,-1.178
86600,296.135,295.889,88.2411,-1.178
86610,296.135,295.889,88.2411,-1.178
86620,296.135,295.889,88.2411,-1.178
86630,296.135,295.889,69.5181,-1.178
86640,296.088,295.889,69.5181,-1.178
86650,296.088,295.834,69.5181,-1.178
86660,296.088,295.834,69.5181,-1.178
86670,296.088,295.834,17.5779,-1.178
86680,296.088,295.959,50.3688,-1.178
86690,296.088,295.959,82.1963,-1.178
86700,296.088,295.959,82.1963,-1.178
86710,296.088,295.832,7.19873,-1.178
86720,296.088,295.751,7.19873,-1.178
86730,296.088,295.751,4.61216,-1.178
86740,296.088,294.543,4.61216,-3.36303
86750,294.565,294.543,4.61216,-1.178
86760,297.57,296.499,4.61216,-3.36303
86770,296.828,296.499,20.7661,-1.178
86780,296.828,296.499,20.7661,-1.178
86790,296.902,296.499,20.7661,-1.178
86800,296.902,296.499,20.7661,-1.178
86810,296.902,296.529,20.7661,-1.178
86820,296.902,296.529,20.7661,-1.178
86830,296.902,296.529,20.7661,-1.178
86840,296.902,296.529,18.7991,-1.178
86850,296.839,296.529,52.4022,-1.178
86860,296.839,296.529,52.4022,-1.178
86870,296.839,296.529,52.4022,-1.178
86880,296.839,296.529,52.4022,-1.178
86890,296.839,296.529,52.4022,-1.178
86900,296.839,296.529,52.4022,-1.178
86910,296.767,296.529,71.2088,-1.178
86920,296.649,296.529,71.2088,-1.178
86930,296.649,296.645,71.2088,-1.178
86940,296.649,296.645,127.827,-1.178
86950,296.649,296.645,127.827,-1.178
86960,296.649,296.645,127.827,-1.178
86970,296.649,296.645,88.4332,-1.178
86980,296.687,296.645,88.4332,-1.178
86990,296.866,296.645,79.7308,-1.178
87000,296.866,296.645,99.1092,-3.36303
87010,296.866,296.645,99.1092,-3.36303
87020,296.866,296.645,99.1092,-3.36303
87030,296.866,296.55,5.19082,-1.178
87040,296.866,296.55,5.19082,-1.178
87050,296.866,296.55,5.19082,-1.178
87060,296.866,296.55,49.1868,-1.178
87070,296.866,296.55,50.4964,-1.178
87080,296.866,296.55,50.4964,-1.178
87090,296.866,296.448,50.4964,-1.178
87100,296.866,296.448,50.4964,-1.178
87110,296.866,296.448,50.4964,-1.178
87120,296.866,296.448,50.4964,-1.178
87130,296.866,296.751,50.4964,-1.178
87140,296.866,296.751,50.4964,-1.178
87150,296.866,296.751,47.8199,-1.178
87160,296.839,296.823,78.9961,-1.178
87170,296.839,296.823,114.224,-1.178
87180,297.256,296.876,80.9927,-3.36303
87190,296.949,296.876,80.9927,-1.178
87200,296.949,296.876,87.1342,-1.178
87210,296.949,296.876,53.4203,-1.178
87220,296.949,296.876,53.4203,-1.178
87230,296.949,296.925,73.3466,-1.178
87240,296.949,296.925,80.0265,-1.178
87250,296.949,296.925,80.0265,-1.178
87260,296.949,296.925,80.0265,-1.178
87270,296.949,296.834,44.2596,-1.178
87280,296.949,296.797,51.8158,-1.178
87290,296.949,296.797,51.8158,-1.178
87300,297.088,296.413,51.8158,-3.36303
87310,297.088,296.413,48.2329,-3.36303
87320,297.199,296.413,48.2329,-3.36303
87330,297.199,296.614,48.2329,-3.36303
87340,297.199,296.432,45.3747,-3.36303
87350,297.199,296.961,45.3747,-1.178
87360,297.036,294.826,45.3747,-7.49676
87370,296.273,294.826,45.3747,-5.42989
87380,296.273,294.826,45.3747,-5.42989
87390,296.273,294.999,98.4647,-7.49676
87400,296.273,296.226,108.383,-1.178
87410,296.273,296.226,102.452,-1.178
87420,296.273,296.226,102.452,-1.178
87430,296.273,296.226,102.452,-1.178
87440,296.273,296.226,102.452,-1.178
87450,296.273,296.226,20.9512,-1.178
87460,296.273,296.226,126.112,-1.178
87470,296.273,296.226,126.112,-1.178
87480,296.273,296.226,126.112,-1.178
87490,296.273,296.226,126.112,-1.178
87500,296.273,296.226,116.119,-1.178
87510,296.273,296.226,27.1207,-1.178
87520,296.273,296.226,27.1207,-1.178
87530,296.273,296.226,27.1207,-1.178
87540,296.273,296.226,16.041,-1.178
87550,296.273,296.226,16.041,-1.178
87560,296.273,296.226,16.041,-1.178
87570,296.273,295.792,16.041,-1.178
87580,296.113,295.792,16.041,-1.178
87590,296.113,295.947,101.625,-1.178
87600,296.113,295.947,69.2355,-1.178
87610,296.196,295.947,51.9865,-1.178
87620,296.196,295.947,21.7055,-1.178
87630,296.147,295.947,21.7055,-1.178
87640,296.104,296.096,132.661,-1.178
87650,296.104,296.096,132.661,-1.178
87660,296.157,296.096,84.7865,-1.178
87670,296.157,296.096,7.21851,-1.178
87680,296.157,295.693,7.21851,-1.178
87690,295.898,295.693,40.0279,-1.178
87700,295.898,295.693,78.8294,-1.178
87710,295.898,295.693,78.8294,-1.178
87720,295.898,295.693,39.8275,-1.178
87730,295.898,295.693,8.09647,-1.178
87740,295.898,295.605,71.5164,-1.178
87750,296.078,295.605,18.1758,-1.178
87760,296.078,295.605,18.1758,-1.178
87770,296.078,295.605,18.1758,-1.178
87780,295.645,295.605,13.7526,-1.178
87790,295.645,295.605,13.7526,-1.178
87800,295.769,295.605,51.3682,-1.178
87810,295.769,295.2,20.3962,-1.178
87820,295.769,295.456,7.78718,-1.178
87830,296.753,295.456,7.78718,-3.36303
87840,296.753,295.456,7.78718,-3.36303
87850,296.753,296.101,7.78718,-1.178
87860,296.497,296.101,60.0424,-1.178
87870,296.497,296.101,60.0424,-1.178
87880,296.497,296.101,51.734,-1.178
87890,296.354,296.101,51.734,-1.178
87900,296.13,296.101,51.734,-1.178
87910,297.017,296.101,48.5021,-3.36303
87920,297.017,296.704,47.2961,-1.178
87930,297.017,296.704,47.2961,-1.178
87940,297.017,296.947,47.2961,-1.178
87950,297.017,296.947,47.2961,-1.178
87960,297.017,296.128,14.769,-3.36303
87970,297.017,296.695,14.769,-1.178
87980,297.017,296.695,52.8761,-1.178
87990,297.017,296.695,52.8761,-1.178
88000,297.017,296.695,52.8761,-1.178
88010,297.017,296.695,52.8761,-1.178
88020,297.017,296.695,1.56193,-1.178
88030,297.062,296.695,1.56193,-1.178
88040,297.062,296.653,1.56193,-1.178
88050,297.062,296.653,1.56193,-1.178
88060,298.119,296.653,2.44399,-3.36303
88070,298.119,297.88,2.44399,-1.178
88080,298.813,297.88,2.44399,-3.36303
88090,298.171,298.063,2.44399,-1.178
88100,298.171,298.063,2.44399,-1.178
88110,298.312,298.063,49.8026,-1.178
88120,298.312,298.307,31.2953,-1.178
88130,298.312,298.307,42.6086,-1.178
88140,298.312,298.307,99.2677,-1.178
88150,298.312,298.232,99.2677,-1.178
88160,298.312,298.232,99.2677,-1.178
88170,298.312,298.232,99.2677,-1.178
88180,298.312,298.232,99.2677,-1.178
88190,298.312,298.232,65.3044,-1.178
88200,298.312,298.232,26.7353,-1.178
88210,298.312,298.232,26.7353,-1.178
88220,299.398,298.232,16.1187,-3.36303
88230,299.398,299.013,16.1187,-1.178
88240,299.398,299.255,16.1187,-1.178
88250,299.543,299.255,75.7165,-1.178
88260,299.543,299.255,75.7165,-1.178
88270,299.543,299.255,67.0522,-1.178
88280,299.543,299.255,67.0522,-1.178
88290,299.543,299.255,5.16822,-1.178
88300,299.587,299.283,55.511,-1.178
88310,299.587,299.283,49.7329,-1.178
88320,299.449,299.399,49.7329,-1.178
88330,299.449,299.399,111.369,-1.178
88340,299.449,299.399,111.369,-1.178
88350,299.449,299.399,111.369,-1.178
88360,299.449,299.399,111.369,-1.178
88370,299.449,299.399,87.3655,-1.178
88380,299.449,299.439,87.3655,-1.178
88390,299.449,299.439,87.3655,-1.178
88400,299.449,299.439,87.3655,-1.178
88410,299.449,299.439,131.638,-1.178
88420,299.449,299.439,131.638,-1.178
88430,299.449,299.439,131.638,-1.178
88440,299.585,299.511,59.2487,-1.178
88450,299.585,299.511,115.561,-1.178
88460,299.585,299.511,115.561,-1.178
88470,299.585,299.467,34.2571,-1.178
88480,299.585,299.467,62.527,-1.178
88490,299.585,299.467,62.527,-1.178
88500,299.773,299.124,62.527,-3.36303
88510,299.773,299.124,62.527,-3.36303
88520,299.773,298.304,62.527,-5.42989
88530,299.329,298.304,62.527,-5.42989
88540,299.329,298.736,59.6477,-3.36303
88550,299.248,298.736,76.089,-3.36303
88560,298.784,298.736,76.089,-1.178
88570,298.893,298.736,62.112,-1.178
88580,298.756,298.736,41.4593,-1.178
88590,298.756,298.736,41.4593,-1.178
88600,298.83,298.736,41.4593,-1.178
88610,298.83,298.736,41.4593,-1.178
88620,298.83,298.736,56.3419,-1.178
88630,298.83,298.736,30.7193,-1.178
88640,299.112,298.736,25.0259,-1.178
88650,298.934,298.736,65.3018,-1.178
88660,298.934,298.736,65.3018,-1.178
88670,298.934,298.645,65.3018,-1.178
88680,298.934,298.645,65.3018,-1.178
88690,298.934,298.645,7.54908,-1.178
88700,298.934,298.309,7.54908,-1.178
88710,299.394,298.309,7.54908,-3.36303
88720,299.427,298.309,33.5494,-3.36303
88730,299.427,299.1,33.5494,-1.178
88740,299.427,299.1,33.5494,-1.178
88750,299.427,299.1,33.5494,-1.178
88760,299.427,299.1,56.5704,-1.178
88770,299.427,299.1,56.5704,-1.178
88780,299.635,299.1,56.5704,-3.36303
88790,299.635,299.1,81.3266,-3.36303
88800,299.124,299.1,81.3266,-1.178
88810,299.124,299.12,81.3266,-1.178
88820,299.124,298.913,81.3266,-1.178
88830,299.124,298.913,76.4217,-1.178
88840,299.124,298.913,76.4217,-1.178
88850,298.966,298.712,98.2576,-3.36303
88860,299.514,297.485,6.92334,-5.42989
88870,297.15,296.85,77.7643,-1.178
88880,297.15,296.85,18.5837,-1.178
88890,297.15,296.85,30.3047,-1.178
88900,297.15,296.85,77.4016,-1.178
88910,297.15,296.85,77.4016,-1.178
88920,297.15,296.85,77.4016,-1.178
88930,297.15,297.048,111.769,-1.178
88940,297.15,297.048,111.769,-1.178
88950,297.15,297.048,79.0535,-1.178
88960,297.15,297.048,79.0535,-1.178
88970,297.15,297.048,79.0535,-1.178
88980,297.15,297.048,79.0535,-1.178
88990,297.097,297.048,79.0535,-1.178
89000,297.097,297.048,120.396,-1.178
89010,297.097,297.048,120.396,-1.178
89020,297.097,297.048,120.396,-1.178
89030,297.097,297.048,120.396,-1.178
89040,297.097,297.048,77.2196,-1.178
89050,297.097,297.048,18.2521,-1.178
89060,297.097,296.872,18.2521,-1.178
89070,297.097,296.872,15.1704,-1.178
89080,296.908,296.634,32.2199,-1.178
89090,296.908,296.506,32.2199,-1.178
89100,296.908,296.84,32.2199,-1.178
89110,296.908,296.54,51.3816,-1.178
89120,296.885,296.54,51.3816,-1.178
89130,296.885,296.774,13.4191,-1.178
89140,296.885,296.774,13.4191,-1.178
89150,296.885,296.774,79.2084,-1.178
89160,296.885,296.774,79.2084,-1.178
89170,296.885,296.774,58.4545,-1.178
89180,296.885,296.833,58.4545,-1.178
89190,296.885,296.833,58.4545,-1.178
89200,296.885,296.833,17.5436,-1.178
89210,296.885,296.833,17.5436,-1.178
89220,297.721,296.833,17.5436,-3.36303
89230,297.721,296.755,17.5436,-3.36303
89240,297.192,296.755,17.5436,-1.178
89250,297.192,296.755,88.5046,-3.36303
89260,297.192,296.62,88.5046,-3.36303
89270,296.946,296.62,88.5046,-3.36303
89280,296.946,296.62,88.5046,-3.36303
89290,297.135,296.62,88.5046,-3.36303
89300,296.978,296.62,88.5046,-3.36303
89310,297.013,296.688,22.6806,-1.178
89320,296.779,296.688,22.6806,-1.178
89330,296.779,296.688,22.6806,-1.178
89340,296.779,296.688,22.6806,-1.178
89350,296.779,296.688,22.6806,-1.178
89360,296.737,296.688,67.4634,-1.178
89370,296.737,296.688,116.979,-1.178
89380,296.906,296.688,71.2101,-1.178
89390,296.906,296.688,71.2101,-1.178
89400,296.906,296.688,71.2101,-1.178
89410,296.906,296.688,71.2101,-1.178
89420,297.11,296.688,57.3888,-3.36303
89430,297.11,296.319,57.3888,-3.36303
89440,297.11,295.728,57.3888,-5.42989
89450,297.11,295.728,187.291,-7.49676
89460,297.682,296.637,187.291,-7.49676
89470,297.033,295.756,187.291,-7.49676
89480,297.033,296.652,187.291,-7.49676
89490,298.339,296.236,187.291,-7.49676
89500,297.194,296.813,114.19,-5.42989
89510,296.94,296.911,39.6268,-1.178
89520,296.94,296.911,39.6268,-1.178
89530,296.94,296.911,23.9914,-1.178
89540,296.94,296.911,23.9914,-1.178
89550,297.372,296.911,23.9914,-1.178
89560,297.372,297.019,23.9914,-1.178
89570,297.224,297.019,48.729,-1.178
89580,297.224,297.019,48.729,-1.178
89590,297.224,297.019,61.7281,-1.178
89600,297.224,297.019,61.7281,-1.178
89610,297.224,297.019,61.7281,-1.178
89620,297.224,296.871,61.7281,-1.178
89630,297.224,296.871,49.0539,-1.178
89640,297.241,296.871,49.0539,-1.178
89650,297.241,296.871,49.0539,-1.178
89660,297.241,296.871,49.0539,-1.178
89670,297.241,297.201,49.0539,-1.178
89680,297.241,297.201,125.82,-1.178
89690,297.241,297.201,125.82,-1.178
89700,297.241,297.201,42.0992,-1.178
89710,297.241,297.201,42.0992,-1.178
89720,297.202,297.201,86.0025,-1.178
89730,297.202,296.577,52.8974,-3.36303
89740,297.202,297.179,52.8974,-1.178
89750,297.202,297.179,71.8517,-1.178
89760,297.202,296.847,77.7548,-3.36303
89770,296.855,296.304,35.3904,-3.36303
89780,296.861,296.304,35.3904,-3.36303
89790,297.136,296.304,35.3904,-3.36303
89800,296.449,296.304,35.3904,-1.178
89810,296.449,296.304,35.3904,-1.178
89820,296.449,296.053,21.2053,-1.178
89830,296.449,296.444,21.2053,-1.178
89840,296.449,296.444,51.6058,-1.178
89850,298.037,296.868,51.6058,-5.42989
89860,298.391,297.06,51.6058,-5.42989
89870,297.786,297.06,51.6058,-3.36303
89880,297.786,297.06,72.7033,-3.36303
89890,297.262,297.06,79.8183,-1.178
89900,297.262,297.06,79.8183,-1.178
89910,297.262,297.06,79.8183,-1.178
89920,297.262,297.06,24.6095,-1.178
89930,297.667,297.06,24.6095,-3.36303
89940,297.667,297.435,24.6095,-1.178
89950,297.667,297.435,24.6095,-1.178
89960,297.667,297.435,22.3743,-1.178
89970,297.667,297.437,22.3743,-1.178
89980,297.84,297.437,40.4871,-1.178
89990,297.84,296.108,40.4871,-5.42989
90000,298.102,297.848,156.558,-7.49676
90010,298.102,297.848,165.949,-7.49676
90020,298.102,297.892,53.8423,-1.178
90030,298.102,297.731,53.8423,-1.178
90040,297.911,297.731,38.5993,-1.178
90050,297.911,297.739,43.863,-1.178
90060,298.078,297.739,28.2896,-1.178
90070,298.221,297.659,28.2896,-1.178
90080,298.156,297.659,15.763,-1.178
90090,298.156,297.656,15.763,-1.178
90100,298.156,297.656,15.763,-1.178
90110,297.948,297.656,15.763,-1.178
90120,297.948,297.892,26.6148,-1.178
90130,297.948,297.725,18.9424,-1.178
90140,297.948,297.636,18.9424,-1.178
90150,297.948,297.605,51.2297,-1.178
90160,297.948,297.675,51.2297,-1.178
90170,297.907,297.667,51.2297,-1.178
90180,297.77,297.667,51.2297,-1.178
90190,297.77,297.446,24.8089,-1.178
90200,297.77,297.446,24.8089,-1.178
90210,297.77,297.446,24.8089,-1.178
90220,297.77,297.446,24.8089,-1.178
90230,297.77,297.403,24.8089,-1.178
90240,297.525,297.403,27.0451,-1.178
90250,297.959,297.403,27.0451,-1.178
90260,297.959,297.403,27.0451,-1.178
90270,297.696,297.403,27.0451,-1.178
90280,297.696,297.403,27.0451,-1.178
90290,297.696,297.403,27.0451,-1.178
90300,297.696,297.087,27.0451,-3.36303
90310,297.5,297.061,7.69846,-1.178
90320,297.51,297.411,7.69846,-1.178
90330,297.51,297.411,28.4616,-1.178
90340,297.51,297.411,6.36815,-1.178
90350,297.51,297.411,6.36815,-1.178
90360,296.463,296.253,56.9697,-1.178
90370,296.463,296.253,56.9697,-1.178
90380,296.463,296.253,56.9697,-1.178
90390,296.463,296.253,12.3058,-1.178
90400,296.463,295.986,12.3058,-1.178
90410,296.159,295.986,40.5645,-1.178
90420,296.51,295.986,40.5645,-3.36303
90430,296.665,296.486,12.6407,-1.178
90440,296.665,296.486,16.0542,-1.178
90450,298.359,296.227,16.0542,-5.42989
90460,297.246,296.227,16.0542,-3.36303
90470,297.246,296.954,16.0542,-1.178
90480,297.246,296.954,16.0542,-1.178
90490,297.246,296.954,76.3314,-1.178
90500,297.246,296.954,76.3314,-1.178
90510,297.246,296.954,76.3314,-1.178
90520,297.246,297.245,76.3314,-1.178
90530,297.246,297.245,76.3314,-1.178
90540,297.246,297.245,76.3314,-1.178
90550,297.246,297.178,105.754,-1.178
90560,297.246,297.144,92.7918,-1.178
90570,297.246,297.144,92.7918,-1.178
90580,297.246,297.144,82.5472,-1.178
90590,297.246,297.144,95.9515,-1.178
90600,297.246,297.144,60.3363,-1.178
90610,297.328,297.144,44.3962,-1.178
90620,297.328,297.144,38.5771,-1.178
90630,297.26,297.144,63.858,-1.178
90640,297.26,297.144,63.858,-1.178
90650,297.26,297.144,63.858,-1.178
90660,297.26,297.144,87.2529,-1.178
90670,297.26,297.144,16.9274,-1.178
90680,297.26,297.144,16.9274,-1.178
90690,297.004,296.659,16.9274,-1.178
90700,297.004,296.659,69.4429,-1.178
90710,297.004,296.659,69.4429,-1.178
90720,296.677,296.461,69.4429,-1.178
90730,296.677,296.461,69.4429,-1.178
90740,296.771,296.461,69.4429,-1.178
90750,296.771,296.461,69.4429,-1.178
90760,296.771,296.461,69.4429,-1.178
90770,296.771,296.461,69.4429,-1.178
90780,296.771,296.461,69.4429,-1.178
90790,296.771,296.461,33.1426,-1.178
90800,296.771,296.461,33.1426,-1.178
90810,296.771,296.461,52.2553,-1.178
90820,296.813,296.461,52.2553,-1.178
90830,296.813,296.461,52.2553,-1.178
90840,296.734,296.021,52.2553,-3.36303
90850,296.734,296.508,27.0858,-1.178
90860,296.734,296.463,27.0858,-1.178
90870,296.574,295.532,27.0858,-3.36303
90880,296.574,295.532,27.0858,-3.36303
90890,296.201,295.532,27.0858,-3.36303
90900,296.201,295.71,27.0858,-1.178
90910,296.027,295.71,19.3801,-1.178
90920,296.127,295.71,19.3801,-1.178
90930,295.829,295.71,30.9129,-1.178
90940,295.829,295.61,30.9129,-1.178
90950,295.829,295.61,88.5354,-1.178
90960,295.829,295.61,88.5354,-1.178
90970,295.998,295.61,53.0563,-1.178
90980,295.998,295.61,53.0563,-1.178
90990,295.984,295.61,53.0563,-1.178
91000,295.984,295.61,53.0563,-1.178
91010,295.984,295.61,53.0563,-1.178
91020,295.984,295.639,31.9685,-1.178
91030,295.769,295.639,31.9685,-1.178
91040,296.168,295.639,31.9685,-1.178
91050,295.918,295.639,31.9685,-1.178
91060,296.13,295.639,31.9685,-1.178
91070,296.13,295.639,31.9685,-1.178
91080,295.927,295.639,31.9685,-1.178
91090,295.927,295.639,31.9685,-1.178
91100,295.927,295.639,15.481,-1.178
91110,295.927,295.639,7.6498,-1.178
91120,296.365,295.485,7.6498,-3.36303
91130,296.334,295.485,0.442615,-3.36303
91140,296.334,295.731,0.442615,-1.178
91150,296.334,296.062,0.442615,-1.178
91160,296.75,296.062,0.442615,-1.178
91170,296.75,296.428,0.442615,-1.178
91180,296.75,296.428,38.3671,-1.178
91190,296.75,296.428,38.3671,-1.178
91200,296.75,296.657,38.3671,-1.178
91210,296.75,296.657,67.1123,-1.178
91220,296.75,296.657,67.1123,-1.178
91230,296.75,296.431,67.1123,-1.178
91240,296.75,296.005,67.1123,-3.36303
91250,296.75,296.005,67.1123,-3.36303
91260,296.431,295.979,67.1123,-3.36303
91270,296.706,295.979,67.1123,-3.36303
91280,296.706,296.164,67.1123,-3.36303
91290,296.854,296.164,67.1123,-3.36303
91300,296.854,296.805,67.4322,-1.178
91310,296.854,296.805,67.4322,-1.178
91320,296.854,296.805,67.4322,-1.178
91330,296.854,296.741,112.783,-1.178
91340,296.854,296.741,112.783,-1.178
91350,296.854,296.741,112.783,-1.178
91360,296.854,296.741,112.783,-1.178
91370,296.854,296.741,114.777,-1.178
91380,296.854,296.741,93.9339,-1.178
91390,296.854,296.741,72.7486,-1.178
91400,296.854,296.741,72.7486,-1.178
91410,296.854,296.741,31.2523,-1.178
91420,296.854,296.741,31.2523,-1.178
91430,296.854,296.539,71.3649,-1.178
91440,296.854,296.539,47.0746,-1.178
91450,296.955,296.539,47.0746,-1.178
91460,296.955,296.937,47.0746,-1.178
91470,296.955,296.769,87.0795,-1.178
91480,296.955,296.769,33.6437,-1.178
91490,296.955,296.769,33.6437,-1.178
91500,296.955,296.769,74.1499,-1.178
91510,296.955,296.769,62.5512,-1.178
91520,296.955,296.769,45.1536,-1.178
91530,296.955,296.656,0.997774,-1.178
91540,296.955,296.656,0.997774,-1.178
91550,297.074,296.656,72.5469,-3.36303
91560,297.074,296.656,46.2002,-1.178
91570,297.074,296.656,17.4911,-1.178
91580,297.074,296.483,17.4911,-1.178
91590,296.9,296.483,17.4911,-1.178
91600,296.9,296.479,17.4911,-1.178
91610,296.9,296.479,17.4911,-1.178
91620,296.9,296.479,17.4911,-1.178
91630,296.9,296.479,17.4911,-1.178
91640,296.9,296.479,7.86609,-1.178
91650,296.9,296.479,7.86609,-1.178
91660,296.9,296.479,7.86609,-1.178
91670,296.9,296.479,24.7965,-1.178
91680,296.9,296.479,24.7965,-1.178
91690,296.9,296.88,24.7965,-1.178
91700,296.9,296.429,24.7965,-1.178
91710,297.316,296.429,24.7965,-3.36303
91720,296.463,296.429,80.7543,-1.178
91730,296.463,296.182,80.7543,-1.178
91740,296.463,296.182,80.7543,-1.178
91750,296.463,296.182,61.3191,-1.178
91760,296.463,296.182,61.3191,-1.178
91770,296.463,296.182,24.7856,-1.178
91780,296.594,296.387,24.7856,-1.178
91790,296.594,295.831,39.5484,-3.36303
91800,296.183,295.831,39.5484,-1.178
91810,296.183,295.831,39.5484,-1.178
91820,296.183,295.684,39.5484,-1.178
91830,296.183,295.684,39.5484,-1.178
91840,296.183,295.684,39.5484,-1.178
91850,295.769,295.684,39.5484,-1.178
91860,295.769,295.684,111.415,-1.178
91870,295.769,295.684,58.9433,-1.178
91880,295.769,295.684,43.677,-1.178
91890,295.769,295.684,60.2907,-1.178
91900,295.769,295.684,123.618,-3.36303
91910,295.769,295.684,123.618,-3.36303
91920,295.963,295.701,19.4853,-1.178
91930,295.963,295.701,19.4853,-1.178
91940,296.175,295.701,19.4853,-1.178
91950,296.175,295.701,19.4853,-1.178
91960,296.175,295.805,2.37105,-1.178
91970,296.175,295.805,0.60728,-1.178
91980,296.175,295.805,52.1927,-1.178
91990,296.175,296.139,52.1927,-1.178
92000,296.175,296.139,86.6862,-1.178
92010,296.175,295.979,27.0579,-1.178
92020,296.175,295.803,27.0579,-1.178
92030,296.175,295.662,27.0579,-1.178
92040,295.709,295.662,10.9089,-1.178
92050,295.709,295.662,10.9089,-1.178
92060,295.513,295.258,10.9089,-1.178
92070,295.359,295.258,1.83792,-1.178
92080,295.359,295.258,1.83792,-1.178
92090,295.74,295.258,1.83792,-1.178
92100,295.606,295.258,35.9643,-1.178
92110,295.606,295.258,35.9643,-1.178
92120,295.606,295.258,49.2423,-1.178
92130,295.606,295.258,49.2423,-1.178
92140,295.606,295.258,49.2423,-1.178
92150,295.606,295.258,49.2423,-1.178
92160,295.606,295.258,49.2423,-1.178
92170,295.287,295.258,49.2423,-1.178
92180,295.287,295.258,28.1712,-1.178
92190,295.287,295.258,79.3815,-1.178
92200,295.287,295.258,79.3815,-1.178
92210,295.287,295.258,49.1347,-1.178
92220,295.287,295.178,49.1347,-1.178
92230,295.287,295.178,49.1347,-1.178
92240,295.293,294.947,49.1347,-1.178
92250,295.293,294.947,43.1038,-1.178
92260,295.293,294.947,43.1038,-1.178
92270,295.094,294.947,99.7702,-1.178
92280,295.094,295.055,99.7702,-1.178
92290,295.094,295.055,98.4847,-1.178
92300,295.094,295.055,98.4847,-1.178
92310,295.094,295.055,98.4847,-1.178
92320,295.094,294.923,88.6634,-1.178
92330,295.094,294.923,88.6634,-1.178
92340,295.094,294.923,31.3995,-1.178
92350,295.094,294.923,96.8869,-1.178
92360,295.094,295.059,96.8869,-1.178
92370,295.094,294.967,96.8869,-1.178
92380,295.094,294.967,96.8869,-1.178
92390,295.094,294.967,89.0188,-1.178
92400,295.094,294.967,89.0188,-1.178
92410,295.094,294.967,89.0188,-1.178
92420,295.094,294.967,25.8503,-1.178
92430,295.094,294.967,2.12712,-1.178
92440,295.967,294.967,2.12712,-3.36303
92450,295.967,295.455,2.12712,-1.178
92460,297.475,295.408,2.12712,-5.42989
92470,296.968,295.747,2.12712,-3.36303
92480,296.968,296.274,2.12712,-1.178
92490,296.607,296.274,2.12712,-1.178
92500,297.307,296.274,11.4364,-3.36303
92510,296.821,295.723,11.4364,-3.36303
92520,296.821,295.723,11.4364,-3.36303
92530,296.141,295.723,16.9863,-1.178
92540,297.496,295.723,16.9863,-5.42989
92550,297.496,295.613,94.7042,-7.49676
92560,298.353,297.715,104.696,-5.42989
92570,298.353,297.715,104.696,-5.42989
92580,297.81,297.715,104.696,-1.178
92590,297.81,297.715,104.696,-1.178
92600,297.81,297.715,104.696,-1.178
92610,297.81,297.715,104.696,-1.178
92620,297.81,297.715,100.162,-1.178
92630,297.886,297.715,31.2487,-1.178
92640,297.914,296.731,31.2487,-3.36303
92650,297.7,296.731,31.2487,-3.36303
92660,297.7,296.731,31.2487,-3.36303
92670,297.386,297.031,31.2487,-1.178
92680,297.386,296.965,31.2487,-1.178
92690,297.465,296.965,31.2487,-1.178
92700,297.465,296.965,31.2487,-1.178
92710,297.465,296.965,31.2487,-1.178
92720,297.465,296.965,31.2487,-1.178
92730,297.465,296.965,31.2487,-1.178
92740,297.666,296.965,52.1624,-3.36303
92750,298.448,296.965,52.1624,-5.42989
92760,297.555,296.965,52.1624,-3.36303
92770,297.555,296.965,10.5665,-1.178
92780,297.555,297.059,63.5585,-3.36303
92790,297.908,297.059,63.5585,-3.36303
92800,297.261,297.059,63.5585,-1.178
92810,297.261,297.059,63.5585,-1.178
92820,297.261,297.059,63.5585,-1.178
92830,297.261,297.059,73.1409,-1.178
92840,297.261,297.059,87.8294,-1.178
92850,297.261,296.816,8.89462,-1.178
92860,296.913,296.816,54.4531,-1.178
92870,296.913,296.816,54.4531,-1.178
92880,296.913,296.649,11.5256,-1.178
92890,296.913,296.649,48.1248,-1.178
92900,296.913,296.649,48.1248,-1.178
92910,297.884,296.649,48.1248,-5.42989
92920,297.884,296.649,48.1248,-5.42989
92930,296.786,296.435,48.1248,-1.178
92940,296.786,296.435,67.8666,-1.178
92950,296.786,296.62,67.8666,-1.178
92960,296.789,296.62,61.427,-1.178
92970,296.789,296.62,61.427,-1.178
92980,296.789,296.62,61.427,-1.178
92990,296.789,296.554,59.6606,-1.178
93000,296.789,296.554,7.16234,-1.178
93010,297.757,296.554,0.111976,-3.36303
93020,297.757,296.554,0.111976,-3.36303
93030,297.073,296.554,0.111976,-1.178
93040,296.592,296.432,0.111976,-1.178
93050,296.592,296.417,0.111976,-1.178
93060,296.592,295.183,54.415,-5.42989
93070,295.875,295.183,178.718,-7.49676
93080,295.875,295.341,13.3602,-1.178
93090,295.53,295.341,27.4734,-1.178
93100,295.573,295.341,27.4734,-1.178
93110,296.428,295.966,27.4734,-1.178
93120,296.428,296.085,27.4734,-1.178
93130,296.428,296.085,31.0282,-1.178
93140,296.428,296.085,31.0282,-1.178
93150,296.428,296.122,61.3712,-1.178
93160,296.428,296.122,61.3712,-1.178
93170,296.132,296.122,100.822,-1.178
93180,296.132,296.122,100.822,-1.178
93190,296.132,296.122,67.4373,-1.178
93200,296.132,295.73,17.1558,-1.178
93210,296.132,295.921,17.9505,-1.178
93220,296.132,295.921,5.96239,-1.178
93230,296.132,295.921,5.96239,-1.178
93240,296.132,295.626,5.96239,-1.178
93250,296.132,295.626,5.96239,-1.178
93260,296.132,296.066,5.96239,-1.178
93270,296.746,295.735,5.96239,-3.36303
93280,296.746,296.489,5.96239,-1.178
93290,296.612,296.489,5.96239,-1.178
93300,296.612,295.911,5.96239,-3.36303
93310,298.359,298.204,5.96239,-1.178
93320,298.359,298.204,5.96239,-1.178
93330,298.359,298.204,5.96239,-1.178
93340,298.253,298.204,101.473,-1.178
93350,298.253,298.204,45.3992,-1.178
93360,298.253,298.204,99.9189,-1.178
93370,298.253,298.204,99.9189,-1.178
93380,298.253,298.204,116.007,-1.178
93390,298.253,298.204,116.007,-1.178
93400,298.253,298.204,116.007,-1.178
93410,298.253,298.204,97.2985,-1.178
93420,298.253,298.204,71.4863,-1.178
93430,298.263,298.204,71.4863,-1.178
93440,298.263,298.204,71.4863,-1.178
93450,298.263,298.204,71.4863,-1.178
93460,298.263,298.204,8.64165,-1.178
93470,298.263,298.204,34.0123,-1.178
93480,298.263,298.204,21.7491,-1.178
93490,300.495,299.28,21.7491,-3.36303
93500,299.596,299.298,21.7491,-1.178
93510,299.54,299.298,21.7491,-1.178
93520,299.54,299.298,47.3681,-1.178
93530,299.54,299.298,59.044,-1.178
93540,299.54,299.298,57.7815,-1.178
93550,299.54,299.298,57.7815,-1.178
93560,299.54,299.298,57.7815,-1.178
93570,299.54,299.298,57.7815,-1.178
93580,299.54,299.436,57.7815,-1.178
93590,299.54,299.136,57.7815,-1.178
93600,299.54,299.136,57.7815,-1.178
93610,299.54,299.136,12.0637,-1.178
93620,299.54,299.2,12.0637,-1.178
93630,299.54,299.25,12.0637,-1.178
93640,299.58,299.25,36.762,-1.178
93650,299.58,299.127,36.762,-1.178
93660,299.58,299.127,36.762,-1.178
93670,299.58,299.127,36.762,-1.178
93680,299.58,299.127,36.762,-1.178
93690,299.58,299.127,36.762,-1.178
93700,299.58,299.127,10.5489,-1.178
93710,299.58,299.137,15.1591,-1.178
93720,299.58,299.137,15.1591,-1.178
93730,299.861,299.137,18.5737,-3.36303
93740,299.861,299.483,48.6549,-1.178
93750,299.861,299.483,48.6549,-1.178
93760,299.781,299.363,48.6549,-1.178
93770,299.781,299.363,48.6549,-1.178
93780,300.093,299.363,48.6549,-3.36303
93790,300.093,299.363,11.3184,-3.36303
93800,300.17,299.714,11.3184,-1.178
93810,300.17,299.714,11.3184,-1.178
93820,300.179,299.978,11.3184,-1.178
93830,300.175,300.156,11.3184,-1.178
93840,300.175,300.156,91.8403,-1.178
93850,300.175,300.156,92.0338,-1.178
93860,300.175,300.156,103.336,-1.178
93870,300.175,300.137,103.336,-1.178
93880,300.292,300.137,22.3119,-1.178
93890,299.922,299.658,22.3119,-1.178
93900,299.922,299.658,37.2376,-1.178
93910,299.917,299.602,37.2376,-1.178
93920,299.738,299.541,37.2376,-1.178
93930,300.001,299.541,37.2376,-1.178
93940,300.001,299.541,37.2376,-1.178
93950,300.001,299.541,32.442,-1.178
93960,300.001,299.541,32.442,-1.178
93970,299.732,299.541,32.442,-1.178
93980,299.732,299.541,92.9146,-1.178
93990,299.732,299.541,92.9146,-1.178
94000,299.732,299.541,92.9146,-1.178
94010,299.732,299.541,7.89909,-1.178
94020,299.838,299.541,20.9484,-1.178
94030,299.838,299.541,20.9484,-1.178
94040,299.838,299.541,56.2239,-1.178
94050,299.727,299.596,56.2239,-1.178
94060,299.727,299.596,63.757,-1.178
94070,299.727,299.596,41.1954,-1.178
94080,299.847,299.495,41.1954,-1.178
94090,299.701,299.495,74.832,-1.178
94100,299.701,299.411,74.832,-1.178
94110,299.701,299.411,61.5111,-1.178
94120,299.701,299.348,61.5111,-1.178
94130,299.701,299.348,61.5111,-1.178
94140,299.701,299.348,64.5613,-1.178
94150,299.701,299.348,64.5613,-1.178
94160,299.701,299.348,64.5613,-1.178
94170,299.701,299.348,64.5613,-1.178
94180,299.761,299.348,33.5422,-1.178
94190,300.509,299.38,33.5422,-3.36303
94200,300.509,299.38,33.5422,-3.36303
94210,299.391,299.38,33.5422,-1.178
94220,299.391,299.38,33.5422,-1.178
94230,299.746,299.38,33.5422,-1.178
94240,299.746,299.38,33.5422,-1.178
94250,299.746,299.38,33.5422,-1.178
94260,299.746,299.38,33.5422,-1.178
94270,299.746,299.38,33.5422,-1.178
94280,299.746,299.38,33.5422,-1.178
94290,299.746,299.38,33.5422,-1.178
94300,299.746,298.585,33.5422,-3.36303
94310,299.725,298.74,33.5422,-3.36303
94320,299.766,298.74,33.5422,-3.36303
94330,299.802,299.376,33.5422,-1.178
94340,299.802,299.376,33.5422,-1.178
94350,298.855,298.579,33.5422,-1.178
94360,298.855,298.579,14.3275,-1.178
94370,299.387,297.506,14.3275,-5.42989
94380,298.653,297.506,14.3275,-3.36303
94390,297.692,297.506,14.3275,-1.178
94400,297.692,297.506,14.3275,-1.178
94410,297.692,297.506,14.3275,-1.178
94420,297.692,297.506,14.3275,-1.178
94430,297.692,297.656,14.3275,-1.178
94440,297.692,297.656,118.776,-1.178
94450,297.692,297.656,118.776,-1.178
94460,297.692,297.656,118.776,-1.178
94470,297.741,297.656,104.801,-1.178
94480,297.741,297.656,1.92953,-1.178
94490,297.741,297.656,1.92953,-1.178
94500,297.741,297.656,1.92953,-1.178
94510,297.895,297.656,77.8617,-1.178
94520,297.895,297.656,77.8617,-1.178
94530,297.895,297.656,77.8617,-1.178
94540,297.895,297.656,5.64686,-1.178
94550,297.895,297.656,5.64686,-1.178
94560,297.895,297.656,5.64686,-1.178
94570,297.895,297.584,44.4631,-1.178
94580,297.895,297.584,44.4631,-1.178
94590,297.895,297.801,5.34115,-1.178
94600,297.908,297.565,5.34115,-1.178
94610,297.908,297.565,5.34115,-1.178
94620,297.889,297.503,5.34115,-1.178
94630,297.582,297.503,19.6839,-1.178
94640,298.164,297.503,19.6839,-3.36303
94650,297.814,297.503,19.6839,-1.178
94660,297.573,297.503,19.6839,-1.178
94670,297.573,297.419,19.6839,-1.178
94680,297.573,297.419,19.6839,-1.178
94690,297.573,297.485,19.6839,-1.178
94700,297.573,297.485,106.348,-1.178
94710,297.573,297.485,2.38783,-1.178
94720,297.573,296.731,8.76704,-3.36303
94730,296.556,295.572,8.76704,-3.36303
94740,296.339,294.87,8.76704,-3.36303
94750,295.148,294.87,8.76704,-1.178
94760,294.964,294.681,56.3869,-1.178
94770,294.843,294.681,56.3869,-1.178
94780,294.843,294.681,69.0244,-1.178
94790,294.813,294.681,73.2132,-1.178
94800,294.813,294.531,73.2132,-1.178
94810,295.772,294.531,5.78217,-3.36303
94820,295.772,293.168,5.78217,-5.42989
94830,295.611,293.168,0.0911819,-5.42989
94840,295.611,294.395,0.0911819,-3.36303
94850,295.768,295.45,61.3205,-1.178
94860,295.768,295.388,61.3205,-1.178
94870,295.833,295.388,75.0296,-3.36303
94880,295.833,295.147,75.0296,-3.36303
94890,295.833,295.147,50.7653,-3.36303
94900,295.833,295.501,39.277,-1.178
94910,295.833,295.501,44.4369,-1.178
94920,295.856,295.501,44.4369,-1.178
94930,295.856,295.501,44.4369,-1.178
94940,295.856,295.501,44.4369,-1.178
94950,295.856,295.501,44.4369,-1.178
94960,295.856,295.501,44.4369,-1.178
94970,295.856,295.501,44.4369,-1.178
94980,295.856,295.501,5.36791,-1.178
94990,295.856,295.242,5.36791,-1.178
95000,295.391,295.242,5.36791,-1.178
95010,295.391,295.242,5.36791,-1.178
95020,295.651,295.242,5.36791,-1.178
95030,295.651,295.242,5.36791,-1.178
95040,295.875,295.242,5.36791,-1.178
95050,295.247,295.242,57.785,-1.178
95060,295.247,295.242,67.6283,-1.178
95070,295.497,295.242,67.6283,-1.178
95080,295.497,295.242,52.7432,-1.178
95090,295.497,295.242,52.7432,-1.178
95100,295.497,295.242,52.7432,-1.178
95110,295.497,295.242,72.02,-1.178
95120,295.497,295.305,72.02,-1.178
95130,295.497,295.326,72.02,-1.178
95140,295.497,295.326,72.02,-1.178
95150,295.497,295.326,32.5825,-1.178
95160,295.497,295.326,92.2112,-1.178
95170,295.497,295.282,92.2112,-1.178
95180,295.432,295.282,80.5107,-1.178
95190,295.432,295.282,98.3502,-1.178
95200,295.432,295.233,98.3502,-1.178
95210,295.432,295.233,98.3502,-1.178
95220,295.432,295.233,46.008,-1.178
95230,295.409,295.233,46.008,-1.178
95240,295.409,295.233,46.008,-1.178
95250,295.652,295.233,46.008,-1.178
95260,295.652,295.233,46.008,-1.178
95270,295.652,295.631,46.008,-1.178
95280,295.652,295.631,46.008,-1.178
95290,295.706,295.631,46.008,-1.178
95300,296.623,295.631,51.9156,-3.36303
95310,296.322,295.631,51.9156,-3.36303
95320,296.322,296.053,51.9156,-1.178
95330,296.322,296.208,51.9156,-1.178
95340,296.322,296.208,51.9156,-1.178
95350,296.322,296.208,51.9156,-1.178
95360,296.26,296.208,51.9156,-1.178
95370,296.26,296.208,114.007,-1.178
95380,296.26,296.208,71.3807,-1.178
95390,296.26,296.208,89.6649,-1.178
95400,296.26,296.208,89.6649,-1.178
95410,296.26,296.208,89.6649,-1.178
95420,296.26,296.208,89.6649,-1.178
95430,296.26,296.208,41.0238,-1.178
95440,296.26,296.208,41.0238,-1.178
95450,296.26,296.208,68.1713,-1.178
95460,296.26,296.208,6.84771,-1.178
95470,296.26,295.851,6.84771,-1.178
95480,296.26,295.851,40.6638,-1.178
95490,296.26,295.851,40.6638,-1.178
95500,296.26,295.851,40.6638,-1.178
95510,296.143,296.026,40.6638,-1.178
95520,296.143,296.07,40.6638,-1.178
95530,296.212,296.07,40.6638,-1.178
95540,296.212,296.07,40.6638,-1.178
95550,296.212,296.07,40.6638,-1.178
95560,296.212,296.07,40.6638,-1.178
95570,296.212,296.07,86.0928,-1.178
95580,296.212,296.07,86.0928,-1.178
95590,296.081,296.001,40.1223,-1.178
95600,296.081,296.001,99.2386,-1.178
95610,296.081,295.923,99.2386,-1.178
95620,296.081,295.923,82.2658,-1.178
95630,296.081,295.978,82.2658,-1.178
95640,296.081,296.052,82.2658,-1.178
95650,296.208,296.052,82.2658,-1.178
95660,296.208,296.052,45.2065,-1.178
95670,296.208,296.052,54.9987,-1.178
95680,296.208,296.052,124.711,-5.42989
95690,296.208,296.052,89.8194,-1.178
95700,296.208,296.052,89.8194,-1.178
95710,296.208,296.052,89.8194,-1.178
95720,296.208,296.052,89.8194,-1.178
95730,296.208,296.052,37.9031,-1.178
95740,296.208,296.052,37.9031,-1.178
95750,296.208,296.052,37.9031,-1.178
95760,296.208,295.924,37.9031,-1.178
95770,296.208,295.539,37.9031,-3.36303
95780,296.973,295.539,37.9031,-5.42989
95790,296.973,296.697,37.9031,-1.178
95800,296.973,296.697,37.9031,-1.178
95810,296.973,296.697,37.9031,-1.178
95820,296.973,296.697,66.7702,-1.178
95830,296.973,296.697,48.9687,-1.178
95840,296.973,296.649,48.9687,-1.178
95850,296.973,296.649,48.9687,-1.178
95860,296.973,296.649,48.9687,-1.178
95870,296.973,296.649,48.9687,-1.178
95880,296.973,296.649,48.9687,-1.178
95890,296.745,296.63,48.9687,-1.178
95900,296.745,296.63,48.9687,-1.178
95910,296.845,296.63,48.9687,-1.178
95920,297.898,297.336,48.9687,-3.36303
95930,297.678,297.23,48.9687,-1.178
95940,297.678,297.23,48.9687,-1.178
95950,297.678,297.625,24.4164,-1.178
95960,297.678,297.625,31.3298,-1.178
95970,297.678,297.625,103.537,-1.178
95980,297.678,297.509,23.0285,-1.178
95990,297.678,297.509,23.0285,-1.178
96000,298.528,297.509,23.0285,-3.36303
96010,298.528,298.309,1.80785,-1.178
96020,298.528,298.309,1.80785,-1.178
96030,298.528,298.309,1.80785,-1.178
96040,298.528,298.296,77.8494,-1.178
96050,298.528,298.296,94.7439,-3.36303
96060,298.528,298.125,94.7439,-3.36303
96070,298.528,298.125,75.2568,-3.36303
96080,298.528,298.125,75.2568,-3.36303
96090,298.528,298.125,75.2568,-3.36303
96100,298.293,298.173,20.7155,-1.178
96110,298.293,298.173,20.7155,-1.178
96120,298.239,298.173,42.2508,-1.178
96130,298.239,298.173,42.2508,-1.178
96140,298.239,298.173,42.2508,-1.178
96150,298.239,297.943,42.2508,-1.178
96160,298.239,297.943,42.2508,-1.178
96170,298.239,297.943,42.2508,-1.178
96180,298.141,297.943,42.2508,-1.178
96190,298.375,298.122,42.2508,-1.178
96200,298.589,298.122,42.2508,-1.178
96210,298.589,298.122,42.2508,-1.178
96220,298.589,298.122,42.2508,-1.178
96230,298.589,298.122,42.2508,-1.178
96240,298.589,298.127,31.1929,-1.178
96250,299.127,298.127,31.1929,-3.36303
96260,299.754,298.127,31.1929,-5.42989
96270,299.15,298.127,31.1929,-3.36303
96280,298.208,297.473,6.32842,-3.36303
96290,298.208,297.473,6.32842,-3.36303
96300,298.11,297.473,6.32842,-1.178
96310,298.11,297.473,6.32842,-1.178
96320,298.11,297.788,6.32842,-1.178
96330,298.11,297.562,6.32842,-1.178
96340,298.11,297.562,6.32842,-1.178
96350,298.11,298.087,7.48903,-1.178
96360,298.11,298.087,21.4594,-1.178
96370,298.11,298.087,21.4594,-1.178
96380,298.11,297.526,21.4594,-1.178
96390,298.735,297.847,21.4594,-3.36303
96400,299.2,298.468,21.4594,-3.36303
96410,299.275,298.177,32.3808,-3.36303
96420,298.456,298.177,32.3808,-1.178
96430,298.456,298.177,32.3808,-1.178
96440,298.456,298.039,50.9193,-1.178
96450,298.456,298.039,50.9193,-1.178
96460,298.456,298.039,50.9193,-1.178
96470,298.456,298.431,50.9193,-1.178
96480,298.434,298.431,113.659,-1.178
96490,298.434,298.431,48.4617,-1.178
96500,298.434,298.431,48.4617,-1.178
96510,298.434,298.431,15.328,-1.178
96520,298.287,298.231,61.2216,-1.178
96530,298.287,298.231,64.7923,-1.178
96540,298.287,298.231,21.0798,-1.178
96550,298.01,297.83,32.9863,-1.178
96560,298.01,297.83,32.9863,-1.178
96570,298.01,297.83,96.5447,-1.178
96580,298.01,297.83,96.5447,-1.178
96590,298.01,297.83,96.5447,-1.178
96600,298.01,297.938,115.025,-1.178
96610,298.01,297.938,115.025,-1.178
96620,298.01,297.938,16.4421,-1.178
96630,298.342,297.938,16.4421,-1.178
96640,298.03,297.934,16.4421,-1.178
96650,298.03,297.788,16.4421,-1.178
96660,297.881,297.588,16.4421,-1.178
96670,297.75,297.588,16.4421,-1.178
96680,297.75,297.664,89.3119,-1.178
96690,297.75,297.664,89.3119,-1.178
96700,297.75,297.664,120.413,-1.178
96710,297.75,297.664,76.2076,-1.178
96720,297.75,297.664,44.3157,-1.178
96730,297.75,297.664,44.3157,-1.178
96740,297.997,297.708,56.9977,-1.178
96750,297.997,297.708,56.9977,-1.178
96760,297.997,297.708,48.3346,-1.178
96770,297.997,297.798,48.3346,-1.178
96780,297.997,297.384,48.3346,-3.36303
96790,297.73,297.384,11.0373,-1.178
96800,297.73,297.384,58.9104,-1.178
96810,297.73,297.384,58.9104,-1.178
96820,297.73,297.384,58.9104,-1.178
96830,297.73,297.384,47.6724,-1.178
96840,297.509,297.384,47.6724,-1.178
96850,297.509,297.384,47.6724,-1.178
96860,297.581,297.361,47.6724,-1.178
96870,297.779,297.361,47.6724,-1.178
96880,297.456,297.361,108.589,-1.178
96890,297.456,297.361,108.589,-1.178
96900,297.456,297.361,1.84615,-1.178
96910,297.456,297.361,57.8779,-1.178
96920,297.456,297.361,88.5507,-1.178
96930,297.456,297.361,88.5507,-1.178
96940,297.456,297.399,100.102,-1.178
96950,297.456,297.399,101.552,-1.178
96960,297.916,297.399,15.58,-1.178
96970,297.916,297.399,15.58,-1.178
96980,297.756,297.399,74.5314,-3.36303
96990,297.756,297.399,9.40225,-1.178
97000,297.756,297.399,9.40225,-1.178
97010,297.756,297.399,9.40225,-1.178
97020,297.756,297.399,109.884,-5.42989
97030,297.756,297.399,73.9387,-3.36303
97040,297.756,297.666,102.255,-1.178
97050,297.756,297.666,58.3811,-1.178
97060,297.756,297.666,45.4745,-1.178
97070,298.197,297.666,45.4745,-3.36303
97080,298.197,297.666,65.8227,-3.36303
97090,298.197,297.666,65.8227,-3.36303
97100,298.197,297.735,65.8227,-3.36303
97110,297.831,297.735,45.6342,-1.178
97120,298.039,297.735,45.6342,-1.178
97130,298.039,297.735,45.6342,-1.178
97140,298.039,297.735,45.6342,-1.178
97150,297.888,297.735,77.6913,-1.178
97160,297.888,297.735,8.7445,-1.178
97170,297.888,297.735,116.85,-3.36303
97180,298.042,297.735,116.85,-5.42989
97190,298.768,297.849,11.551,-3.36303
97200,298.768,298.687,21.4254,-1.178
97210,298.768,298.687,7.60143,-1.178
97220,298.768,298.687,22.6563,-1.178
97230,299.242,299.176,22.6563,-1.178
97240,299.242,299.176,85.5065,-1.178
97250,299.242,299.176,85.5065,-1.178
97260,299.242,299.176,85.5065,-1.178
97270,299.242,299.176,13.2888,-1.178
97280,299.242,298.83,13.2888,-1.178
97290,299.242,298.83,13.2888,-1.178
97300,299.242,298.83,13.2888,-1.178
97310,299.242,298.83,9.14942,-1.178
97320,299.242,299.097,9.14942,-1.178
97330,299.242,299.097,9.14942,-1.178
97340,299.242,299.097,83.7255,-1.178
97350,299.242,299.097,32.7775,-1.178
97360,299.325,299.097,32.7775,-1.178
97370,299.325,299.097,61.6378,-1.178
97380,299.325,299.097,61.6378,-1.178
97390,299.325,299.097,66.1248,-1.178
97400,299.325,299.097,12.8011,-1.178
97410,299.325,297.871,12.8011,-3.36303
97420,299.325,298.939,12.8011,-1.178
97430,299.117,298.799,12.8011,-1.178
97440,299.117,298.929,12.8011,-1.178
97450,299.117,298.929,12.8011,-1.178
97460,299.117,298.929,12.8011,-1.178
97470,299.117,298.929,12.8011,-1.178
97480,299.257,298.929,12.8011,-1.178
97490,299.084,298.929,12.8011,-1.178
97500,299.468,298.929,12.8011,-1.178
97510,299.468,299.465,22.3686,-1.178
97520,299.468,299.465,22.3686,-1.178
97530,299.468,299.465,115.037,-1.178
97540,299.468,299.361,115.037,-1.178
97550,299.468,299.361,105.223,-1.178
97560,299.468,299.361,105.223,-1.178
97570,299.384,299.361,105.223,-1.178
97580,299.384,299.361,105.223,-1.178
97590,299.384,299.361,90.2273,-1.178
97600,299.384,299.361,5.03226,-1.178
97610,299.384,299.361,5.03226,-1.178
97620,299.384,299.361,5.03226,-1.178
97630,299.384,298.71,5.03226,-1.178
97640,299.384,298.71,5.03226,-1.178
97650,299.384,299.223,19.7235,-1.178
97660,299.384,298.29,19.7235,-3.36303
97670,299.608,298.29,19.7235,-3.36303
97680,298.526,298.29,11.8833,-1.178
97690,298.278,297.93,63.2799,-1.178
97700,298.278,298.088,11.9226,-1.178
97710,298.257,298.088,43.6853,-1.178
97720,298.257,298.088,43.6853,-1.178
97730,298.257,297.919,43.6853,-1.178
97740,298.257,297.919,43.6853,-1.178
97750,298.257,297.919,43.6853,-1.178
97760,298.156,297.919,43.6853,-1.178
97770,298.156,297.919,43.6853,-1.178
97780,298.156,297.919,43.6853,-1.178
97790,298.156,297.919,43.6853,-1.178
97800,298.156,297.919,43.6853,-1.178
97810,298.156,297.919,43.6853,-1.178
97820,298.384,297.919,36.2564,-1.178
97830,298.384,297.919,36.2564,-1.178
97840,298.31,297.75,36.2564,-3.36303
97850,298.31,297.75,65.9927,-3.36303
97860,298.31,297.75,65.9927,-3.36303
97870,298.31,297.75,41.2896,-3.36303
97880,298.058,297.75,41.2896,-1.178
97890,298.058,297.75,41.2896,-1.178
97900,298.171,298.142,41.2896,-1.178
97910,298.368,298.142,41.2896,-1.178
97920,298.368,298.142,41.2896,-1.178
97930,298.368,298.142,41.2896,-1.178
97940,298.198,297.439,41.2896,-3.36303
97950,298.198,297.772,55.6456,-3.36303
97960,298.198,297.372,55.6456,-3.36303
97970,298.716,297.518,47.4285,-5.42989
97980,298.452,297.824,47.4285,-3.36303
97990,298.433,297.982,47.4285,-1.178
98000,298.803,297.982,52.3622,-3.36303
98010,298.803,297.982,52.3622,-3.36303
98020,298.803,298.773,52.3622,-1.178
98030,298.803,298.773,103.677,-1.178
98040,298.803,298.773,103.677,-1.178
98050,298.803,298.773,6.22066,-1.178
98060,298.803,298.773,71.8398,-1.178
98070,298.803,298.773,71.8398,-1.178
98080,298.895,298.773,71.8398,-1.178
98090,298.895,298.773,71.8398,-1.178
98100,298.895,298.773,71.8398,-1.178
98110,298.895,298.773,71.8398,-1.178
98120,298.895,298.773,71.8398,-1.178
98130,298.819,298.773,47.6566,-1.178
98140,298.819,298.773,75.4762,-1.178
98150,298.819,298.737,102.776,-1.178
98160,298.89,298.737,62.6205,-1.178
98170,298.89,298.737,62.6205,-1.178
98180,298.89,298.505,62.6205,-1.178
98190,298.89,298.565,17.6861,-1.178
98200,298.785,298.565,41.5878,-1.178
98210,298.785,298.565,41.5878,-1.178
98220,298.785,298.565,41.5878,-1.178
98230,298.785,298.565,41.5878,-1.178
98240,298.785,298.225,41.5878,-3.36303
98250,298.785,297.314,41.5878,-5.42989
98260,298.785,297.314,41.5878,-5.42989
98270,298.785,298.245,41.5878,-3.36303
98280,298.785,298.245,41.5878,-3.36303
98290,298.785,298.245,44.9855,-3.36303
98300,298.785,298.245,44.9855,-3.36303
98310,299.707,298.609,58.8832,-5.42989
98320,300.197,299.663,35.0815,-3.36303
98330,300.197,300.057,35.0815,-1.178
98340,300.197,300.057,35.0815,-1.178
98350,300.197,300.057,35.0815,-1.178
98360,300.197,299.723,35.0815,-1.178
98370,300.197,300.047,35.0815,-1.178
98380,300.363,300.047,35.0815,-1.178
98390,300.363,300.286,47.2209,-1.178
98400,300.363,300.286,47.2209,-1.178
98410,300.363,300.07,47.2209,-1.178
98420,300.363,300.07,48.658,-1.178
98430,300.363,300.07,48.658,-1.178
98440,300.329,300.07,48.658,-1.178
98450,300.329,300.07,24.4635,-1.178
98460,300.329,299.961,24.4635,-1.178
98470,300.067,299.913,24.4635,-1.178
98480,300.067,299.913,41.2909,-1.178
98490,300.067,299.913,29.3046,-1.178
98500,300.067,299.913,29.3046,-1.178
98510,300.067,299.913,91.7056,-1.178
98520,300.067,299.913,91.7056,-1.178
98530,300.067,299.913,91.7056,-1.178
98540,300.067,299.913,91.7056,-1.178
98550,300.067,299.855,91.7056,-1.178
98560,300.067,299.763,4.60869,-1.178
98570,300.067,299.763,4.60869,-1.178
98580,300.067,299.941,4.60869,-1.178
98590,300.067,299.614,42.0948,-1.178
98600,300.067,299.614,42.0948,-1.178
98610,300.196,299.614,57.0407,-3.36303
98620,299.684,299.614,109.692,-1.178
98630,299.684,299.614,109.692,-1.178
98640,299.684,299.614,109.692,-1.178
98650,299.684,299.564,109.692,-1.178
98660,299.684,299.564,109.692,-1.178
98670,299.684,299.564,121.229,-3.36303
98680,299.657,299.564,121.229,-3.36303
98690,299.657,299.564,121.229,-3.36303
98700,299.657,299.564,60.844,-1.178
98710,299.657,299.564,60.844,-1.178
98720,299.657,299.564,69.1037,-1.178
98730,300.559,299.564,80.8454,-5.42989
98740,300.683,300.21,80.8454,-3.36303
98750,300.683,300.132,80.8454,-3.36303
98760,300.506,300.502,78.3082,-1.178
98770,300.506,300.502,78.3082,-1.178
98780,300.506,300.502,135.697,-1.178
98790,300.506,300.502,32.5407,-1.178
98800,300.506,300.444,32.5407,-1.178
98810,300.506,300.444,25.2253,-1.178
98820,300.838,300.444,53.3806,-1.178
98830,300.838,300.444,36.6893,-1.178
98840,300.838,300.444,36.6893,-1.178
98850,300.838,300.444,35.6134,-1.178
98860,300.838,300.444,48.1748,-1.178
98870,300.478,300.444,7.14095,-1.178
98880,300.902,300.444,42.3411,-1.178
98890,300.902,300.444,46.5916,-1.178
98900,300.519,300.444,46.5916,-1.178
98910,300.519,300.286,46.5916,-1.178
98920,300.519,300.286,92.2714,-1.178
98930,300.519,300.286,83.7482,-1.178
98940,300.519,300.286,18.2647,-1.178
98950,300.86,300.286,22.5544,-1.178
98960,300.593,300.286,22.5544,-1.178
98970,300.593,300.286,22.5544,-1.178
98980,300.593,300.401,68.1207,-1.178
98990,300.593,300.401,68.1207,-1.178
99000,300.593,300.401,84.5021,-1.178
99010,300.593,300.401,32.9018,-1.178
99020,301.203,300.401,32.9018,-3.36303
99030,301.203,299.492,32.9018,-5.42989
99040,299.563,299.492,32.9018,-1.178
99050,299.563,299.443,32.9018,-1.178
99060,299.563,299.443,32.9018,-1.178
99070,299.563,299.443,32.9018,-1.178
99080,299.563,299.381,32.9018,-1.178
99090,299.229,298.746,32.9018,-1.178
99100,299.229,299.049,42.4791,-1.178
99110,299.229,299.081,42.4791,-1.178
99120,299.229,299.081,28.0682,-1.178
99130,299.307,299.081,54.3805,-1.178
99140,299.307,299.081,54.3805,-1.178
99150,299.174,299.081,54.3805,-1.178
99160,299.174,299.081,96.4613,-1.178
99170,299.174,299.046,55.4499,-1.178
99180,299.174,299.046,55.4499,-1.178
99190,299.174,299.046,17.3509,-1.178
99200,299.174,299.046,17.3509,-1.178
99210,299.174,299.046,17.3509,-1.178
99220,299.174,299.046,17.3509,-1.178
99230,299.174,298.758,17.3509,-1.178
99240,299.174,298.758,17.3509,-1.178
99250,299.174,298.758,17.3509,-1.178
99260,299.174,299.035,36.9539,-1.178
99270,299.174,299.035,36.9539,-1.178
99280,299.223,299.035,36.9539,-1.178
99290,299.223,299.035,36.9539,-1.178
99300,299.223,299.035,36.9539,-1.178
99310,299.511,299.035,36.9539,-1.178
99320,299.511,299.314,36.9539,-1.178
99330,299.877,298.371,4.97357,-3.36303
99340,299.588,299.335,4.97357,-1.178
99350,299.588,299.335,4.97357,-1.178
99360,299.588,299.335,4.97357,-1.178
99370,299.588,299.266,56.2576,-1.178
99380,299.588,299.266,56.2576,-1.178
99390,299.462,299.266,50.8204,-1.178
99400,299.248,299.077,50.8204,-1.178
99410,299.248,299.077,50.8204,-1.178
99420,299.248,299.172,13.6462,-1.178
99430,299.395,299.172,13.6462,-1.178
99440,299.395,298.976,13.6462,-1.178
99450,299.428,298.976,26.5929,-1.178
99460,299.186,298.976,26.5929,-1.178
99470,299.186,298.976,26.5929,-1.178
99480,299.186,298.976,26.5929,-1.178
99490,299.186,298.623,26.5929,-1.178
99500,299.186,298.623,26.5929,-1.178
99510,299.129,298.623,26.5929,-1.178
99520,299.129,298.623,26.5929,-1.178
99530,299.017,298.623,26.5929,-1.178
99540,299.017,298.813,26.5929,-1.178
99550,299.017,298.813,26.5929,-1.178
99560,298.846,298.813,84.2745,-1.178
99570,298.846,298.813,84.2745,-1.178
99580,298.846,298.813,103.446,-1.178
99590,298.846,298.813,103.446,-1.178
99600,298.846,298.686,31.3287,-1.178
99610,298.814,298.736,42.2985,-1.178
99620,298.814,298.736,73.4929,-1.178
99630,298.814,298.736,73.4929,-1.178
99640,298.814,298.736,73.4929,-1.178
99650,298.814,298.736,73.4929,-1.178
99660,298.884,298.664,73.4929,-1.178
99670,298.884,298.88,87.2668,-1.178
99680,298.884,298.88,104.405,-1.178
99690,298.884,298.884,26.189,-1.178
99700,298.884,298.884,26.189,-1.178
99710,298.884,298.812,26.189,-1.178
99720,298.884,298.812,117.329,-1.178
99730,298.884,298.812,117.329,-1.178
99740,298.884,298.812,24.0496,-1.178
99750,298.884,298.746,60.7003,-1.178
99760,298.884,298.746,60.7003,-1.178
99770,298.114,298.032,92.1305,-1.178
99780,298.114,297.632,42.0102,-1.178
99790,298.114,297.632,13.3912,-1.178
99800,297.668,297.632,13.3912,-1.178
99810,297.824,297.152,58.2456,-3.36303
99820,297.798,297.152,58.2456,-3.36303
99830,297.798,297.129,3.09098,-1.178
99840,297.67,297.129,3.09098,-1.178
99850,297.322,297.129,3.09098,-1.178
99860,297.543,297.146,3.09098,-1.178
99870,297.731,297.146,3.09098,-1.178
99880,297.731,297.146,3.09098,-1.178
99890,297.345,296.794,3.09098,-1.178
99900,297.345,296.794,3.09098,-1.178
99910,297.345,296.794,3.09098,-1.178
99920,297.345,297.169,18.326,-1.178
99930,297.579,297.169,6.43896,-1.178
99940,297.579,297.169,6.43896,-1.178
99950,297.065,296.804,6.43896,-1.178
99960,297.065,297.028,129.391,-1.178
99970,297.065,297.028,129.391,-1.178
99980,297.065,297.028,16.5903,-1.178
99990,297.47,295.798,16.5903,-5.42989
100000,297.505,295.798,16.5903,-5.42989
100010,297.505,295.798,16.5903,-5.42989
100020,297.505,297.307,16.5903,-1.178
100030,297.505,297.307,81.1237,-1.178
100040,297.505,297.307,81.1237,-1.178
100050,297.505,297.307,73.3509,-1.178
100060,297.506,297.389,27.1832,-1.178
100070,297.506,296.372,18.2107,-3.36303
100080,297.506,296.372,18.2107,-3.36303
100090,296.835,296.372,18.2107,-1.178
100100,297.311,297.228,18.2107,-1.178
100110,297.311,297.228,3.22131,-1.178
100120,297.311,297.109,53.2456,-1.178
100130,297.44,297.197,53.2456,-1.178
100140,297.44,297.152,53.2456,-1.178
100150,297.44,297.152,53.2456,-1.178
100160,297.44,297.152,53.2456,-1.178
100170,297.44,297.152,53.2456,-1.178
100180,297.44,297.152,53.2456,-1.178
100190,297.44,297.152,53.2456,-1.178
100200,297.44,297.152,53.2456,-1.178
100210,297.367,297.152,66.5299,-1.178
100220,297.367,297.152,66.5299,-1.178
100230,297.367,297.152,10.5271,-1.178
100240,297.813,297.152,10.5271,-3.36303
100250,298.013,297.152,10.5271,-3.36303
100260,298.013,297.378,10.5271,-1.178
100270,297.645,297.378,10.5271,-1.178
100280,297.645,297.378,10.5271,-1.178
100290,297.645,296.721,10.5271,-3.36303
100300,297.645,295.5,10.5271,-5.42989
100310,295.641,295.5,10.5271,-1.178
100320,295.089,295.071,10.5271,-1.178
100330,295.089,295.071,10.5271,-1.178
100340,295.089,294.981,10.5271,-1.178
100350,295.281,294.875,32.9612,-1.178
100360,295.281,294.495,11.3883,-3.36303
100370,295.131,294.343,11.3883,-3.36303
100380,294.811,294.343,11.3883,-1.178
100390,294.811,294.343,11.3883,-1.178
100400,294.811,294.343,11.3883,-1.178
100410,294.811,294.379,11.3883,-1.178
100420,294.572,294.379,11.3883,-1.178
100430,294.401,294.379,11.3883,-1.178
100440,294.803,294.379,11.3883,-1.178
100450,294.803,294.248,11.3883,-1.178
100460,294.803,294.248,11.3883,-1.178
100470,294.666,294.248,42.3888,-1.178
100480,294.666,294.248,42.3888,-1.178
100490,295.077,294.248,42.3888,-3.36303
100500,295.052,294.248,36.3038,-3.36303
100510,295.359,294.27,36.3038,-3.36303
100520,295.108,294.27,36.3038,-3.36303
100530,294.734,294.27,27.1619,-1.178
100540,295.011,293.195,10.2425,-5.42989
100550,294.325,292.238,10.2425,-5.42989
100560,294.325,294.202,10.2425,-1.178
100570,294.325,293.929,96.9444,-3.36303
100580,294.325,294.061,96.9444,-3.36303
100590,294.455,294.061,96.9444,-3.36303
100600,294.455,294.061,96.9444,-3.36303
100610,294.425,294.061,96.9444,-3.36303
100620,294.506,294.061,12.4029,-1.178
100630,294.079,294.061,12.4029,-1.178
100640,294.653,294.061,12.4029,-1.178
100650,294.653,294.509,12.4029,-1.178
100660,294.738,294.509,2.0713,-1.178
100670,294.738,293.148,2.0713,-3.36303
100680,294.55,293.148,2.0713,-3.36303
100690,295.153,293.148,2.0713,-5.42989
100700,295.153,293.924,2.0713,-3.36303
100710,295.106,294.675,49.8007,-1.178
100720,295.106,294.675,49.8007,-1.178
100730,295.106,294.855,49.8007,-1.178
100740,295.106,295.022,62.6091,-1.178
100750,295.106,295.022,62.6091,-1.178
100760,295.106,295.022,67.1968,-1.178
100770,295.106,295.022,67.1968,-1.178
100780,295.106,295.022,41.9412,-1.178
100790,295.458,295.022,41.9412,-1.178
100800,295.499,295.022,41.9412,-1.178
100810,295.499,295.022,41.9412,-1.178
100820,295.499,294.947,41.9412,-3.36303
100830,295.178,294.468,75.732,-3.36303
100840,295.178,294.468,75.732,-3.36303
100850,295,294.468,43.7412,-3.36303
100860,295.442,294.468,43.7412,-3.36303
100870,295.442,294.629,43.7412,-3.36303
100880,294.943,294.312,43.7412,-3.36303
100890,294.943,294.312,60.5568,-3.36303
100900,294.943,294.312,75.9891,-3.36303
100910,294.943,293.733,34.385,-3.36303
100920,294.766,293.747,34.385,-3.36303
100930,294.766,294.422,34.385,-1.178
100940,295.343,294.422,34.385,-3.36303
100950,295.684,294.404,34.385,-5.42989
100960,296.365,294.404,112.449,-7.49676
100970,296.452,296.195,112.449,-3.36303
100980,296.452,296.195,97.5483,-3.36303
100990,296.452,296.381,97.5483,-1.178
101000,296.452,296.381,97.5483,-1.178
101010,296.452,296.381,122.737,-1.178
101020,296.452,296.381,122.737,-1.178
101030,296.452,296.381,122.737,-1.178
101040,296.452,296.381,77.3411,-1.178
101050,296.452,296.381,107.066,-1.178
101060,296.455,296.381,115.935,-1.178
101070,296.47,296.381,115.935,-1.178
101080,296.412,296.381,29.4209,-1.178
101090,296.499,296.228,40.8098,-1.178
101100,296.257,296.228,40.8098,-1.178
101110,296.257,296.092,40.8098,-1.178
101120,296.257,296.092,91.1287,-1.178
101130,296.257,296.092,88.6285,-1.178
101140,296.257,296.092,88.6285,-1.178
101150,296.257,296.092,88.6285,-1.178
101160,296.257,296.092,88.6285,-1.178
101170,296.257,296.092,70.1974,-1.178
101180,296.199,296.092,70.1974,-1.178
101190,296.174,296.092,70.1974,-1.178
101200,296.174,296.166,70.1974,-1.178
101210,296.174,296.166,41.6586,-1.178
101220,296.174,296.166,82.9477,-1.178
101230,296.216,295.953,52.4838,-1.178
101240,296.216,295.953,52.4838,-1.178
101250,296.216,295.953,52.4838,-1.178
101260,296.216,295.948,48.702,-1.178
101270,296.605,296.602,48.702,-1.178
101280,296.763,296.602,17.7889,-1.178
101290,296.763,296.602,17.0082,-1.178
101300,297.91,296.869,17.0082,-3.36303
101310,297.94,297.023,19.9563,-3.36303
101320,297.94,297.023,19.9563,-3.36303
101330,297.94,297.455,60.9204,-3.36303
101340,297.557,297.455,59.7223,-1.178
101350,297.557,297.455,66.4716,-1.178
101360,297.557,297.455,91.5237,-1.178
101370,297.557,297.455,91.5237,-1.178
101380,297.557,297.455,108.207,-1.178
101390,297.557,297.455,108.207,-1.178
101400,297.557,297.52,108.207,-1.178
101410,297.557,297.52,64.9561,-1.178
101420,297.557,297.52,64.9561,-1.178
101430,297.557,297.52,5.12052,-1.178
101440,297.557,297.52,5.12052,-1.178
101450,298.164,297.108,5.12052,-3.36303
101460,298.164,297.069,5.12052,-3.36303
101470,297.498,297.069,5.12052,-1.178
101480,297.498,297.069,23.6347,-1.178
101490,297.381,297.069,23.6347,-1.178
101500,297.121,297.069,23.6347,-1.178
101510,297.121,297.069,23.6347,-1.178
101520,297.121,297.069,65.1645,-1.178
101530,297.361,297.069,25.9167,-1.178
101540,297.165,297.069,25.9167,-1.178
101550,297.165,296.848,44.6846,-1.178
101560,297.165,296.848,66.0451,-1.178
101570,297.165,296.938,31.6976,-1.178
101580,297.146,296.892,31.6976,-1.178
101590,296.963,296.892,31.6976,-1.178
101600,296.963,296.892,31.6976,-1.178
101610,296.963,296.892,10.5333,-1.178
101620,297.182,296.892,10.5333,-1.178
101630,297.182,296.892,71.9987,-1.178
101640,297.132,296.892,71.9987,-1.178
101650,297.132,296.733,1.41233,-1.178
101660,297.28,296.733,14.8225,-1.178
101670,297.28,296.733,5.75442,-1.178
101680,297.28,296.733,5.75442,-1.178
101690,296.862,296.733,5.75442,-1.178
101700,296.862,296.733,46.5752,-1.178
101710,296.862,296.733,22.9454,-1.178
101720,296.862,296.733,22.9454,-1.178
101730,296.862,296.733,34.6477,-1.178
101740,297.036,296.733,34.6477,-1.178
101750,297.036,296.733,34.6477,-1.178
101760,297.036,296.69,34.6477,-1.178
101770,297.036,296.69,37.0427,-1.178
101780,297.036,296.69,37.0427,-1.178
101790,297.036,296.69,37.0427,-1.178
101800,297.036,296.69,37.0427,-1.178
101810,297.036,296.69,94.2461,-3.36303
101820,297.036,296.69,94.2461,-3.36303
101830,297.036,296.69,94.2461,-3.36303
101840,297.036,296.69,29.2693,-1.178
101850,297.036,296.618,29.2693,-1.178
101860,296.923,296.618,22.9935,-1.178
101870,297.109,296.618,22.9935,-1.178
101880,297.109,296.618,36.0832,-1.178
101890,297.109,296.618,36.0832,-1.178
101900,296.877,296.618,36.0832,-1.178
101910,296.877,296.618,30.8378,-1.178
101920,296.877,296.618,30.8378,-1.178
101930,296.877,296.618,30.8378,-1.178
101940,296.877,296.618,30.8378,-1.178
101950,296.877,296.618,30.8378,-1.178
101960,296.877,296.618,29.0974,-1.178
101970,297.137,296.618,29.0974,-1.178
101980,297.137,296.618,29.0974,-1.178
101990,297.137,296.924,94.8412,-1.178
102000,297.137,296.924,94.8412,-1.178
102010,297.137,296.921,94.8412,-1.178
102020,297.137,296.921,94.8412,-1.178
102030,297.137,296.921,45.3482,-1.178
102040,297.137,296.92,11.1492,-1.178
102050,297.137,296.92,36.6423,-1.178
102060,297.137,296.92,36.6423,-1.178
102070,297.383,296.92,36.6423,-1.178
102080,297.383,296.92,10.6301,-1.178
102090,297.383,297.016,10.6301,-1.178
102100,297.383,297.016,10.6301,-1.178
102110,297.383,296.879,10.6301,-1.178
102120,298.698,297.278,10.6301,-3.36303
102130,298.698,298.357,10.6301,-1.178
102140,298.698,297.496,25.1934,-3.36303
102150,297.785,297.508,82.6311,-1.178
102160,297.785,297.508,82.6311,-1.178
102170,297.785,297.508,82.6311,-1.178
102180,297.667,297.508,82.6311,-1.178
102190,297.667,297.508,82.6311,-1.178
102200,297.667,297.508,12.3592,-1.178
102210,297.564,297.508,12.3592,-1.178
102220,297.564,297.508,82.1578,-1.178
102230,297.564,297.508,67.1549,-1.178
102240,297.564,297.508,67.1549,-1.178
102250,297.564,297.508,100.063,-1.178
102260,297.564,297.508,100.063,-1.178
102270,297.578,297.508,100.063,-1.178
102280,297.578,297.508,100.063,-1.178
102290,297.578,297.508,100.063,-1.178
102300,297.578,297.518,100.063,-1.178
102310,297.578,297.518,69.896,-1.178
102320,297.578,297.494,69.896,-1.178
102330,297.578,297.494,101.052,-1.178
102340,297.578,297.494,101.052,-1.178
102350,297.578,297.494,22.7407,-1.178
102360,297.578,297.494,22.7407,-1.178
102370,297.578,297.494,22.7407,-1.178
102380,297.578,297.494,115.81,-1.178
102390,297.545,297.494,49.4293,-1.178
102400,297.545,297.494,49.4293,-1.178
102410,297.545,297.494,85.0256,-1.178
102420,297.521,297.494,85.0256,-1.178
102430,297.521,297.494,85.0256,-1.178
102440,297.521,297.494,85.0256,-1.178
102450,297.521,296.986,85.0256,-3.36303
102460,297.521,297.036,51.7928,-3.36303
102470,297.521,297.036,1.68178,-1.178
102480,298.305,295.781,1.68178,-5.42989
102490,297.255,295.99,63.9618,-5.42989
102500,298.364,295.923,104.003,-7.49676
102510,298.295,295.923,76.2489,-7.49676
102520,298.295,297.116,28.7695,-3.36303
102530,297.769,296.429,12.9842,-3.36303
102540,297.769,296.429,12.9842,-3.36303
102550,297.769,296.429,12.9842,-3.36303
102560,297.769,296.586,12.9842,-3.36303
102570,296.948,296.595,13.436,-1.178
102580,297.646,296.595,13.436,-3.36303
102590,296.577,296.214,5.13053,-1.178
102600,296.577,296.214,38.6923,-1.178
102610,296.577,296.481,38.6923,-1.178
102620,296.577,296.481,38.6923,-1.178
102630,296.577,296.481,38.6923,-1.178
102640,296.577,296.481,38.6923,-1.178
102650,296.577,296.481,38.6923,-1.178
102660,296.577,296.481,48.2009,-1.178
102670,296.577,296.195,48.2009,-1.178
102680,296.577,296.195,48.2009,-1.178
102690,296.577,296.195,48.2009,-1.178
102700,296.577,296.012,64.5505,-3.36303
102710,296.577,296.012,64.5505,-3.36303
102720,296.093,296.012,64.5505,-1.178
102730,296.093,296.012,82.2873,-1.178
102740,296.242,296.012,82.2873,-1.178
102750,296.242,296.012,82.2873,-1.178
102760,296.242,296.012,82.2873,-1.178
102770,296.242,296.012,82.2873,-1.178
102780,296.242,296.012,82.2873,-1.178
102790,296.242,295.619,82.2873,-3.36303
102800,295.963,295.619,82.2873,-3.36303
102810,295.963,295.856,49.6734,-1.178
102820,295.963,295.856,69.4336,-1.178
102830,296.204,295.856,69.4336,-1.178
102840,296.204,295.856,69.4336,-1.178
102850,296.204,295.856,69.4336,-1.178
102860,296.204,295.856,69.4336,-1.178
102870,296.204,296.065,69.3747,-1.178
102880,296.204,296.065,17.872,-1.178
102890,296.13,296.065,70.0232,-1.178
102900,296.13,296.065,70.0232,-1.178
102910,296.13,296.065,70.0232,-1.178
102920,296.13,295.671,70.0232,-3.36303
102930,296.13,296.078,70.0232,-1.178
102940,296.279,296.078,40.3333,-1.178
102950,296.279,296.078,5.4944,-1.178
102960,296.532,296.078,5.4944,-1.178
102970,296.532,296.078,5.4944,-1.178
102980,296.532,296.078,23.6004,-1.178
102990,296.532,296.078,23.6004,-1.178
103000,296.532,296.078,23.6004,-1.178
103010,296.876,296.355,23.6004,-1.178
103020,296.647,296.355,23.6004,-1.178
103030,296.647,296.355,23.6004,-1.178
103040,297.48,296.355,28.4724,-3.36303
103050,297.197,296.355,65.7328,-3.36303
103060,297.061,296.379,65.7328,-3.36303
103070,296.848,296.517,65.7328,-1.178
103080,296.671,296.517,65.7328,-1.178
103090,296.671,296.517,65.7328,-1.178
103100,296.629,296.575,65.7328,-1.178
103110,296.772,296.575,65.7328,-1.178
103120,296.772,296.575,8.48919,-1.178
103130,297.106,296.733,8.48919,-1.178
103140,296.408,296.332,8.48919,-1.178
103150,296.408,296.332,8.48919,-1.178
103160,296.408,296.332,8.48919,-1.178
103170,296.408,296.332,65.031,-1.178
103180,296.408,296.114,65.031,-1.178
103190,296.408,296.114,65.031,-1.178
103200,296.408,296.114,47.2063,-1.178
103210,296.549,296.114,47.2063,-1.178
103220,296.549,296.114,47.2063,-1.178
103230,296.549,295.637,47.2063,-3.36303
103240,295.925,295.637,47.2063,-1.178
103250,295.925,295.21,47.2063,-3.36303
103260,295.925,295.814,47.2063,-1.178
103270,295.925,295.814,16.6636,-1.178
103280,295.925,295.814,27.5986,-1.178
103290,295.925,295.814,24.6678,-1.178
103300,296.113,295.814,24.6678,-1.178
103310,295.984,295.814,24.6678,-1.178
103320,295.984,295.334,23.0152,-3.36303
103330,295.984,295.551,38.0627,-1.178
103340,295.984,295.551,46.583,-1.178
103350,295.635,295.551,46.583,-1.178
103360,295.635,295.551,50.1927,-1.178
103370,295.651,295.441,77.0999,-1.178
103380,295.936,295.55,36.4376,-1.178
103390,295.697,295.55,36.4376,-1.178
103400,295.715,295.55,36.4376,-1.178
103410,295.715,295.55,6.63788,-1.178
103420,295.715,295.55,56.2874,-1.178
103430,295.715,295.55,103.282,-1.178
103440,295.715,295.638,103.282,-1.178
103450,295.715,295.638,103.282,-1.178
103460,295.715,295.638,21.4272,-1.178
103470,295.715,295.235,21.4272,-1.178
103480,295.715,295.264,21.4272,-1.178
103490,296.33,295.264,21.4272,-3.36303
103500,296.025,295.83,21.4272,-1.178
103510,296.344,295.83,21.4272,-1.178
103520,296.147,295.547,21.4272,-1.178
103530,296.147,296.029,21.4272,-1.178
103540,296.318,296.029,21.4272,-1.178
103550,296.318,296.029,21.4272,-1.178
103560,296.312,295.985,21.4272,-1.178
103570,296.312,295.104,21.4272,-3.36303
103580,296.312,295.104,21.4272,-3.36303
103590,296.312,295.063,21.4272,-3.36303
103600,296.358,295.063,21.4272,-3.36303
103610,295.259,295.063,21.4272,-1.178
103620,295.259,295.063,21.4272,-1.178
103630,295.259,295.063,21.4272,-1.178
103640,296.123,295.688,21.4272,-1.178
103650,295.712,295.688,101.327,-1.178
103660,295.712,295.688,91.7792,-1.178
103670,295.715,295.688,106.014,-1.178
103680,295.715,295.688,106.014,-1.178
103690,295.715,295.688,20.6152,-1.178
103700,296.176,295.697,32.4374,-1.178
103710,296.176,295.697,8.63689,-1.178
103720,296.027,295.697,8.63689,-1.178
103730,296.027,295.697,8.63689,-1.178
103740,296.027,295.697,8.63689,-1.178
103750,296.277,295.697,8.63689,-1.178
103760,296.277,295.697,8.63689,-1.178
103770,296.277,295.635,8.63689,-1.178
103780,296.277,295.635,66.0633,-3.36303
103790,296.277,295.84,3.44684,-1.178
103800,296.159,295.84,3.44684,-1.178
103810,296.28,295.906,3.44684,-1.178
103820,296.28,296.043,3.44684,-1.178
103830,296.28,295.795,3.44684,-1.178
103840,296.481,295.795,3.44684,-1.178
103850,297.307,295.795,3.44684,-3.36303
103860,297.09,296.512,3.44684,-1.178
103870,297.09,296.512,3.44684,-1.178
103880,296.964,296.512,45.3781,-1.178
103890,296.964,296.512,45.3781,-1.178
103900,296.964,296.512,41.0688,-1.178
103910,296.915,296.669,41.0688,-1.178
103920,296.915,296.669,23.6235,-1.178
103930,296.915,296.669,41.1008,-1.178
103940,296.915,296.669,41.1008,-1.178
103950,296.915,296.669,72.1944,-1.178
103960,296.915,296.611,53.3667,-1.178
103970,296.915,296.676,53.3667,-1.178
103980,296.997,296.676,53.3667,-1.178
103990,296.997,296.561,30.651,-1.178
104000,296.991,296.769,30.651,-1.178
104010,296.974,296.769,79.9994,-1.178
104020,296.833,296.769,79.9994,-1.178
104030,296.833,296.769,79.9994,-1.178
104040,296.833,296.731,79.9994,-1.178
104050,296.833,296.731,79.9994,-1.178
104060,296.806,296.731,51.881,-1.178
104070,297.009,296.731,51.881,-1.178
104080,297.009,296.731,27.4745,-1.178
104090,297.009,296.731,27.4745,-1.178
104100,297.009,296.731,27.4745,-1.178
104110,296.938,296.731,27.4745,-1.178
104120,296.921,296.731,27.4745,-1.178
104130,297.101,296.731,19.63,-1.178
104140,297.092,296.731,19.63,-1.178
104150,296.855,296.731,3.11074,-1.178
104160,297.382,296.985,3.11074,-1.178
104170,297.503,296.985,3.11074,-1.178
104180,297.503,297.071,3.11074,-1.178
104190,297.503,297.071,32.1871,-1.178
104200,298.269,297.757,32.1871,-1.178
104210,298.407,297.757,32.1871,-3.36303
104220,298.336,297.757,17.5712,-1.178
104230,298.336,297.757,17.5712,-1.178
104240,298.17,297.757,1.8266,-1.178
104250,298.17,297.872,1.8266,-1.178
104260,298.17,297.669,1.8266,-1.178
104270,297.808,297.669,1.8266,-1.178
104280,297.782,297.669,28.4905,-1.178
104290,297.782,297.669,62.7381,-1.178
104300,297.782,297.669,62.7381,-1.178
104310,297.964,297.669,75.5846,-1.178
104320,297.964,297.669,75.5846,-1.178
104330,297.964,297.669,75.5846,-1.178
104340,297.964,297.669,75.5846,-1.178
104350,297.964,297.958,75.5846,-1.178
104360,297.976,297.958,85.3616,-1.178
104370,298.337,297.958,84.2476,-3.36303
104380,298.337,298.143,84.2476,-1.178
104390,298.337,298.232,84.2476,-1.178
104400,298.501,298.232,84.2476,-1.178
104410,298.501,298.232,84.2476,-1.178
104420,298.548,298.232,64.167,-1.178
104430,298.284,298.232,24.1494,-1.178
104440,298.075,298.011,38.858,-1.178
104450,298.075,298.011,38.858,-1.178
104460,298.075,297.652,38.858,-1.178
104470,298.075,297.652,38.858,-1.178
104480,298.426,297.652,38.858,-3.36303
104490,298.728,297.513,38.858,-5.42989
104500,298.509,297.513,76.3348,-5.42989
104510,298.341,297.513,91.6728,-5.42989
104520,299.27,299.002,3.68561,-1.178
104530,299.397,299.002,3.68561,-1.178
104540,299.397,298.823,3.68561,-1.178
104550,299.397,298.823,3.68561,-1.178
104560,299.397,298.823,18.1514,-1.178
104570,299.397,298.823,18.1514,-1.178
104580,299.397,298.823,18.1514,-1.178
104590,300.742,298.823,18.1514,-5.42989
104600,299.225,299.212,18.1514,-1.178
104610,299.82,299.212,11.2589,-1.178
104620,299.82,299.212,11.2589,-1.178
104630,299.571,299.365,11.2589,-1.178
104640,299.571,299.365,11.2589,-1.178
104650,299.571,299.365,11.2589,-1.178
104660,299.571,299.365,11.2589,-1.178
104670,299.571,298.727,11.2589,-3.36303
104680,298.851,297.607,11.2589,-3.36303
104690,297.948,297.607,11.2589,-1.178
104700,297.827,297.607,11.2589,-1.178
104710,297.827,297.607,11.2589,-1.178
104720,297.827,297.265,11.2589,-1.178
104730,297.827,297.449,11.2589,-1.178
104740,297.827,297.449,11.2589,-1.178
104750,297.827,297.269,11.2589,-1.178
104760,297.827,297.269,11.2589,-1.178
104770,297.507,297.283,11.2589,-1.178
104780,297.954,297.283,44.63,-3.36303
104790,297.811,297.283,71.1883,-3.36303
104800,297.811,297.283,73.2626,-3.36303
104810,297.811,297.118,73.2626,-3.36303
104820,297.546,296.914,73.2626,-3.36303
104830,297.546,296.914,73.2626,-3.36303
104840,297.546,297.195,69.6767,-1.178
104850,297.355,297.195,69.2844,-1.178
104860,297.355,297.083,69.2844,-1.178
104870,297.355,297.083,69.2844,-1.178
104880,297.355,297.214,83.2672,-1.178
104890,297.355,297.214,83.2672,-1.178
104900,297.355,297.214,83.2672,-1.178
104910,297.355,297.302,83.2672,-1.178
104920,297.355,297.318,83.2672,-1.178
104930,297.355,297.318,5.33862,-1.178
104940,297.355,297.318,5.33862,-1.178
104950,297.355,297.011,46.2952,-1.178
104960,297.355,297.011,46.2952,-1.178
104970,297.355,297.011,46.2952,-1.178
104980,297.355,297.011,46.2952,-1.178
104990,297.355,297.011,13.4628,-1.178
105000,297.355,296.978,13.4628,-1.178
105010,297.355,296.973,13.4628,-1.178
105020,297.115,296.973,13.4628,-1.178
105030,297.001,296.973,13.4628,-1.178
105040,297.334,296.973,5.50306,-1.178
105050,297.997,297.485,5.50306,-1.178
105060,297.668,297.578,5.50306,-1.178
105070,297.668,297.578,5.50306,-1.178
105080,297.668,297.578,30.7663,-1.178
105090,297.668,297.35,30.7663,-1.178
105100,297.668,297.35,30.7663,-1.178
105110,297.668,297.507,17.5796,-1.178
105120,297.746,297.507,17.5796,-1.178
105130,297.88,297.507,17.5796,-1.178
105140,297.784,297.507,30.3057,-1.178
105150,297.784,297.507,75.9412,-1.178
105160,297.561,297.507,75.9412,-1.178
105170,297.561,297.528,41.7116,-1.178
105180,297.561,297.528,41.7116,-1.178
105190,297.561,297.528,41.7116,-1.178
105200,297.561,297.528,41.7116,-1.178
105210,297.561,297.528,7.53516,-1.178
105220,297.561,297.528,7.53516,-1.178
105230,298.019,297.528,7.53516,-1.178
105240,298.019,297.528,7.53516,-1.178
105250,298.019,297.528,7.53516,-1.178
105260,298.019,297.528,0.921052,-1.178
105270,298.019,297.528,0.921052,-1.178
105280,298.019,297.393,0.921052,-1.178
105290,298.019,297.393,8.83422,-1.178
105300,298.019,297.393,8.83422,-1.178
105310,298.019,297.393,8.83422,-1.178
105320,297.396,297.393,8.83422,-1.178
105330,297.396,296.977,29.8167,-1.178
105340,297.396,296.977,29.8167,-1.178
105350,297.396,296.977,29.8167,-1.178
105360,297.572,297.085,29.8167,-1.178
105370,297.572,297.278,29.8167,-1.178
105380,297.752,297.278,29.8167,-1.178
105390,297.752,297.555,29.8167,-1.178
105400,297.811,297.555,63.8434,-1.178
105410,297.184,296.827,32.53,-1.178
105420,296.906,296.519,32.53,-1.178
105430,298.42,296.519,32.53,-5.42989
105440,298.42,297.713,113.266,-7.49676
105450,299.306,299.259,113.266,-1.178
105460,299.306,299.259,113.266,-1.178
105470,299.306,299.259,76.4507,-1.178
105480,299.306,299.259,76.4507,-1.178
105490,299.306,299.259,6.84108,-1.178
105500,299.306,299.259,6.84108,-1.178
105510,299.306,299.259,84.1816,-1.178
105520,299.306,299.259,84.1816,-1.178
105530,299.437,299.259,84.1816,-1.178
105540,299.437,299.284,84.1816,-1.178
105550,299.437,299.284,100.866,-1.178
105560,299.437,299.284,11.3054,-1.178
105570,300.535,299.284,11.3054,-3.36303
105580,300.535,299.912,11.3054,-1.178
105590,300.527,299.912,12.7056,-1.178
105600,300.08,299.912,12.7056,-1.178
105610,300.08,299.912,12.7056,-1.178
105620,300.08,299.912,17.867,-1.178
105630,301.911,300.223,17.867,-5.42989
105640,301.911,299.942,17.867,-5.42989
105650,301.911,301.267,17.867,-3.36303
105660,301.911,301.267,72.4463,-3.36303
105670,301.911,301.766,3.84559,-1.178
105680,301.911,301.766,106.177,-1.178
105690,301.911,301.699,106.177,-3.36303
105700,301.911,301.699,71.618,-1.178
105710,301.911,301.699,53.4261,-1.178
105720,301.911,301.699,53.4261,-1.178
105730,301.911,301.699,36.3722,-1.178
105740,301.911,301.699,22.4179,-1.178
105750,301.911,301.699,68.6668,-1.178
105760,301.911,301.703,68.6668,-1.178
105770,301.818,301.724,68.6668,-1.178
105780,301.818,301.724,6.41853,-1.178
105790,301.818,301.724,118.273,-1.178
105800,301.818,301.749,118.273,-1.178
105810,301.818,301.749,118.273,-1.178
105820,301.818,301.749,127.884,-3.36303
105830,301.818,301.712,127.884,-3.36303
105840,301.818,301.712,127.884,-3.36303
105850,301.818,301.712,121.91,-3.36303
105860,301.818,301.712,121.91,-3.36303
105870,301.818,301.712,95.2843,-1.178
105880,301.818,301.712,95.2843,-1.178
105890,301.818,301.712,87.6938,-1.178
105900,301.818,301.712,31.48,-1.178
105910,301.818,301.712,31.48,-1.178
105920,301.818,301.712,27.4477,-1.178
105930,302.446,301.712,52.22,-3.36303
105940,302.446,301.712,52.22,-3.36303
105950,302.446,302.057,68.1549,-3.36303
105960,302.446,302.057,68.1549,-3.36303
105970,302.315,302.057,68.1549,-1.178
105980,303.549,302.057,24.9217,-5.42989
105990,302.99,302.129,24.9217,-3.36303
106000,302.629,302.129,24.9217,-1.178
106010,302.629,302.129,24.9217,-1.178
106020,302.958,302.129,24.9217,-3.36303
106030,303.882,302.129,60.1717,-7.49676
106040,302.377,302.129,62.531,-1.178
106050,302.377,302.129,62.531,-1.178
106060,302.377,302.129,62.531,-1.178
106070,302.377,302.129,62.531,-1.178
106080,302.377,302.108,62.531,-1.178
106090,302.377,302.108,8.53549,-1.178
106100,302.377,302.108,8.53549,-1.178
106110,302.377,302.108,8.53549,-1.178
106120,304.309,302.537,8.53549,-5.42989
106130,304.266,301.733,4.65463,-5.42989
106140,302.844,301.36,4.65463,-3.36303
106150,302.094,301.36,4.65463,-3.36303
106160,302.229,301.792,4.65463,-1.178
106170,302.229,301.792,4.65463,-1.178
106180,301.511,300.961,4.65463,-1.178
106190,301.511,301.041,4.65463,-1.178
106200,301.255,301.041,4.65463,-1.178
106210,301.255,301.041,4.65463,-1.178
106220,301.255,300.609,4.65463,-1.178
106230,300.999,300.609,4.65463,-1.178
106240,300.925,300.609,4.65463,-1.178
106250,300.681,300.609,4.65463,-1.178
106260,300.681,300.609,4.65463,-1.178
106270,300.681,300.609,4.68709,-1.178
106280,300.681,300.609,117.215,-1.178
106290,300.681,300.609,117.215,-1.178
106300,300.681,300.609,78.1028,-1.178
106310,301.2,300.599,48.2446,-3.36303
106320,301.133,300.599,56.8415,-3.36303
106330,301.351,300.599,56.8415,-3.36303
106340,300.968,300.599,56.8415,-1.178
106350,300.968,300.599,56.8415,-1.178
106360,300.968,300.599,56.8415,-1.178
106370,300.872,300.599,56.8415,-1.178
106380,300.872,300.599,22.7897,-1.178
106390,300.872,300.599,22.7897,-1.178
106400,300.872,300.599,46.1177,-1.178
106410,300.872,300.599,46.1177,-1.178
106420,300.872,300.599,8.69221,-1.178
106430,301.105,300.983,8.69221,-1.178
106440,301.105,300.768,8.69221,-1.178
106450,301.105,300.488,8.69221,-1.178
106460,301.105,300.827,8.69221,-1.178
106470,301.292,300.827,8.69221,-1.178
106480,301.292,300.827,8.69221,-1.178
106490,301.292,300.827,8.69221,-1.178
106500,300.889,300.827,8.69221,-1.178
106510,301.035,300.827,8.69221,-1.178
106520,301.057,300.827,8.69221,-1.178
106530,301.062,300.827,80.8847,-1.178
106540,301.062,300.827,92.5867,-3.36303
106550,300.855,300.827,92.5867,-1.178
106560,300.855,300.827,92.5867,-1.178
106570,300.855,300.827,92.5867,-1.178
106580,301.426,301.094,17.505,-1.178
106590,301.426,301.094,17.505,-1.178
106600,301.426,301.012,17.505,-1.178
106610,301.067,301.012,17.505,-1.178
106620,301.488,301.012,17.505,-1.178
106630,301.551,301.012,17.505,-1.178
106640,301.551,301.012,17.505,-1.178
106650,301.551,301.089,17.505,-1.178
106660,301.551,301.089,17.505,-1.178
106670,301.551,301.089,17.505,-1.178
106680,301.551,301.089,17.505,-1.178
106690,301.444,300.94,17.505,-1.178
106700,300.973,300.94,99.569,-1.178
106710,300.973,300.94,99.569,-1.178
106720,301.097,300.94,79.6051,-1.178
106730,301.221,300.94,79.6051,-1.178
106740,301.221,300.94,79.6051,-1.178
106750,301.12,301.036,79.6051,-1.178
106760,301.12,301.036,8.42912,-1.178
106770,301.12,301.036,26.028,-1.178
106780,301.12,300.696,26.028,-1.178
106790,301.12,300.696,26.028,-1.178
106800,301.12,300.874,39.789,-1.178
106810,301.12,300.874,39.789,-1.178
106820,301.034,301.016,44.3625,-1.178
106830,301.034,301.016,44.3625,-1.178
106840,301.034,301.016,44.3625,-1.178
106850,301.034,300.816,44.3625,-1.178
106860,301.034,300.623,44.3625,-1.178
106870,300.808,300.623,44.3625,-1.178
106880,300.808,300.623,44.3625,-1.178
106890,301.533,300.623,29.0179,-3.36303
106900,300.593,300.131,29.0179,-1.178
106910,300.609,300.131,5.94441,-1.178
106920,300.609,300.131,5.94441,-1.178
106930,300.609,300.131,5.94441,-1.178
106940,300.609,300.202,5.94441,-1.178
106950,300.609,300.202,39.7407,-1.178
106960,300.609,300.316,39.7407,-1.178
106970,300.609,300.316,39.7407,-1.178
106980,300.609,300.316,39.7407,-1.178
106990,301.678,300.456,23.0027,-3.36303
107000,301.585,300.456,23.0027,-3.36303
107010,301.585,300.456,23.0027,-3.36303
107020,301.585,300.813,23.0027,-3.36303
107030,300.967,300.752,164.034,-7.49676
107040,300.656,298.428,164.034,-7.49676
107050,301.76,300.81,164.034,-7.49676
107060,301.715,299.324,103.626,-7.49676
107070,299.929,299.485,72.9407,-3.36303
107080,299.929,299.79,30.317,-1.178
107090,299.929,299.79,30.317,-1.178
107100,299.929,299.79,86.0265,-1.178
107110,299.929,299.79,97.8293,-1.178
107120,299.929,299.79,97.8293,-1.178
107130,299.929,299.79,31.3896,-1.178
107140,299.929,299.79,78.4635,-1.178
107150,299.929,299.79,78.4635,-1.178
107160,299.929,299.79,10.2732,-1.178
107170,299.929,299.79,10.2732,-1.178
107180,299.929,299.79,15.0784,-1.178
107190,299.929,299.79,15.0784,-1.178
107200,300.299,299.79,15.0784,-1.178
107210,300.299,299.79,15.0784,-1.178
107220,300.299,299.79,15.0784,-1.178
107230,300.299,299.79,15.0784,-1.178
107240,300.299,299.79,15.0784,-1.178
107250,300.299,299.79,15.0784,-1.178
107260,300.301,299.79,15.0784,-1.178
107270,300.301,299.79,15.0784,-1.178
107280,300.301,299.79,15.0784,-1.178
107290,300.046,299.79,15.0784,-1.178
107300,300.216,300.11,15.0784,-1.178
107310,300.216,299.974,15.0784,-1.178
107320,300.216,299.974,15.0784,-1.178
107330,300.216,299.974,61.7177,-1.178
107340,300.216,299.974,30.6375,-1.178
107350,300.216,299.974,30.6375,-1.178
107360,300.216,299.974,30.6375,-1.178
107370,300.216,299.974,30.6375,-1.178
107380,300.216,299.974,30.6375,-1.178
107390,300.216,299.974,30.6375,-1.178
107400,300.216,299.974,30.6375,-1.178
107410,300.216,299.974,30.6375,-1.178
107420,300.216,299.974,72.6603,-1.178
107430,300.216,299.974,72.6603,-1.178
107440,300.216,299.974,72.6603,-1.178
107450,300.216,299.974,7.03047,-1.178
107460,300.216,299.974,7.03047,-1.178
107470,300.216,299.974,7.03047,-1.178
107480,300.048,299.974,84.4191,-1.178
107490,300.048,299.974,68.6701,-1.178
107500,300.048,299.974,47.6726,-1.178
107510,300.046,299.974,47.6726,-1.178
107520,300.046,299.974,22.0522,-1.178
107530,300.046,299.974,22.0522,-1.178
107540,300.046,299.974,22.0522,-1.178
107550,300.046,299.974,60.5328,-1.178
107560,300.005,299.974,60.5328,-1.178
107570,300.005,299.974,60.5328,-1.178
107580,300.822,299.974,53.3652,-3.36303
107590,300.22,299.974,53.3652,-1.178
107600,300.22,299.974,53.3652,-1.178
107610,300.22,299.974,87.4627,-1.178
107620,300.22,299.974,66.6142,-1.178
107630,300.22,299.974,66.6142,-1.178
107640,300.22,299.974,66.6142,-1.178
107650,300.22,299.974,19.2646,-1.178
107660,300.22,299.974,8.08042,-1.178
107670,300.524,299.974,8.08042,-1.178
107680,300.208,299.905,8.08042,-1.178
107690,300.208,299.905,8.08042,-1.178
107700,300.208,299.905,8.08042,-1.178
107710,300.208,299.905,8.08042,-1.178
107720,300.208,299.905,8.08042,-1.178
107730,300.208,299.905,21.7625,-1.178
107740,300.208,299.797,21.7625,-1.178
107750,300.208,299.072,21.7625,-3.36303
107760,300.038,299.072,21.7625,-3.36303
107770,299.592,299.195,21.7625,-1.178
107780,299.792,299.195,7.77942,-1.178
107790,300.335,299.5,7.77942,-3.36303
107800,301.081,299.695,7.77942,-3.36303
107810,300.905,300.325,7.77942,-1.178
107820,300.905,300.325,79.888,-3.36303
107830,300.905,300.647,79.888,-1.178
107840,300.905,300.787,79.888,-1.178
107850,301.355,300.787,79.888,-3.36303
107860,301.355,300.969,79.888,-3.36303
107870,301.355,300.969,79.888,-3.36303
107880,301.355,300.891,79.888,-3.36303
107890,301.355,301.155,79.888,-1.178
107900,301.355,301.155,79.888,-1.178
107910,301.415,301.155,61.3899,-1.178
107920,301.415,301.155,42.317,-1.178
107930,301.415,301.155,42.317,-1.178
107940,303.879,301.155,37.6322,-7.49676
107950,303.879,302.701,37.6322,-3.36303
107960,303.104,302.701,37.6322,-1.178
107970,303.104,302.701,37.6322,-1.178
107980,303.104,302.701,37.6322,-1.178
107990,303.104,302.794,37.6322,-1.178
108000,302.609,302.106,37.6322,-1.178
108010,302.609,302.106,37.6322,-1.178
108020,302.613,302.106,37.6322,-1.178
108030,302.613,302.106,37.6322,-1.178
108040,302.484,302.106,37.6322,-1.178
108050,302.484,302.106,37.6322,-1.178
108060,302.484,302.106,31.0843,-1.178
108070,302.484,302.106,31.0843,-1.178
108080,302.484,301.939,31.0843,-1.178
108090,302.484,301.939,31.0843,-1.178
108100,302.484,302.145,31.0843,-1.178
108110,302.484,302.145,23.1866,-1.178
108120,302.484,302.145,23.1866,-1.178
108130,302.484,302.384,23.1866,-1.178
108140,302.617,302.384,37.8173,-1.178
108150,302.617,302.384,37.8173,-1.178
108160,302.617,302.384,82.7784,-1.178
108170,302.417,302.384,119.038,-1.178
108180,302.417,302.384,119.038,-1.178
108190,302.417,302.384,70.6294,-1.178
108200,302.405,302.384,103.261,-1.178
108210,302.405,302.384,103.261,-1.178
108220,302.405,302.332,103.261,-1.178
108230,302.405,302.332,103.261,-1.178
108240,302.357,302.332,103.261,-1.178
108250,302.357,302.332,103.261,-1.178
108260,302.357,302.332,58.2916,-1.178
108270,302.652,302.332,76.2045,-3.36303
108280,302.652,302.216,94.7348,-3.36303
108290,302.652,302.512,94.7348,-1.178
108300,302.652,302.512,94.7348,-1.178
108310,302.652,302.512,62.7454,-1.178
108320,302.652,302.512,62.7454,-1.178
108330,302.652,302.512,84.6623,-1.178
108340,303.014,302.512,19.8656,-1.178
108350,303.014,302.512,19.8656,-1.178
108360,303.05,302.512,19.8656,-1.178
108370,302.908,302.512,19.8656,-1.178
108380,303.602,302.512,19.8656,-3.36303
108390,303.709,302.512,33.0602,-3.36303
108400,303.698,302.512,28.4845,-3.36303
108410,303.698,302.512,28.4845,-3.36303
108420,303.891,302.512,28.4845,-5.42989
108430,303.508,303.363,28.4845,-1.178
108440,304.639,303.363,28.4845,-3.36303
108450,304.639,303.363,28.4845,-3.36303
108460,303.847,303.363,28.4845,-1.178
108470,303.847,303.363,28.4845,-1.178
108480,303.847,303.441,28.4845,-1.178
108490,303.847,303.441,28.4845,-1.178
108500,303.442,303.441,57.4224,-1.178
108510,303.442,303.441,133.892,-1.178
108520,303.442,303.441,127.536,-1.178
108530,303.442,303.441,127.536,-1.178
108540,303.442,303.441,127.536,-1.178
108550,303.442,303.441,127.536,-1.178
108560,303.442,303.263,95.3373,-1.178
108570,303.308,303.263,95.3373,-1.178
108580,303.308,303.263,95.3373,-1.178
108590,303.308,303.263,95.3373,-1.178
108600,303.434,303.263,32.0729,-1.178
108610,303.434,303.263,32.0729,-1.178
108620,303.434,302.963,34.8502,-1.178
108630,303.886,302.963,14.3727,-3.36303
108640,303.677,302.963,14.3727,-3.36303
108650,303.677,303.306,70.2702,-3.36303
108660,303.677,303.063,70.2702,-3.36303
108670,303.677,303.063,70.2702,-3.36303
108680,303.064,303.063,43.4968,-1.178
108690,303.519,303.063,43.4968,-1.178
108700,303.519,303.063,43.4968,-1.178
108710,303.519,303.063,43.4968,-1.178
108720,303.388,303.156,43.4968,-1.178
108730,303.388,303.156,36.3352,-1.178
108740,303.533,303.156,36.3352,-1.178
108750,303.533,303.156,36.3352,-1.178
108760,304.39,304.125,26.9681,-1.178
108770,304.39,304.336,26.9681,-1.178
108780,304.39,304.336,47.7229,-1.178
108790,304.39,304.336,47.7229,-1.178
108800,304.39,304.336,50.1981,-1.178
108810,304.474,304.336,42.9095,-1.178
108820,304.474,304.336,108.985,-1.178
108830,304.474,304.336,70.2587,-1.178
108840,304.772,304.336,44.8643,-1.178
108850,304.772,304.336,44.8643,-1.178
108860,304.772,304.435,44.8643,-1.178
108870,304.4,304.33,44.8643,-1.178
108880,304.4,304.33,44.8643,-1.178
108890,304.4,304.317,44.8643,-1.178
108900,304.466,304.095,44.8643,-1.178
108910,304.466,304.095,5.80122,-1.178
108920,304.466,303.898,5.80122,-1.178
108930,304.466,303.898,5.80122,-1.178
108940,303.963,303.898,5.80122,-1.178
108950,303.963,303.898,5.80122,-1.178
108960,303.963,303.898,5.80122,-1.178
108970,303.899,303.601,5.80122,-1.178
108980,303.895,303.601,9.83662,-1.178
108990,303.895,303.601,54.474,-1.178
109000,303.895,303.601,54.474,-1.178
109010,303.895,303.601,54.474,-1.178
109020,303.895,303.475,54.474,-1.178
109030,303.875,303.475,54.474,-1.178
109040,303.875,303.475,54.474,-1.178
109050,303.806,303.475,54.474,-1.178
109060,303.679,303.475,54.474,-1.178
109070,303.679,303.271,54.474,-1.178
109080,303.679,303.271,54.474,-1.178
109090,303.445,303.271,54.474,-1.178
109100,303.445,303.271,54.474,-1.178
109110,303.445,302.816,15.2354,-1.178
109120,303.445,302.816,15.2354,-1.178
109130,303.445,302.816,15.2354,-1.178
109140,303.445,302.816,15.2354,-1.178
109150,302.941,302.305,15.2354,-3.36303
109160,302.4,302.25,15.2354,-1.178
109170,302.4,302.25,66.7787,-1.178
109180,302.4,302.25,50.7877,-1.178
109190,302.4,302.25,50.7877,-1.178
109200,302.4,302.25,92.1968,-1.178
109210,302.4,302.25,47.1003,-1.178
109220,302.4,302.25,47.1003,-1.178
109230,302.4,302.25,47.1003,-1.178
109240,302.4,302.25,83.8324,-1.178
109250,302.295,302.25,6.60478,-1.178
109260,302.295,301.17,77.327,-5.42989
109270,301.423,301.104,77.327,-3.36303
109280,301.375,301.104,77.327,-1.178
109290,301.375,301.104,77.327,-1.178
109300,301.357,301.104,77.327,-1.178
109310,301.251,301.104,77.327,-1.178
109320,301.251,301.104,96.418,-1.178
109330,301.251,301.104,96.418,-1.178
109340,301.17,301.104,12.8632,-1.178
109350,301.17,301.104,12.8632,-1.178
109360,301.393,301.104,95.4532,-3.36303
109370,301.393,301.104,4.91916,-1.178
109380,301.393,301.104,4.91916,-1.178
109390,301.393,301.104,35.9507,-1.178
109400,301.54,301.104,35.9507,-1.178
109410,301.54,301.104,35.9507,-1.178
109420,301.54,301.104,35.9507,-1.178
109430,301.54,301.104,35.9507,-1.178
109440,301.54,301.104,35.9507,-1.178
109450,301.54,300.155,11.4081,-3.36303
109460,301.54,300.585,11.4081,-3.36303
109470,301.54,300.585,41.3147,-3.36303
109480,301.54,300.585,41.3147,-3.36303
109490,301.296,300.585,41.3147,-3.36303
109500,301.296,300.594,41.3147,-3.36303
109510,301.296,300.594,19.3568,-3.36303
109520,300.63,300.594,19.3568,-1.178
109530,301.12,300.594,19.3568,-1.178
109540,300.733,300.594,7.03073,-1.178
109550,300.733,300.606,95.3098,-1.178
109560,300.733,300.606,112.298,-1.178
109570,300.733,300.606,112.298,-1.178
109580,300.733,300.606,112.298,-1.178
109590,300.733,300.606,67.0477,-1.178
109600,300.733,300.606,76.1097,-1.178
109610,300.733,300.606,41.9011,-1.178
109620,300.733,300.606,41.9011,-1.178
109630,300.733,300.606,106.272,-1.178
109640,300.733,300.606,106.272,-1.178
109650,300.733,300.606,106.272,-1.178
109660,300.733,300.606,9.88316,-1.178
109670,300.733,300.606,9.88316,-1.178
109680,300.861,300.606,9.88316,-1.178
109690,300.861,300.606,51.0947,-1.178
109700,300.861,300.488,31.0664,-1.178
109710,300.861,300.488,31.0664,-1.178
109720,300.861,300.42,9.15435,-1.178
109730,300.861,300.42,9.15435,-1.178
109740,300.861,300.42,9.15435,-1.178
109750,300.861,300.42,9.15435,-1.178
109760,299.901,299.682,4.46866,-1.178
109770,299.901,299.682,4.46866,-1.178
109780,299.901,299.682,4.46866,-1.178
109790,300.504,299.887,1.51006,-1.178
109800,300.504,299.887,1.51006,-1.178
109810,300.504,299.887,1.51006,-1.178
109820,300.412,299.815,1.51006,-1.178
109830,300.461,299.815,1.51006,-1.178
109840,300.461,299.815,1.51006,-1.178
109850,300.461,299.815,1.51006,-1.178
109860,300.447,299.815,1.51006,-1.178
109870,300.676,299.815,5.85193,-3.36303
109880,300.25,299.634,5.85193,-1.178
109890,300.25,299.634,5.85193,-1.178
109900,300.666,299.634,5.85193,-3.36303
109910,300.125,300.017,5.85193,-1.178
109920,300.125,300.073,5.85193,-1.178
109930,300.125,300.073,5.85193,-1.178
109940,300.125,300.073,39.1643,-1.178
109950,300.125,300.073,63.4071,-1.178
109960,300.125,300.073,63.4071,-1.178
109970,300.125,300.073,63.4071,-1.178
109980,300.125,300.073,112.183,-1.178
109990,300.125,300.073,112.183,-1.178
110000,300.125,300.073,122.992,-1.178
110010,300.125,300.073,122.992,-1.178
110020,300.125,300.073,122.992,-1.178
110030,300.125,300.073,60.8585,-1.178
110040,300.125,300.073,60.8585,-1.178
110050,300.125,298.8,60.8585,-5.42989
110060,300.125,299.392,60.8585,-3.36303
110070,300.557,299.392,2.28244,-3.36303
110080,300.68,299.392,2.28244,-3.36303
110090,299.646,299.392,64.0047,-1.178
110100,299.646,299.392,64.0047,-1.178
110110,299.646,299.257,64.0047,-3.36303
110120,299.646,299.257,64.0047,-3.36303
110130,299.646,299.257,64.0047,-3.36303
110140,299.542,299.257,77.3587,-1.178
110150,299.542,299.257,77.3587,-1.178
110160,299.542,299.257,50.064,-1.178
110170,299.542,299.257,50.064,-1.178
110180,299.542,299.257,20.7121,-1.178
110190,299.542,299.257,20.7121,-1.178
110200,299.542,299.193,99.6239,-3.36303
110210,299.542,299.193,2.7064,-1.178
110220,299.542,299.52,2.7064,-1.178
110230,299.542,299.312,72.7732,-1.178
110240,299.542,299.312,47.8765,-1.178
110250,299.542,299.312,47.8765,-1.178
110260,299.634,299.312,47.8765,-1.178
110270,299.634,299.312,46.3109,-1.178
110280,299.634,299.578,26.7953,-1.178
110290,299.634,299.578,26.7953,-1.178
110300,299.634,299.578,26.7953,-1.178
110310,299.634,299.578,67.0482,-1.178
110320,299.606,299.578,77.8281,-1.178
110330,299.606,299.578,77.8281,-1.178
110340,299.606,299.578,77.8281,-1.178
110350,299.651,299.578,77.8281,-1.178
110360,299.651,299.578,97.8204,-1.178
110370,299.651,299.578,97.8204,-1.178
110380,299.651,299.578,97.8204,-1.178
110390,299.597,299.578,24.8881,-1.178
110400,299.597,299.578,12.985,-1.178
110410,299.597,299.016,0.712034,-1.178
110420,299.301,299.016,0.712034,-1.178
110430,299.57,299.016,27.935,-1.178
110440,299.57,299.016,27.935,-1.178
110450,299.57,299.546,92.6047,-1.178
110460,299.57,299.546,56.2561,-1.178
110470,300.476,299.546,12.6897,-3.36303
110480,300.74,300.326,27.1367,-1.178
110490,301.256,300.277,30.894,-3.36303
110500,301.256,301.116,30.894,-1.178
110510,301.459,300.76,30.894,-3.36303
110520,301.233,300.713,53.9997,-3.36303
110530,301.233,300.343,53.9997,-3.36303
110540,301.233,300.343,64.3354,-5.42989
110550,300.502,299.743,64.3354,-3.36303
110560,300.47,300.158,64.3354,-1.178
110570,300.392,300.158,64.3354,-1.178
110580,300.525,300.158,64.3354,-1.178
110590,300.348,300.158,64.3354,-1.178
110600,300.348,300.158,64.3354,-1.178
110610,300.348,300.158,78.902,-1.178
110620,300.348,300.158,78.902,-1.178
110630,300.348,300.158,78.902,-1.178
110640,300.348,300.158,97.4334,-1.178
110650,300.348,300.158,14.9067,-1.178
110660,301.509,300.158,14.9067,-3.36303
110670,301.465,300.158,14.9067,-3.36303
110680,301.119,300.415,14.9067,-3.36303
110690,301.119,300.415,14.9067,-3.36303
110700,301.119,300.415,14.9067,-3.36303
110710,300.552,299.041,14.9067,-5.42989
110720,300.552,299.201,14.9067,-3.36303
110730,299.824,299.201,14.9067,-1.178
110740,299.824,299.201,14.9067,-1.178
110750,299.824,299.201,14.9067,-1.178
110760,298.973,297.521,14.9067,-5.42989
110770,298.973,297.12,14.9067,-5.42989
110780,298.973,298.882,14.9067,-1.178
110790,298.973,298.659,14.9067,-1.178
110800,298.73,298.659,27.4299,-1.178
110810,299.053,298.659,27.4299,-1.178
110820,299.053,298.659,34.865,-1.178
110830,298.949,298.676,34.865,-1.178
110840,298.978,298.676,52.8778,-1.178
110850,298.978,298.676,52.8778,-1.178
110860,298.978,298.676,28.7669,-1.178
110870,298.978,298.626,65.2368,-1.178
110880,298.849,298.626,65.2368,-1.178
110890,298.849,298.626,83.3415,-1.178
110900,298.849,298.626,83.3415,-1.178
110910,298.849,298.626,83.3415,-1.178
110920,298.849,298.483,9.2343,-1.178
110930,298.849,298.483,9.2343,-1.178
110940,298.969,298.483,9.2343,-1.178
110950,298.969,298.729,9.2343,-1.178
110960,298.969,298.729,9.35872,-1.178
110970,298.969,298.81,9.35872,-1.178
110980,298.969,298.81,9.35872,-1.178
110990,298.969,298.579,1.41135,-1.178
111000,298.969,298.579,1.41135,-1.178
111010,298.969,298.681,1.41135,-1.178
111020,298.855,298.681,8.52577,-1.178
111030,298.855,298.681,8.12746,-1.178
111040,300.207,299.235,8.12746,-3.36303
111050,300.48,297.892,8.12746,-5.42989
111060,300.48,300.095,8.12746,-1.178
111070,300.48,300.095,33.0109,-1.178
111080,300.48,300.151,26.5394,-1.178
111090,300.48,300.151,26.5394,-1.178
111100,300.433,300.151,26.5394,-1.178
111110,300.433,300.025,26.5394,-1.178
111120,300.58,300.52,26.5394,-1.178
111130,300.58,300.52,35.3651,-1.178
111140,300.58,300.52,35.3651,-1.178
111150,300.87,300.52,35.3651,-1.178
111160,300.87,300.443,35.3651,-1.178
111170,300.87,300.443,1.5269,-1.178
111180,300.87,300.443,1.5269,-1.178
111190,300.87,300.588,1.5269,-1.178
111200,301.791,300.588,21.7267,-3.36303
111210,301.791,301.371,56.6333,-1.178
111220,301.791,301.423,45.8335,-1.178
111230,301.791,301.423,45.8335,-1.178
111240,301.738,301.63,45.8335,-1.178
111250,301.738,301.63,37.6451,-1.178
111260,301.738,301.63,37.6451,-1.178
111270,301.698,301.63,28.207,-1.178
111280,301.698,301.63,7.50932,-1.178
111290,301.698,301.63,37.3375,-1.178
111300,301.698,301.696,37.3375,-1.178
111310,301.698,301.696,37.3375,-1.178
111320,302.052,301.696,37.3375,-1.178
111330,302.052,301.696,37.3375,-1.178
111340,302.052,301.696,37.3375,-1.178
111350,302.052,301.696,13.0793,-1.178
111360,302.052,301.696,13.0793,-1.178
111370,302.052,300.885,13.0793,-3.36303
111380,302.052,300.115,13.0793,-5.42989
111390,301.637,300.556,162.246,-7.49676
111400,301.637,300.723,46.9414,-3.36303
111410,301.637,301.097,46.9414,-3.36303
111420,301.637,301.097,90.0051,-3.36303
111430,303.389,301.097,94.1029,-7.49676
111440,303.765,301.097,32.0244,-7.49676
111450,303.765,303.158,32.0244,-3.36303
111460,303.476,303.158,32.0244,-1.178
111470,303.476,303.158,32.0244,-1.178
111480,303.476,303.329,42,-1.178
111490,303.476,303.383,94.9813,-1.178
111500,303.476,303.383,50.9704,-1.178
111510,303.476,303.278,50.9704,-1.178
111520,303.476,303.278,66.8405,-1.178
111530,303.464,303.278,66.8405,-1.178
111540,303.464,303.278,39.4323,-1.178
111550,303.464,303.278,1.4266,-1.178
111560,303.464,303.278,65.6383,-1.178
111570,303.311,303.18,65.6383,-1.178
111580,303.311,303.18,65.6383,-1.178
111590,303.311,303.18,78.5383,-1.178
111600,303.311,303.109,78.5383,-1.178
111610,303.311,303.109,83.0569,-1.178
111620,303.266,302.994,33.6556,-1.178
111630,303.266,302.994,33.6556,-1.178
111640,304.873,304.531,18.3881,-1.178
111650,304.866,304.531,18.3881,-1.178
111660,304.866,304.531,28.9537,-1.178
111670,304.866,304.486,36.4147,-1.178
111680,304.975,304.486,36.4147,-1.178
111690,304.975,304.486,36.4147,-1.178
111700,305.2,304.486,36.4147,-3.36303
111710,304.878,304.486,51.6017,-1.178
111720,304.878,304.486,51.6017,-1.178
111730,304.878,304.486,51.6017,-1.178
111740,304.878,304.486,12.9012,-1.178
111750,305.062,304.486,12.9012,-1.178
111760,305.062,304.467,12.9012,-1.178
111770,305.062,304.973,12.9012,-1.178
111780,305.185,304.973,12.9012,-1.178
111790,305.185,302.717,12.9012,-5.42989
111800,305.185,304.634,10.9417,-1.178
111810,305.79,304.634,10.9417,-3.36303
111820,305.79,304.564,10.9417,-3.36303
111830,306.655,305.776,10.9417,-3.36303
111840,306.944,305.776,10.9417,-3.36303
111850,306.675,305.776,10.9417,-3.36303
111860,306.675,306.023,10.9417,-1.178
111870,306.675,306.023,10.9417,-1.178
111880,306.675,306.023,10.9417,-1.178
111890,306.675,306.023,10.9417,-1.178
111900,306.53,306.023,10.9417,-1.178
111910,306.53,306.023,10.9417,-1.178
111920,306.53,306.023,10.9417,-1.178
111930,306.53,306.023,10.9417,-1.178
111940,306.53,306.023,10.9417,-1.178
111950,306.53,306.023,10.9417,-1.178
111960,306.335,306.023,10.9417,-1.178
111970,306.335,306.023,10.9417,-1.178
111980,306.335,305.958,10.9417,-1.178
111990,306.335,305.958,10.9417,-1.178
112000,306.335,305.958,46.2243,-1.178
112010,306.335,305.958,46.2243,-1.178
112020,308.973,305.958,46.2243,-7.49676
112030,305.966,305.958,46.2243,-1.178
112040,305.966,305.958,46.2243,-1.178
112050,305.966,305.4,46.2243,-3.36303
112060,305.966,305.4,54.0939,-3.36303
112070,305.966,305.767,54.0939,-1.178
112080,305.966,305.767,54.0939,-1.178
112090,305.966,304.873,54.0939,-5.42989
112100,305.504,304.873,55.59,-3.36303
112110,305.419,304.873,55.59,-3.36303
112120,305.042,304.873,21.322,-1.178
112130,305.042,304.873,61.7947,-1.178
112140,305.042,304.873,58.663,-1.178
112150,305.042,304.873,96.4968,-1.178
112160,305.079,304.873,96.4968,-1.178
112170,305.079,304.873,68.178,-1.178
112180,305.079,304.873,68.178,-1.178
112190,305.079,304.873,44.3298,-1.178
112200,305.079,304.873,16.3578,-1.178
112210,305.107,304.873,63.2462,-1.178
112220,305.353,304.873,63.2462,-3.36303
112230,305.353,304.873,8.65402,-1.178
112240,305.08,304.646,8.65402,-1.178
112250,304.77,304.646,80.3958,-1.178
112260,304.77,302.178,121.999,-7.49676
112270,304.77,302.772,179.858,-7.49676
112280,304.77,302.772,107.207,-7.49676
112290,304.77,302.653,140.316,-7.49676
112300,304.557,302.56,140.316,-7.49676
112310,303.403,301.902,140.316,-7.49676
112320,302.434,302.166,140.316,-7.49676
112330,302.434,302.166,22.7016,-1.178
112340,302.434,302.068,22.7016,-1.178
112350,302.434,302.374,22.7016,-1.178
112360,302.844,302.431,22.7016,-1.178
112370,302.964,302.431,22.7016,-1.178
112380,302.964,302.431,22.7016,-1.178
112390,302.964,302.431,22.7016,-1.178
112400,302.82,302.431,22.7016,-1.178
112410,302.82,302.777,22.7016,-1.178
112420,303.215,302.777,51.6884,-1.178
112430,302.902,302.777,51.6884,-1.178
112440,302.902,302.514,51.6884,-1.178
112450,302.902,302.514,51.6884,-1.178
112460,302.902,302.514,33.7208,-1.178
112470,303.61,302.514,33.7208,-3.36303
112480,303.61,302.514,33.7208,-3.36303
112490,303.61,303.33,44.2479,-1.178
112500,303.61,303.328,15.1885,-1.178
112510,303.61,303.328,81.7967,-1.178
112520,303.61,303.328,81.7967,-1.178
112530,304.02,302.385,179.678,-7.49676
112540,304.02,302.939,38.7476,-3.36303
112550,303.377,302.939,41.0087,-1.178
112560,303.377,302.939,41.0087,-1.178
112570,303.247,302.939,41.0087,-1.178
112580,303.247,303.221,41.0087,-1.178
112590,303.702,303.221,41.0087,-1.178
112600,303.702,303.284,41.0087,-1.178
112610,303.702,303.284,41.0087,-1.178
112620,303.702,303.284,49.8926,-1.178
112630,303.702,303.284,49.8926,-1.178
112640,303.702,303.284,49.8926,-1.178
112650,303.702,303.455,49.8926,-1.178
112660,303.702,303.455,49.8926,-1.178
112670,303.885,303.455,49.8926,-1.178
112680,304.572,302.552,17.2431,-5.42989
112690,304.572,302.975,24.9597,-5.42989
112700,303.518,303.351,24.9597,-1.178
112710,303.518,303.351,88.8943,-1.178
112720,303.518,303.351,88.8943,-1.178
112730,303.574,303.351,86.7674,-1.178
112740,303.574,303.351,86.7674,-1.178
112750,303.574,303.351,30.3091,-1.178
112760,303.432,303.202,30.3091,-1.178
112770,303.432,303.202,30.3091,-1.178
112780,303.432,303.202,25.0791,-1.178
112790,303.432,303.202,49.1819,-1.178
112800,303.547,303.202,49.1819,-1.178
112810,303.547,303.202,41.7688,-1.178
112820,303.547,303.143,41.7688,-1.178
112830,303.547,303.143,41.7688,-1.178
112840,303.547,303.154,41.7688,-1.178
112850,303.547,303.154,23.8323,-1.178
112860,304.069,304.03,39.8002,-1.178
112870,304.214,304.03,0.0569399,-1.178
112880,304.49,304.03,0.0569399,-1.178
112890,304.49,304.03,130.367,-7.49676
112900,304.172,302.553,130.367,-7.49676
112910,304.172,302.287,12.7452,-5.42989
112920,304.619,303.997,12.7452,-1.178
112930,304.386,303.997,12.7452,-1.178
112940,304.479,303.997,12.7452,-1.178
112950,304.665,304.431,12.7452,-1.178
112960,304.665,304.431,83.4531,-1.178
112970,304.665,304.622,28.8584,-1.178
112980,304.665,304.622,28.8584,-1.178
112990,305.011,304.622,28.8584,-1.178
113000,305.011,304.564,28.8584,-1.178
113010,305.011,304.564,28.8584,-1.178
113020,305.011,304.564,28.8584,-1.178
113030,305.011,304.564,28.8584,-1.178
113040,305.011,304.564,48.001,-1.178
113050,305.011,304.594,48.001,-1.178
113060,305.011,304.905,48.001,-1.178
113070,305.011,304.905,48.001,-1.178
113080,305.011,304.905,48.001,-1.178
113090,305.011,304.905,48.001,-1.178
113100,305.011,304.905,44.7202,-1.178
113110,305.011,304.905,64.7306,-1.178
113120,305.011,304.905,64.7306,-1.178
113130,305.011,304.848,42.3062,-1.178
113140,305.011,304.586,42.3062,-1.178
113150,305.011,304.586,42.3062,-1.178
113160,305.011,304.586,42.3062,-1.178
113170,304.715,304.586,42.3062,-1.178
113180,304.906,304.586,52.592,-1.178
113190,304.785,304.586,8.83616,-1.178
113200,304.785,304.586,8.83616,-1.178
113210,304.785,304.586,89.7051,-1.178
113220,304.785,304.586,88.4942,-1.178
113230,304.709,304.586,88.4942,-1.178
113240,304.709,304.586,88.4942,-1.178
113250,304.709,304.586,45.209,-1.178
113260,304.709,304.586,45.209,-1.178
113270,304.709,304.686,45.209,-1.178
113280,305.18,304.686,33.2351,-1.178
113290,304.884,304.686,33.2351,-1.178
113300,304.884,304.686,33.2351,-1.178
113310,305.171,304.686,33.2351,-1.178
113320,305.171,304.973,33.2351,-1.178
113330,305.171,304.864,33.2351,-1.178
113340,305.171,304.735,60.6071,-3.36303
113350,305.005,304.735,60.6071,-1.178
113360,305.005,304.647,60.6071,-1.178
113370,305.243,304.647,60.6071,-3.36303
113380,305.243,304.647,67.8767,-3.36303
113390,305.243,304.647,2.49046,-1.178
113400,305.243,304.647,2.49046,-1.178
113410,305.243,304.647,5.62434,-1.178
113420,305.243,304.647,11.8079,-1.178
113430,305.243,304.647,11.8079,-1.178
113440,304.901,304.647,11.8079,-1.178
113450,304.962,304.861,11.8079,-1.178
113460,304.962,304.298,34.3165,-3.36303
113470,304.407,304.298,34.3165,-1.178
113480,304.407,304.298,88.5426,-1.178
113490,304.407,304.298,88.5426,-1.178
113500,304.407,304.298,111.067,-1.178
113510,304.407,304.298,99.7634,-1.178
113520,304.407,304.298,99.7634,-1.178
113530,304.407,304.298,36.4563,-1.178
113540,305.315,304.298,36.4563,-3.36303
113550,303.693,303.186,36.4563,-1.178
113560,303.669,303.186,46.4562,-3.36303
113570,303.669,303.186,46.4562,-3.36303
113580,303.46,303.186,46.4562,-1.178
113590,303.385,303.186,46.4562,-1.178
113600,303.385,303.186,86.2322,-1.178
113610,303.393,303.186,86.2322,-1.178
113620,303.393,303.186,86.2322,-1.178
113630,303.393,303.186,86.2322,-1.178
113640,303.393,303.186,86.2322,-1.178
113650,303.393,303.186,86.2322,-1.178
113660,303.192,303.186,86.2322,-1.178
113670,303.192,303.035,86.2322,-1.178
113680,303.192,303.035,31.353,-1.178
113690,302.915,301.986,31.353,-3.36303
113700,302.063,301.631,47.3216,-1.178
113710,302.063,301.643,47.3216,-1.178
113720,301.855,301.643,95.4171,-1.178
113730,301.858,301.643,95.4171,-1.178
113740,301.858,301.643,68.1102,-1.178
113750,301.858,301.643,68.1102,-1.178
113760,302.085,301.643,36.5932,-1.178
113770,302.085,301.643,36.5932,-1.178
113780,301.914,301.643,4.71873,-1.178
113790,302.65,302.164,4.71873,-1.178
113800,302.606,302.164,84.5104,-3.36303
113810,302.606,302.164,103.466,-5.42989
113820,302.606,302.164,97.0925,-3.36303
113830,302.606,302.164,97.0925,-3.36303
113840,302.464,302.164,97.0925,-3.36303
113850,302.464,302.164,34.032,-1.178
113860,302.464,302.164,34.032,-1.178
113870,302.464,302.164,34.032,-1.178
113880,302.464,302.214,52.5073,-1.178
113890,302.529,302.214,52.5073,-1.178
113900,302.529,302.511,52.5073,-1.178
113910,302.529,302.511,52.5073,-1.178
113920,302.814,302.511,3.51477,-1.178
113930,302.814,302.511,3.51477,-1.178
113940,302.535,302.511,3.51477,-1.178
113950,302.535,302.511,3.51477,-1.178
113960,302.535,302.509,3.51477,-1.178
113970,302.535,302.509,75.8328,-1.178
113980,302.555,302.509,101.125,-1.178
113990,302.555,302.509,101.125,-1.178
114000,302.555,302.3,101.125,-3.36303
114010,302.555,302.3,92.1705,-3.36303
114020,302.555,302.3,92.1705,-3.36303
114030,302.555,302.3,92.1705,-3.36303
114040,302.768,302.569,92.1705,-1.178
114050,302.768,302.569,92.1705,-1.178
114060,302.889,302.569,25.7873,-1.178
114070,303.116,302.857,25.7873,-1.178
114080,303.116,302.857,25.7873,-1.178
114090,303.116,302.857,25.7873,-1.178
114100,303.116,302.871,25.7873,-1.178
114110,303.116,302.97,25.7873,-1.178
114120,303.062,302.97,25.7873,-1.178
114130,303.062,302.93,96.998,-1.178
114140,303.062,302.93,96.998,-1.178
114150,303.062,302.93,96.998,-1.178
114160,303.062,302.963,96.998,-1.178
114170,303.062,302.963,65.3287,-1.178
114180,303.062,302.963,56.9065,-1.178
114190,303.062,302.963,90.749,-1.178
114200,303.062,302.963,12.0323,-1.178
114210,303.202,302.963,12.0323,-1.178
114220,304.369,302.963,20.0207,-5.42989
114230,303.898,302.963,20.0207,-3.36303
114240,302.973,302.963,77.5374,-1.178
114250,302.973,302.963,68.6564,-1.178
114260,302.973,302.963,10.8943,-1.178
114270,303.579,302.963,10.8943,-1.178
114280,303.579,303.021,10.8943,-1.178
114290,303.579,303.343,33.2681,-1.178
114300,303.709,303.343,33.2681,-1.178
114310,303.709,303.343,33.2681,-1.178
114320,303.709,303.343,33.2681,-1.178
114330,303.709,303.597,32.5835,-1.178
114340,303.709,303.597,32.5835,-1.178
114350,303.885,303.597,32.5835,-1.178
114360,303.885,303.597,43.3036,-1.178
114370,304.07,303.597,43.3036,-1.178
114380,304.07,303.597,0.742143,-1.178
114390,304.07,303.597,0.742143,-1.178
114400,304.038,303.597,0.742143,-1.178
114410,304.038,303.597,0.742143,-1.178
114420,304.038,303.936,38.1376,-1.178
114430,304.354,304.135,38.1376,-1.178
114440,304.354,304.31,38.1376,-1.178
114450,304.397,304.31,38.1376,-1.178
114460,304.367,304.31,109.264,-1.178
114470,304.367,304.31,109.264,-1.178
114480,304.44,304.31,76.2338,-1.178
114490,304.44,304.434,76.2338,-1.178
114500,304.44,304.434,76.2338,-1.178
114510,304.734,304.434,76.2338,-1.178
114520,304.734,304.434,76.2338,-1.178
114530,304.912,304.256,76.2338,-3.36303
114540,304.885,304.256,62.3779,-3.36303
114550,304.53,304.256,62.3779,-1.178
114560,304.336,304.021,62.3779,-1.178
114570,304.179,304.021,62.3779,-1.178
114580,304.179,304.021,58.6097,-1.178
114590,304.179,304.021,58.6097,-1.178
114600,304.179,304.021,8.59812,-1.178
114610,304.179,303.813,8.59812,-1.178
114620,304.27,303.813,19.5292,-1.178
114630,304.27,303.889,19.5292,-1.178
114640,304.452,303.449,19.5292,-3.36303
114650,303.864,303.692,19.5292,-1.178
114660,303.864,303.692,0.476494,-1.178
114670,304.244,303.692,0.476494,-1.178
114680,304.041,303.692,0.476494,-1.178
114690,304.236,303.248,0.476494,-3.36303
114700,304.31,303.248,0.476494,-3.36303
114710,304.31,303.378,1.78844,-3.36303
114720,304.039,303.378,1.78844,-1.178
114730,304.039,303.378,3.25822,-1.178
114740,304.039,303.378,3.25822,-1.178
114750,303.654,303.378,3.25822,-1.178
114760,307.002,305.211,3.25822,-5.42989
114770,307.002,306.675,3.25822,-1.178
114780,307.002,306.675,3.25822,-1.178
114790,307.002,306.675,3.25822,-1.178
114800,307.002,306.675,3.25822,-1.178
114810,306.931,306.665,22.803,-1.178
114820,307.024,306.665,22.803,-1.178
114830,307.024,306.665,22.803,-1.178
114840,307.225,306.665,34.4353,-3.36303
114850,307.266,307.036,34.4353,-1.178
114860,307.266,307.036,30.445,-1.178
114870,307.266,307.036,30.445,-1.178
114880,307.266,307.036,64.5331,-1.178
114890,307.266,307.036,123.265,-5.42989
114900,309.14,308.294,123.265,-7.49676
114910,309.398,308.294,160.984,-7.49676
114920,309.797,309.208,26.1294,-3.36303
114930,309.797,309.208,13.3158,-1.178
114940,309.797,309.208,13.3158,-1.178
114950,309.538,309.208,13.3158,-1.178
114960,309.538,309.208,13.3158,-1.178
114970,309.796,309.208,13.3158,-1.178
114980,309.796,309.208,13.3158,-1.178
114990,309.796,309.208,13.3158,-1.178
115000,309.796,309.414,15.1577,-1.178
115010,309.705,309.414,15.1577,-1.178
115020,309.705,309.414,15.1577,-1.178
115030,309.705,309.414,10.5287,-1.178
115040,309.187,308.659,10.5287,-1.178
115050,308.912,308.659,10.5287,-1.178
115060,308.912,308.476,10.5287,-1.178
115070,308.974,308.45,10.5287,-1.178
115080,308.974,308.45,10.5287,-1.178
115090,308.68,308.45,10.5287,-1.178
115100,308.68,308.45,65.2817,-1.178
115110,308.68,308.45,65.2817,-1.178
115120,308.68,308.45,65.2817,-1.178
115130,308.68,308.45,65.2817,-1.178
115140,308.68,308.45,34.048,-1.178
115150,308.68,308.45,90.1169,-1.178
115160,308.68,308.45,63.3622,-1.178
115170,308.68,308.45,52.3262,-1.178
115180,308.68,308.45,43.6335,-1.178
115190,308.534,308.45,43.6335,-1.178
115200,308.534,308.45,65.3385,-1.178
115210,308.495,308.45,76.7201,-1.178
115220,308.495,308.45,104.071,-1.178
115230,308.495,308.45,104.071,-1.178
115240,308.495,307.937,16.9041,-1.178
115250,308.495,307.937,16.9041,-1.178
115260,308.358,307.888,16.083,-1.178
115270,308.358,307.774,16.083,-1.178
115280,308.358,308.07,16.083,-1.178
115290,308.282,308.248,16.083,-1.178
115300,308.282,308.248,16.083,-1.178
115310,308.72,308.648,16.083,-1.178
115320,309.222,309.055,16.083,-1.178
115330,309.633,309.055,16.083,-1.178
115340,309.633,309.163,16.083,-1.178
115350,309.633,309.163,16.083,-1.178
115360,309.633,309.18,16.083,-1.178
115370,309.633,309.18,16.083,-1.178
115380,309.633,309.18,16.083,-1.178
115390,309.633,309.18,16.083,-1.178
115400,309.633,309.206,16.083,-1.178
115410,309.633,309.206,27.691,-1.178
115420,309.633,309.206,27.691,-1.178
115430,309.633,309.118,27.691,-1.178
115440,309.633,309.118,27.691,-1.178
115450,309.633,309.118,27.691,-1.178
115460,309.534,309.118,27.691,-1.178
115470,309.534,309.118,27.691,-1.178
115480,309.534,309.42,27.691,-1.178
115490,309.534,309.42,27.691,-1.178
115500,309.534,309.42,27.691,-1.178
115510,309.534,309.42,27.691,-1.178
115520,309.534,309.42,102.697,-1.178
115530,309.534,309.42,102.697,-1.178
115540,309.534,309.359,33.8459,-1.178
115550,309.534,309.359,33.8459,-1.178
115560,309.752,309.359,9.89351,-1.178
115570,309.752,309.359,9.89351,-1.178
115580,309.752,309.359,9.89351,-1.178
115590,309.496,309.359,100.673,-1.178
115600,309.496,309.359,100.673,-1.178
115610,309.496,309.359,100.673,-1.178
115620,309.496,309.359,82.9978,-1.178
115630,309.496,309.359,82.9978,-1.178
115640,309.496,309.359,96.2585,-1.178
115650,309.454,309.359,96.2585,-1.178
115660,309.454,309.359,96.2585,-1.178
115670,309.454,309.359,70.7559,-1.178
115680,309.454,309.359,0.746907,-1.178
115690,309.454,309.359,81.5874,-1.178
115700,309.454,309.359,81.5874,-1.178
115710,309.454,309.359,94.1727,-1.178
115720,309.454,309.407,94.1727,-1.178
115730,309.454,309.262,94.1727,-1.178
115740,309.454,309.262,94.1727,-1.178
115750,309.454,309.262,94.1727,-1.178
115760,309.454,309.262,94.1727,-1.178
115770,309.286,309.262,94.1727,-1.178
115780,309.286,309.262,94.1727,-1.178
115790,309.286,309.262,84.2836,-1.178
115800,309.286,309.262,45.0406,-1.178
115810,309.549,309.262,54.3402,-1.178
115820,309.42,309.262,54.3402,-1.178
115830,309.42,309.262,51.5075,-1.178
115840,309.36,308.917,8.27943,-1.178
115850,309.36,309.022,8.27943,-1.178
115860,309.253,308.722,11.2026,-1.178
115870,309.253,308.83,11.2026,-1.178
115880,309.253,309.14,15.2216,-1.178
115890,309.253,309.14,15.2216,-1.178
115900,309.253,309.245,15.2216,-1.178
115910,309.253,309.245,15.2216,-1.178
115920,309.253,309.245,52.9083,-1.178
115930,309.253,308.894,62.0407,-1.178
115940,309.253,308.894,62.0407,-1.178
115950,309.199,308.894,62.0407,-1.178
115960,309.583,308.894,23.7638,-3.36303
115970,309.583,308.894,23.7638,-3.36303
115980,309.583,309.058,23.7638,-1.178
115990,309.583,309.058,23.7638,-1.178
116000,309.475,309.403,23.7638,-1.178
116010,309.475,309.403,23.7638,-1.178
116020,309.475,309.403,23.7638,-1.178
116030,309.544,309.403,97.3768,-1.178
116040,309.544,309.403,12.2676,-1.178
116050,309.544,309.403,112.676,-3.36303
116060,309.716,309.403,7.52636,-1.178
116070,309.716,309.403,40.3225,-1.178
116080,309.684,309.403,40.3225,-1.178
116090,309.447,309.403,126.717,-1.178
116100,309.447,309.403,126.717,-1.178
116110,309.47,309.403,103.093,-1.178
116120,309.47,309.403,103.093,-1.178
116130,309.47,309.403,117.654,-1.178
116140,309.47,309.403,26.1461,-1.178
116150,309.579,309.403,72.5789,-1.178
116160,309.579,309.403,29.5393,-1.178
116170,309.9,309.277,29.5393,-3.36303
116180,309.9,309.277,81.6456,-3.36303
116190,309.9,309.277,81.6456,-3.36303
116200,309.9,309.277,81.6456,-3.36303
116210,310.268,309.277,81.6456,-5.42989
116220,309.31,309.277,81.6456,-1.178
116230,309.929,309.277,81.6456,-3.36303
116240,309.929,309.277,81.6456,-3.36303
116250,309.929,309.668,83.7218,-1.178
116260,309.929,309.668,80.0102,-1.178
116270,309.929,309.668,80.0102,-1.178
116280,309.773,309.485,80.0102,-1.178
116290,309.773,309.485,80.0102,-1.178
116300,309.773,309.485,80.0102,-1.178
116310,309.773,309.485,80.0102,-1.178
116320,309.773,309.485,80.0102,-1.178
116330,309.773,309.485,80.0102,-1.178
116340,309.773,309.485,80.0102,-1.178
116350,309.773,309.485,80.0102,-1.178
116360,309.773,309.485,13.6821,-1.178
116370,309.773,309.299,13.6821,-1.178
116380,309.773,309.34,31.5644,-1.178
116390,309.773,309.769,132.33,-1.178
116400,309.773,309.769,66.7314,-1.178
116410,309.773,309.769,66.7314,-1.178
116420,309.9,309.769,17.6346,-1.178
116430,309.9,309.769,83.0412,-1.178
116440,309.9,309.769,83.0412,-1.178
116450,309.9,309.769,83.0412,-1.178
116460,310.405,309.769,83.0412,-3.36303
116470,310.405,309.769,70.3949,-3.36303
116480,310.405,309.769,18.8286,-3.36303
116490,309.856,308.943,18.8286,-3.36303
116500,309.958,308.887,18.8286,-3.36303
116510,309.949,308.401,18.8286,-5.42989
116520,309.002,308.455,18.8286,-1.178
116530,309.195,308.822,18.8286,-1.178
116540,309.195,308.822,18.8286,-1.178
116550,309.195,308.822,18.8286,-1.178
116560,309.195,308.822,18.8286,-1.178
116570,309.195,308.822,1.99688,-1.178
116580,309.195,308.801,1.99688,-1.178
116590,309.195,308.801,1.99688,-1.178
116600,309.195,308.897,1.99688,-1.178
116610,309.195,309.177,1.99688,-1.178
116620,309.195,309.177,0.71445,-1.178
116630,309.195,309.177,69.2258,-1.178
116640,309.195,309.177,86.5853,-1.178
116650,309.573,309.177,25.7958,-1.178
116660,309.898,309.177,25.7958,-3.36303
116670,309.839,308.844,8.16994,-3.36303
116680,309.839,309.836,8.16994,-1.178
116690,310.379,309.836,8.16994,-1.178
116700,310.379,309.836,8.16994,-1.178
116710,310.379,309.836,8.16994,-1.178
116720,310.379,309.872,8.16994,-1.178
116730,310.379,309.872,8.16994,-1.178
116740,310.379,309.872,11.317,-1.178
116750,310.379,309.872,11.317,-1.178
116760,310.379,309.872,18.086,-1.178
116770,310.379,309.872,18.086,-1.178
116780,309.339,308.235,18.086,-3.36303
116790,308.307,308.236,80.2158,-1.178
116800,308.307,308.236,104.973,-1.178
116810,308.307,308.299,116.746,-1.178
116820,308.307,308.299,116.746,-1.178
116830,308.307,308.299,15.1616,-1.178
116840,308.773,308.299,2.63148,-1.178
116850,308.773,308.299,2.63148,-1.178
116860,308.773,308.299,2.63148,-1.178
116870,308.547,308.409,21.8319,-1.178
116880,308.547,308.409,27.4551,-1.178
116890,308.547,308.362,27.4551,-1.178
116900,308.547,308.105,27.4551,-1.178
116910,308.547,308.105,27.4551,-1.178
116920,308.416,308.314,8.84031,-1.178
116930,308.416,308.314,8.84031,-1.178
116940,308.465,308.314,9.79204,-1.178
116950,308.468,308.37,102.473,-1.178
116960,308.468,308.37,102.473,-1.178
116970,308.468,308.37,102.473,-1.178
116980,308.468,308.37,102.473,-1.178
116990,308.468,308.37,102.473,-1.178
117000,308.468,308.328,102.473,-1.178
117010,308.468,308.328,102.473,-1.178
117020,308.388,308.328,102.473,-1.178
117030,308.388,308.328,102.473,-1.178
117040,308.388,308.328,102.473,-1.178
117050,308.388,308.328,94.6606,-1.178
117060,308.388,308.328,113.785,-1.178
117070,308.388,308.328,113.785,-1.178
117080,308.388,308.328,18.676,-1.178
117090,308.388,308.169,36.388,-1.178
117100,308.388,308.169,28.4954,-1.178
117110,308.388,308.169,28.4954,-1.178
117120,308.388,308.169,84.0456,-1.178
117130,308.388,308.169,52.989,-1.178
117140,308.605,307.668,52.989,-3.36303
117150,308.605,307.668,52.989,-3.36303
117160,307.758,307.668,80.5238,-1.178
117170,307.758,307.668,57.6254,-1.178
117180,307.758,307.668,22.5561,-1.178
117190,307.758,307.668,22.5561,-1.178
117200,307.973,307.668,22.5561,-1.178
117210,308.126,307.668,22.5561,-1.178
117220,308.126,307.668,19.2682,-1.178
117230,308.126,307.668,89.179,-3.36303
117240,307.691,307.66,89.179,-1.178
117250,307.691,307.66,89.179,-1.178
117260,307.691,307.66,89.179,-1.178
117270,307.691,307.599,34.9306,-1.178
117280,307.691,307.599,80.1674,-1.178
117290,307.691,307.599,109.081,-1.178
117300,307.691,307.599,80.6137,-1.178
117310,307.691,307.599,80.6137,-1.178
117320,307.777,307.599,80.6137,-1.178
117330,307.739,307.599,80.6137,-1.178
117340,307.739,307.599,80.6137,-1.178
117350,307.739,307.599,76.314,-1.178
117360,307.739,307.599,76.314,-1.178
117370,307.693,307.599,76.314,-1.178
117380,307.693,307.599,76.314,-1.178
117390,307.693,307.599,76.314,-1.178
117400,307.693,307.599,76.314,-1.178
117410,307.693,307.597,59.9863,-1.178
117420,307.693,307.459,60.689,-1.178
117430,307.693,307.459,60.689,-1.178
117440,307.732,307.459,60.689,-1.178
117450,307.732,307.459,60.689,-1.178
117460,307.732,307.459,60.689,-1.178
117470,307.732,307.459,60.689,-1.178
117480,307.732,307.492,60.689,-1.178
117490,307.732,307.692,60.689,-1.178
117500,307.732,307.692,112.509,-1.178
117510,307.732,307.692,112.509,-1.178
117520,307.742,307.692,112.509,-1.178
117530,307.742,307.692,112.509,-1.178
117540,307.742,307.692,88.964,-1.178
117550,307.742,307.692,45.6166,-1.178
117560,307.742,307.692,45.6166,-1.178
117570,307.742,307.692,127.132,-1.178
117580,307.742,307.692,127.132,-1.178
117590,307.742,307.692,63.8999,-1.178
117600,307.769,307.692,63.8999,-1.178
117610,307.769,307.692,63.8999,-1.178
117620,307.769,307.692,63.8999,-1.178
117630,307.769,307.692,63.8999,-1.178
117640,307.769,307.692,40.6704,-1.178
117650,307.769,307.692,40.6704,-1.178
117660,307.769,307.692,40.6704,-1.178
117670,307.769,307.692,90.6099,-1.178
117680,307.769,307.692,98.8876,-1.178
117690,307.769,307.692,98.8876,-1.178
117700,307.769,307.692,98.8876,-1.178
117710,307.769,307.692,86.3642,-1.178
117720,307.769,307.692,86.3642,-1.178
117730,307.769,307.692,86.3642,-1.178
117740,307.769,307.637,107.546,-1.178
117750,307.769,307.637,107.546,-1.178
117760,307.686,307.637,49.4253,-1.178
117770,308.056,307.637,49.4253,-1.178
117780,307.874,307.637,49.4253,-1.178
117790,307.874,307.683,64.6516,-1.178
117800,307.874,307.683,64.6516,-1.178
117810,307.874,307.683,76.7382,-1.178
117820,307.874,307.683,73.0081,-1.178
117830,307.874,307.683,59.0959,-1.178
117840,307.874,307.683,26.6513,-1.178
117850,308.173,307.683,26.6513,-1.178
117860,308.173,307.683,26.6513,-1.178
117870,308.173,307.683,26.6513,-1.178
117880,308.068,307.683,26.6513,-1.178
117890,308.145,307.683,26.6513,-1.178
117900,308.145,307.683,26.6513,-1.178
117910,308.188,307.683,26.6513,-1.178
117920,307.864,307.683,26.6513,-1.178
117930,307.864,307.683,26.6513,-1.178
117940,307.864,307.573,26.6513,-1.178
117950,307.664,307.564,51.608,-1.178
117960,307.664,307.564,116.802,-1.178
117970,307.664,307.564,116.802,-1.178
117980,307.651,307.564,116.802,-1.178
117990,307.86,307.062,43.134,-3.36303
118000,307.86,307.062,43.134,-3.36303
118010,307.86,306.927,27.2961,-3.36303
118020,307.86,306.927,27.2961,-3.36303
118030,307.86,306.927,27.2961,-3.36303
118040,307.034,306.927,63.3433,-1.178
118050,307.034,306.927,63.3433,-1.178
118060,307.034,306.927,63.3433,-1.178
118070,307.034,306.927,63.3433,-1.178
118080,307.393,306.927,4.66528,-1.178
118090,307.393,306.927,4.66528,-1.178
118100,307.393,306.927,4.66528,-1.178
118110,307.904,307.541,4.66528,-1.178
118120,307.904,307.541,4.66528,-1.178
118130,310.238,307.541,28.245,-7.49676
118140,310.238,307.541,28.245,-7.49676
118150,308.162,308.119,27.7493,-1.178
118160,308.162,308.119,41.2057,-1.178
118170,308.162,308.119,87.2277,-1.178
118180,308.162,308.119,87.2277,-1.178
118190,308.162,308.119,105.534,-1.178
118200,308.162,308.119,105.534,-1.178
118210,308.162,308.119,107.228,-1.178
118220,308.162,308.119,107.228,-1.178
118230,308.162,308.119,83.7129,-1.178
118240,308.162,308.119,83.7129,-1.178
118250,308.162,307.937,116.886,-3.36303
118260,308.162,307.937,67.5441,-1.178
118270,308.162,307.982,67.5441,-1.178
118280,308.5,308.142,67.5441,-1.178
118290,308.5,308.142,1.64228,-1.178
118300,307.987,307.861,1.64228,-1.178
118310,307.987,307.861,1.64228,-1.178
118320,307.987,307.861,65.4657,-1.178
118330,307.987,307.663,33.5813,-1.178
118340,307.987,307.531,33.5813,-1.178
118350,307.987,307.531,33.5813,-1.178
118360,307.987,307.531,33.5813,-1.178
118370,307.81,307.531,54.2109,-1.178
118380,307.81,307.531,54.2109,-1.178
118390,307.892,307.531,54.2109,-1.178
118400,307.892,307.838,8.923,-1.178
118410,307.892,307.838,123.904,-1.178
118420,307.892,307.838,90.952,-1.178
118430,307.892,307.838,90.952,-1.178
118440,307.892,307.838,62.6547,-1.178
118450,307.892,307.838,62.6547,-1.178
118460,307.892,307.838,6.57118,-1.178
118470,307.892,307.838,103.666,-1.178
118480,307.892,307.838,119.319,-1.178
118490,307.892,307.838,119.319,-1.178
118500,307.892,307.844,85.0187,-1.178
118510,307.892,307.844,85.0187,-1.178
118520,307.892,307.844,85.0187,-1.178
118530,307.892,307.844,85.0187,-1.178
118540,307.892,307.844,85.0187,-1.178
118550,307.892,307.866,85.0187,-1.178
118560,307.892,307.866,85.0187,-1.178
118570,307.892,307.866,85.0187,-1.178
118580,307.892,307.698,3.30882,-1.178
118590,307.892,307.698,3.30882,-1.178
118600,307.892,307.698,3.30882,-1.178
118610,307.892,307.698,115.16,-3.36303
118620,307.892,307.698,115.16,-3.36303
118630,307.892,307.698,115.16,-3.36303
118640,307.892,307.698,105.993,-3.36303
118650,307.892,307.698,24.4183,-1.178
118660,308.035,307.698,24.4183,-1.178
118670,308.035,307.698,66.1337,-1.178
118680,308.035,307.698,66.1337,-1.178
118690,308.035,307.698,66.1337,-1.178
118700,308.035,307.317,4.97593,-3.36303
118710,308.035,307.317,25.1566,-3.36303
118720,308.338,308.07,25.1566,-1.178
118730,308.566,308.07,25.1566,-1.178
118740,308.29,308.07,25.1566,-1.178
118750,308.29,308.07,25.1566,-1.178
118760,308.29,308.07,25.1566,-1.178
118770,308.29,308.288,25.1566,-1.178
118780,308.29,307.758,25.1566,-1.178
118790,308.29,307.758,25.1566,-1.178
118800,308.29,307.758,25.1566,-1.178
118810,307.826,307.758,25.1566,-1.178
118820,307.826,307.758,35.5121,-1.178
118830,307.826,307.758,108.065,-1.178
118840,307.826,307.758,46.9318,-1.178
118850,307.826,307.558,46.9318,-1.178
118860,307.841,307.665,46.9318,-1.178
118870,307.841,307.665,26.4279,-1.178
118880,307.841,307.485,26.4279,-1.178
118890,307.744,307.464,26.4279,-1.178
118900,307.744,307.464,26.4279,-1.178
118910,307.909,307.464,51.1939,-1.178
118920,307.909,307.839,106.914,-1.178
118930,307.909,307.839,106.914,-1.178
118940,307.909,307.495,8.99032,-1.178
118950,308.059,307.495,4.27867,-1.178
118960,308.059,307.495,27.2781,-1.178
118970,308.059,307.582,27.2781,-1.178
118980,308.059,307.582,27.2781,-1.178
118990,308.059,307.582,27.2781,-1.178
119000,308.044,307.582,27.2781,-1.178
119010,308.148,307.582,27.2781,-1.178
119020,307.68,307.582,27.2781,-1.178
119030,307.68,307.582,27.2781,-1.178
119040,307.68,307.582,27.2781,-1.178
119050,307.68,307.582,99.9207,-1.178
119060,307.68,307.582,106.559,-1.178
119070,307.68,307.582,27.3381,-1.178
119080,307.68,307.582,118.382,-3.36303
119090,307.68,307.582,118.382,-3.36303
119100,307.68,307.582,118.382,-3.36303
119110,307.68,307.582,118.382,-3.36303
119120,307.68,307.582,108.29,-1.178
119130,307.7,307.537,18.6001,-1.178
119140,308.778,308.629,18.6001,-1.178
119150,309.108,308.629,18.6001,-1.178
119160,309.108,308.515,9.95797,-1.178
119170,309.108,308.515,9.95797,-1.178
119180,309.344,308.901,9.95797,-1.178
119190,309.344,308.901,39.2232,-1.178
119200,309.514,308.901,39.2232,-3.36303
119210,309.216,308.901,39.2232,-1.178
119220,309.113,308.901,39.2232,-1.178
119230,309.113,308.901,39.2232,-1.178
119240,309.113,308.901,1.24715,-1.178
119250,309.101,308.901,72.6125,-1.178
119260,308.586,308.503,35.8908,-1.178
119270,308.586,308.503,35.8908,-1.178
119280,308.586,308.503,26.94,-1.178
119290,308.586,308.503,26.94,-1.178
119300,308.586,308.503,51.3976,-1.178
119310,308.586,308.26,51.3976,-1.178
119320,308.374,308.26,28.2754,-1.178
119330,308.374,308.26,28.2754,-1.178
119340,308.374,307.985,27.7332,-1.178
119350,308.374,308.089,27.7332,-1.178
119360,308.344,308.089,27.7332,-1.178
119370,308.224,308.089,0.0890479,-1.178
119380,308.309,308.089,0.0890479,-1.178
119390,308.309,308.089,90.2768,-1.178
119400,308.309,308.089,31.2643,-1.178
119410,308.414,308.089,31.2643,-1.178
119420,308.414,308.062,56.8808,-1.178
119430,308.222,308.062,56.8808,-1.178
119440,308.108,308.062,99.2423,-1.178
119450,308.108,308.062,99.2423,-1.178
119460,308.108,308.062,99.2423,-1.178
119470,308.063,308.062,100.682,-1.178
119480,308.063,308.062,34.8804,-1.178
119490,308.05,307.968,34.8804,-1.178
119500,308.05,307.968,34.8804,-1.178
119510,308.05,307.968,34.8804,-1.178
119520,308.05,307.968,34.8804,-1.178
119530,308.156,307.968,59.4732,-1.178
119540,308.156,307.762,59.4732,-1.178
119550,308.156,307.762,59.4732,-1.178
119560,308.156,307.762,36.889,-1.178
119570,308.106,307.689,36.889,-1.178
119580,308.106,307.689,36.889,-1.178
119590,308.106,307.689,36.889,-1.178
119600,307.319,307.295,36.889,-1.178
119610,307.319,307.295,87.2947,-1.178
119620,307.319,307.295,115.315,-1.178
119630,307.319,307.295,115.315,-1.178
119640,307.319,307.295,115.315,-1.178
119650,307.319,307.295,115.315,-1.178
119660,307.319,307.295,115.315,-1.178
119670,307.319,307.295,115.315,-1.178
119680,307.319,307.295,115.315,-1.178
119690,307.395,307.295,115.16,-1.178
119700,307.395,307.295,115.16,-1.178
119710,307.395,307.295,115.16,-1.178
119720,307.395,307.295,115.16,-1.178
119730,307.395,307.295,115.16,-1.178
119740,307.395,307.295,115.16,-1.178
119750,307.395,307.295,47.0489,-1.178
119760,307.503,307.295,14.4529,-1.178
119770,307.412,307.295,69.5666,-1.178
119780,307.412,307.295,46.453,-1.178
119790,307.561,307.295,46.453,-1.178
119800,307.561,307.475,46.453,-1.178
119810,307.561,307.364,25.6574,-1.178
119820,307.561,307.364,25.6574,-1.178
119830,307.588,307.364,25.6574,-1.178
119840,307.588,307.364,92.0167,-1.178
119850,307.615,307.364,0.546282,-1.178
119860,307.615,307.364,0.546282,-1.178
119870,307.615,307.364,86.1617,-1.178
119880,307.615,307.364,58.5725,-1.178
119890,307.615,307.586,58.5725,-1.178
119900,307.615,307.586,93.3539,-1.178
119910,307.615,307.432,37.6808,-1.178
119920,307.684,307.33,37.6808,-1.178
119930,307.353,307.33,37.6808,-1.178
119940,307.353,307.33,37.6808,-1.178
119950,307.41,307.114,10.7579,-1.178
119960,307.166,307.114,71.5282,-1.178
119970,307.166,307.114,71.5282,-1.178
119980,307.263,307.114,89.7355,-1.178
119990,307.263,307.114,89.7355,-1.178
120000,307.263,307.114,13.4077,-1.178
120010,306.989,306.987,108.238,-1.178
120020,306.989,306.987,108.238,-1.178
120030,306.989,306.987,108.238,-1.178
120040,306.989,306.987,108.238,-1.178
120050,306.989,306.987,85.9618,-1.178
120060,306.989,306.987,85.9618,-1.178
120070,307.236,306.987,85.9618,-1.178
120080,307.091,306.987,85.9618,-1.178
120090,307.436,306.987,85.9618,-3.36303
120100,307.436,305.845,46.1869,-5.42989
120110,307.436,306.004,46.1869,-5.42989
120120,306.901,305.986,46.1869,-3.36303
120130,306.901,306.616,46.1869,-1.178
120140,306.901,306.616,46.1869,-1.178
120150,306.901,306.616,46.1869,-1.178
120160,306.901,306.616,46.1869,-1.178
120170,306.901,306.761,46.1869,-1.178
120180,306.901,306.761,91.1905,-1.178
120190,306.901,306.761,91.1905,-1.178
120200,306.901,306.761,80.7487,-1.178
120210,306.901,306.761,80.7487,-1.178
120220,306.901,306.761,42.8919,-1.178
120230,307.239,306.761,42.8919,-1.178
120240,307.952,306.761,42.8919,-5.42989
120250,307.952,307.587,186.44,-7.49676
120260,308.539,307.587,114.485,-7.49676
120270,308.175,307.587,93.4443,-5.42989
120280,307.751,307.745,93.4443,-1.178
120290,307.751,307.745,93.4443,-1.178
120300,307.878,307.49,89.8793,-3.36303
120310,307.878,307.49,83.8977,-3.36303
120320,308.002,307.49,83.8977,-3.36303
120330,307.524,307.49,83.8977,-1.178
120340,307.524,307.49,83.8977,-1.178
120350,307.524,307.248,49.8539,-1.178
120360,307.524,307.248,49.8539,-1.178
120370,307.351,307.248,49.8539,-1.178
120380,307.351,307.248,99.4729,-1.178
120390,307.351,307.248,84.1698,-1.178
120400,307.351,307.248,84.1698,-1.178
120410,307.456,306.64,55.7643,-3.36303
120420,307.456,306.64,55.7643,-3.36303
120430,307.456,307.227,55.7643,-1.178
120440,307.456,307.227,40.18,-1.178
120450,307.456,307.227,78.4875,-1.178
120460,307.456,307.227,78.4875,-1.178
120470,307.456,307.227,78.4875,-1.178
120480,307.456,307.227,78.4875,-1.178
120490,307.456,307.227,78.4875,-1.178
120500,307.456,307.227,78.4875,-1.178
120510,307.456,307.227,78.4875,-1.178
120520,307.456,307.227,45.2936,-1.178
120530,307.456,307.227,45.2936,-1.178
120540,307.456,307.227,45.2936,-1.178
120550,307.515,306.823,1.17443,-1.178
120560,307.515,306.823,1.17443,-1.178
120570,307.515,306.823,1.17443,-1.178
120580,307.149,306.823,1.17443,-1.178
120590,307.149,306.823,1.17443,-1.178
120600,307.149,306.823,1.17443,-1.178
120610,308.096,306.823,1.17443,-3.36303
120620,307.237,306.823,1.17443,-1.178
120630,307.237,306.823,1.17443,-1.178
120640,307.033,306.823,1.17443,-1.178
120650,307.033,306.823,42.1422,-1.178
120660,306.965,306.823,47.6012,-1.178
120670,306.965,306.823,14.9097,-1.178
120680,307.059,306.823,14.9097,-1.178
120690,307.059,306.526,14.9097,-1.178
120700,307.059,306.526,14.9097,-1.178
120710,307.059,306.546,18.2255,-1.178
120720,307.059,306.546,18.2255,-1.178
120730,307.059,306.64,18.2255,-1.178
120740,307.059,306.64,18.2255,-1.178
120750,307.415,306.493,18.2255,-3.36303
120760,307.415,307.41,99.9657,-1.178
120770,307.415,307.41,99.9657,-1.178
120780,307.415,307.41,99.9657,-1.178
120790,307.415,307.41,99.9657,-1.178
120800,307.415,307.41,99.9657,-1.178
120810,307.415,307.41,132.172,-1.178
120820,307.415,307.41,36.2446,-1.178
120830,307.415,307.41,49.788,-1.178
120840,307.415,307.41,49.788,-1.178
120850,307.845,307.41,49.788,-1.178
120860,307.845,307.41,49.788,-1.178
120870,307.845,307.41,49.788,-1.178
120880,307.845,307.41,49.788,-1.178
120890,307.845,307.41,49.788,-1.178
120900,307.845,307.541,49.788,-1.178
120910,307.845,307.541,49.788,-1.178
120920,307.845,307.541,83.1632,-3.36303
120930,307.845,307.541,83.1632,-3.36303
120940,307.845,307.541,103.411,-3.36303
120950,307.962,307.541,103.411,-5.42989
120960,307.962,307.879,10.0243,-1.178
120970,307.962,307.879,10.0243,-1.178
120980,307.962,307.879,101.892,-1.178
120990,307.962,307.879,101.892,-1.178
121000,307.962,307.879,97.3465,-1.178
121010,307.962,307.879,97.3465,-1.178
121020,307.962,307.879,97.3465,-1.178
121030,307.962,307.879,97.3465,-1.178
121040,307.962,307.886,97.3465,-1.178
121050,307.962,307.886,97.3465,-1.178
121060,307.962,307.886,97.3465,-1.178
121070,307.962,307.886,37.4823,-1.178
121080,307.962,307.886,37.4823,-1.178
121090,307.962,306.953,37.4823,-3.36303
121100,308.072,306.953,37.4823,-3.36303
121110,309.191,308.175,37.4823,-3.36303
121120,308.671,308.175,1.98059,-1.178
121130,308.563,308.175,1.98059,-1.178
121140,308.563,308.175,1.98059,-1.178
121150,308.289,308.175,1.98059,-1.178
121160,308.539,308.116,1.98059,-1.178
121170,308.539,308.116,1.98059,-1.178
121180,308.189,308.116,1.98059,-1.178
121190,308.189,307.225,20.6136,-3.36303
121200,308.364,307.87,20.6136,-1.178
121210,308.364,308.325,20.6136,-1.178
121220,308.364,308.325,75.9605,-1.178
121230,308.364,308.325,75.9605,-1.178
121240,308.364,308.325,75.9605,-1.178
121250,308.364,308.325,108.068,-1.178
121260,308.364,308.325,37.8124,-1.178
121270,308.364,308.325,37.8124,-1.178
121280,308.364,308.325,99.926,-1.178
121290,308.364,308.325,99.926,-1.178
121300,308.364,308.325,99.926,-1.178
121310,308.364,308.325,99.926,-1.178
121320,308.364,308.325,114.948,-1.178
121330,308.364,308.325,106.131,-1.178
121340,308.364,308.325,91.1735,-1.178
121350,308.364,308.325,96.1241,-1.178
121360,308.364,308.325,96.1241,-1.178
121370,308.364,308.325,96.1241,-1.178
121380,308.364,308.273,56.0059,-1.178
121390,308.364,308.267,61.8334,-1.178
121400,308.396,308.267,61.8334,-1.178
121410,308.343,308.273,61.8334,-1.178
121420,308.343,308.273,61.8334,-1.178
121430,308.591,308.273,49.4952,-1.178
121440,308.591,308.273,49.4952,-1.178
121450,308.591,308.273,16.0992,-1.178
121460,308.591,308.273,16.0992,-1.178
121470,308.591,308.273,16.0992,-1.178
121480,308.591,308.273,16.0992,-1.178
121490,308.591,308.273,16.0992,-1.178
121500,308.591,308.273,16.0992,-1.178
121510,308.591,308.273,16.0992,-1.178
121520,308.591,306.287,16.0992,-5.42989
121530,308.693,306.287,16.0992,-5.42989
121540,308.116,307.241,165.407,-7.49676
121550,309.012,307.194,165.407,-7.49676
121560,309.012,307.31,165.407,-7.49676
121570,309.931,308.084,165.407,-7.49676
121580,310.668,309.085,181.213,-7.49676
121590,310.668,310.171,181.213,-7.49676
121600,310.832,310.171,181.213,-7.49676
121610,310.832,310.171,68.0377,-3.36303
121620,310.639,309.823,68.0377,-3.36303
121630,310.639,309.823,68.0377,-3.36303
121640,310.639,309.823,49.3577,-3.36303
121650,310.121,309.823,73.3588,-1.178
121660,310.121,309.797,73.3588,-1.178
121670,310.121,309.797,8.9197,-1.178
121680,310.158,309.797,8.9197,-1.178
121690,310.158,310.126,64.6319,-1.178
121700,310.669,310.126,19.503,-1.178
121710,310.657,310.126,12.4069,-1.178
121720,310.657,310.534,90.2565,-1.178
121730,310.657,310.534,90.2565,-1.178
121740,310.657,310.534,90.2565,-1.178
121750,310.657,310.534,90.2565,-1.178
121760,310.657,310.596,90.2565,-1.178
121770,310.657,310.596,90.2565,-1.178
121780,310.721,310.596,90.2565,-1.178
121790,310.721,310.596,90.2565,-1.178
121800,310.721,310.596,88.6962,-1.178
121810,310.721,310.596,88.6962,-1.178
121820,310.721,310.596,41.1345,-1.178
121830,310.721,310.596,111.749,-1.178
121840,310.721,310.596,111.749,-1.178
121850,310.721,310.596,111.749,-1.178
121860,310.721,310.596,111.749,-1.178
121870,310.721,310.596,87.3359,-1.178
121880,310.721,310.596,110.571,-1.178
121890,310.721,310.596,110.571,-1.178
121900,310.721,310.596,110.571,-1.178
121910,310.721,310.596,110.571,-1.178
121920,310.721,310.596,75.3002,-1.178
121930,310.591,310.51,75.3002,-1.178
121940,310.591,310.51,104.774,-1.178
121950,310.591,310.51,75.018,-1.178
121960,310.591,310.51,75.018,-1.178
121970,310.591,310.51,110.928,-1.178
121980,310.591,310.51,110.928,-1.178
121990,310.591,310.51,110.928,-1.178
122000,310.591,310.51,110.928,-1.178
122010,310.591,310.51,110.159,-1.178
122020,310.591,310.51,106.347,-1.178
122030,310.591,310.51,45.3074,-1.178
122040,310.591,310.51,73.4719,-1.178
122050,310.591,310.51,73.4719,-1.178
122060,310.591,310.51,73.4719,-1.178
122070,310.591,310.51,50.4424,-1.178
122080,310.591,310.522,50.4424,-1.178
122090,310.591,310.167,50.4424,-1.178
122100,310.591,310.167,3.07938,-1.178
122110,310.738,310.167,3.07938,-1.178
122120,310.738,310.498,3.07938,-1.178
122130,310.738,310.498,3.07938,-1.178
122140,310.738,310.514,3.07938,-1.178
122150,310.738,310.514,68.9232,-1.178
122160,310.718,310.514,68.9232,-1.178
122170,310.718,310.606,68.9232,-1.178
122180,310.718,310.606,64.299,-1.178
122190,310.718,308.109,6.64292,-5.42989
122200,310.718,308.538,6.64292,-5.42989
122210,308.736,308.148,6.64292,-1.178
122220,308.736,308.241,8.83907,-1.178
122230,308.736,308.241,8.83907,-1.178
122240,308.736,308.241,37.5577,-1.178
122250,308.736,308.241,37.5577,-1.178
122260,308.736,307.824,57.486,-3.36303
122270,308.736,308.053,57.486,-3.36303
122280,308.652,308.053,23.1634,-3.36303
122290,308.652,308.182,28.5066,-1.178
122300,308.652,308.182,17.026,-1.178
122310,308.6,308.144,22.1239,-1.178
122320,308.6,308.574,6.2582,-1.178
122330,310.086,308.574,6.2582,-3.36303
122340,310.086,308.399,6.2582,-5.42989
122350,309.565,308.372,6.2582,-3.36303
122360,308.783,308.372,6.2582,-1.178
122370,308.689,308.372,6.2582,-1.178
122380,308.689,308.372,6.2582,-1.178
122390,308.689,308.372,6.2582,-1.178
122400,308.543,308.372,14.5842,-1.178
122410,308.543,307.986,4.33976,-1.178
122420,308.563,307.891,4.33976,-1.178
122430,308.563,307.891,4.33976,-1.178
122440,308.13,307.891,4.6604,-1.178
122450,308.13,307.891,4.6604,-1.178
122460,308.13,307.702,4.6604,-1.178
122470,308.033,307.702,4.6604,-1.178
122480,308.033,307.796,4.6604,-1.178
122490,308.033,307.796,4.6604,-1.178
122500,308.215,307.796,4.6604,-1.178
122510,308.215,307.796,4.6604,-1.178
122520,308.376,307.867,4.6604,-1.178
122530,308.447,307.867,4.6604,-1.178
122540,308.384,308.306,4.6604,-1.178
122550,309.343,308.306,4.6604,-3.36303
122560,308.493,308.306,63.7994,-1.178
122570,308.367,308.306,63.7994,-1.178
122580,308.573,308.306,63.7994,-1.178
122590,308.573,308.306,63.7994,-1.178
122600,308.661,308.306,101.469,-3.36303
122610,308.661,308.306,101.469,-3.36303
122620,308.661,308.577,101.469,-1.178
122630,308.692,308.577,101.469,-1.178
122640,308.692,308.577,111.834,-1.178
122650,308.692,308.577,42.4515,-1.178
122660,309.03,308.577,42.4515,-1.178
122670,309.03,308.791,45.2581,-1.178
122680,309.03,308.791,45.2581,-1.178
122690,309.03,308.791,58.3549,-1.178
122700,309.03,308.791,58.3549,-1.178
122710,308.893,308.791,58.3549,-1.178
122720,308.893,308.791,88.1757,-1.178
122730,308.893,308.791,23.8955,-1.178
122740,310.08,309.131,23.8955,-3.36303
122750,309.821,309.113,77.2712,-3.36303
122760,309.821,309.113,37.9272,-3.36303
122770,309.447,309.303,37.9272,-1.178
122780,309.447,309.303,37.9272,-1.178
122790,309.448,309.303,103.578,-1.178
122800,309.448,309.303,26.9938,-1.178
122810,309.503,309.07,68.3965,-3.36303
122820,309.503,309.07,5.87268,-1.178
122830,309.907,309.07,5.87268,-3.36303
122840,309.907,309.175,72.8328,-3.36303
122850,309.907,309.898,75.0207,-1.178
122860,309.907,309.898,75.0207,-1.178
122870,309.907,309.898,135.085,-1.178
122880,309.907,309.898,15.4878,-1.178
122890,309.907,309.409,29.6644,-1.178
122900,309.907,309.722,29.6644,-1.178
122910,310.068,309.722,29.6644,-1.178
122920,310.068,310.01,29.6644,-1.178
122930,310.068,310.01,29.6644,-1.178
122940,310.839,310.01,29.6644,-3.36303
122950,311.818,310.45,29.6644,-5.42989
122960,312.089,310.45,29.6644,-5.42989
122970,312.407,310.45,138.641,-7.49676
122980,312.382,309.961,39.6565,-7.49676
122990,312.382,312.073,39.6565,-1.178
123000,312.382,312.073,39.6565,-1.178
123010,312.17,312.073,83.0941,-1.178
123020,312.17,312.073,83.0941,-1.178
123030,312.17,312.073,30.1386,-1.178
123040,312.17,312.073,107.512,-1.178
123050,312.17,312.073,107.512,-1.178
123060,312.17,312.073,107.512,-1.178
123070,312.17,312.073,107.512,-1.178
123080,312.17,312.146,107.512,-1.178
123090,312.17,312.146,41.8189,-1.178
123100,312.17,312.146,41.8189,-1.178
123110,312.17,312.146,41.8189,-1.178
123120,312.17,312.146,41.8189,-1.178
123130,312.17,312.146,125.42,-1.178
123140,312.17,312.146,125.42,-1.178
123150,312.17,312.146,11.7839,-1.178
123160,312.17,312.146,102.038,-1.178
123170,312.17,312.146,21.3133,-1.178
123180,312.17,312.146,21.3133,-1.178
123190,312.17,312.146,58.5489,-1.178
123200,312.324,312.146,58.5489,-1.178
123210,312.324,312.317,58.5489,-1.178
123220,312.324,312.317,58.5489,-1.178
123230,312.324,312.317,102.918,-1.178
123240,312.324,312.317,102.918,-1.178
123250,312.324,312.317,52.6623,-1.178
123260,312.324,312.317,81.347,-1.178
123270,312.707,312.317,32.4466,-1.178
123280,312.707,312.317,19.5503,-1.178
123290,312.707,312.317,19.5503,-1.178
123300,312.707,312.212,19.5503,-1.178
123310,312.707,312.212,18.1492,-1.178
123320,312.707,312.361,18.1492,-1.178
123330,313.702,312.361,16.8279,-3.36303
123340,313.543,312.361,9.8135,-3.36303
123350,313.292,312.361,9.8135,-3.36303
123360,312.531,312.361,11.2304,-1.178
123370,312.631,312.244,11.2304,-1.178
123380,312.442,312.244,55.4193,-1.178
123390,312.479,312.244,55.4193,-1.178
123400,312.722,312.244,27.6887,-1.178
123410,312.722,312.244,27.6887,-1.178
123420,312.722,312.44,9.83334,-1.178
123430,312.722,312.44,54.5821,-1.178
123440,312.722,312.44,54.5821,-1.178
123450,312.722,312.44,54.5821,-1.178
123460,312.941,312.44,54.5821,-3.36303
123470,312.941,312.44,54.5821,-3.36303
123480,312.941,312.723,54.5821,-1.178
123490,312.941,312.723,17.1186,-1.178
123500,313.147,312.723,50.6215,-1.178
123510,313.147,312.774,50.6215,-1.178
123520,313.147,312.774,50.6215,-1.178
123530,313.089,312.639,22.5339,-1.178
123540,313.089,312.639,22.5339,-1.178
123550,313.089,312.639,22.5339,-1.178
123560,312.915,312.639,22.5339,-1.178
123570,312.915,312.639,16.3662,-1.178
123580,312.915,312.639,16.3662,-1.178
123590,313.077,312.579,16.3662,-1.178
123600,313.077,312.579,16.3662,-1.178
123610,312.639,312.579,16.3662,-1.178
123620,312.624,312.579,16.3662,-1.178
123630,312.624,312.579,125.091,-1.178
123640,312.624,312.579,125.091,-1.178
123650,312.624,312.579,93.3417,-1.178
123660,312.624,312.579,93.3417,-1.178
123670,312.696,312.579,93.3417,-1.178
123680,312.696,312.579,93.3417,-1.178
123690,312.696,312.579,93.3417,-1.178
123700,312.77,312.579,93.3417,-1.178
123710,312.77,312.579,74.428,-1.178
123720,312.77,312.579,74.428,-1.178
123730,312.77,312.579,61.0377,-1.178
123740,312.77,312.579,61.0377,-1.178
123750,312.77,312.579,61.0377,-1.178
123760,312.77,312.579,63.9579,-1.178
123770,312.77,312.579,63.9579,-1.178
123780,312.77,312.579,63.9579,-1.178
123790,312.77,312.579,63.9579,-1.178
123800,312.801,312.579,22.74,-1.178
123810,312.801,312.616,53.0109,-1.178
123820,312.801,312.616,53.0109,-1.178
123830,312.801,312.616,53.0109,-1.178
123840,312.801,312.616,53.0109,-1.178
123850,313.063,312.616,53.0109,-3.36303
123860,313.063,312.951,5.65724,-1.178
123870,313.063,312.951,15.4916,-1.178
123880,313.063,312.951,79.2171,-1.178
123890,313.063,312.951,79.2171,-1.178
123900,313.063,312.951,100.838,-1.178
123910,313.063,312.951,100.838,-1.178
123920,313.063,312.951,100.838,-1.178
123930,313.063,312.951,100.838,-1.178
123940,313.063,312.951,100.838,-1.178
123950,313.063,312.951,100.838,-1.178
123960,313.063,312.951,100.838,-1.178
123970,313.063,312.951,100.838,-1.178
123980,313.063,312.951,44.8723,-1.178
123990,313.063,312.951,96.3939,-1.178
124000,313.127,312.951,96.3939,-1.178
124010,313.065,312.951,96.3939,-1.178
124020,313.065,312.951,96.3939,-1.178
124030,313.065,312.951,96.3939,-1.178
124040,313.065,312.951,96.3939,-1.178
124050,313.065,312.951,96.3939,-1.178
124060,313.065,312.951,33.8521,-1.178
124070,313.141,312.951,33.8521,-1.178
124080,313.141,312.951,33.8521,-1.178
124090,313.141,312.951,33.8521,-1.178
124100,313.141,312.951,33.8521,-1.178
124110,313.885,313.028,33.8521,-3.36303
124120,313.369,313.028,33.8521,-1.178
124130,313.369,313.028,33.8521,-1.178
124140,313.369,313.22,33.8521,-1.178
124150,313.369,313.22,33.8521,-1.178
124160,313.369,313.22,33.8521,-1.178
124170,313.369,313.22,33.8521,-1.178
124180,313.601,313.22,33.8521,-1.178
124190,313.601,313.22,113.977,-5.42989
124200,313.601,313.199,113.977,-5.42989
124210,313.601,313.199,113.977,-5.42989
124220,313.644,313.199,113.977,-5.42989
124230,313.644,313.112,5.43865,-1.178
124240,314.382,313.112,5.43865,-3.36303
124250,313.794,313.371,17.6242,-1.178
124260,313.794,313.371,29.7785,-1.178
124270,313.395,313.371,29.7785,-1.178
124280,313.395,313.371,86.3678,-1.178
124290,313.395,313.371,86.3678,-1.178
124300,313.395,313.371,24.8346,-1.178
124310,313.195,312.985,24.8346,-1.178
124320,313.049,312.985,88.4475,-1.178
124330,313.049,312.985,88.4475,-1.178
124340,313.049,312.985,88.4475,-1.178
124350,313.049,312.985,88.4475,-1.178
124360,313.049,312.985,88.4475,-1.178
124370,313.049,312.985,88.4475,-1.178
124380,313.057,312.985,121.661,-1.178
124390,313.04,312.985,41.9039,-1.178
124400,312.982,312.869,41.9039,-1.178
124410,313.271,312.869,57.1265,-1.178
124420,313.271,312.869,10.2144,-1.178
124430,313.271,312.869,10.2144,-1.178
124440,313.271,312.762,10.2144,-1.178
124450,313.271,312.762,10.2144,-1.178
124460,313.271,312.762,15.6699,-1.178
124470,313.271,312.762,15.6699,-1.178
124480,313.271,312.762,25.4174,-1.178
124490,313.505,312.762,35.8714,-3.36303
124500,312.633,312.119,35.8714,-1.178
124510,312.633,312.119,1.53494,-1.178
124520,312.633,312.178,27.1794,-1.178
124530,312.633,312.178,27.1794,-1.178
124540,313.112,312.044,27.1794,-3.36303
124550,313.112,312.044,27.1794,-3.36303
124560,312.569,312.141,27.1794,-1.178
124570,312.569,312.141,27.1794,-1.178
124580,312.569,312.141,47.694,-1.178
124590,312.569,312.141,86.605,-3.36303
124600,312.569,312.141,86.605,-3.36303
124610,312.329,312.141,70.3578,-1.178
124620,312.329,312.141,7.10389,-1.178
124630,312.329,312.141,7.10389,-1.178
124640,312.329,311.936,7.10389,-1.178
124650,312.206,311.909,7.10389,-1.178
124660,312.206,311.182,2.54013,-3.36303
124670,312.682,311.509,2.54013,-3.36303
124680,312.682,312.083,2.54013,-1.178
124690,312.213,311.713,2.54013,-1.178
124700,312.213,311.713,2.54013,-1.178
124710,312.213,311.713,2.54013,-1.178
124720,311.904,311.373,2.54013,-1.178
124730,312.074,311.373,2.54013,-1.178
124740,312.074,311.516,2.54013,-1.178
124750,312.373,310.79,2.54013,-3.36303
124760,312.373,310.79,2.54013,-3.36303
124770,312.373,310.79,2.54013,-3.36303
124780,312.373,310.79,2.54013,-3.36303
124790,312.633,311.24,2.54013,-3.36303
124800,312.633,311.24,2.54013,-3.36303
124810,312.008,311.724,2.54013,-1.178
124820,312.23,311.886,9.74432,-1.178
124830,312.023,311.886,15.1464,-1.178
124840,312.023,311.886,25.8228,-1.178
124850,312.023,311.886,25.8228,-1.178
124860,312.023,311.886,25.8228,-1.178
124870,312.023,311.268,25.8228,-3.36303
124880,312.21,310.917,20.2065,-3.36303
124890,312.231,311.697,20.2065,-1.178
124900,311.875,311.697,84.337,-1.178
124910,311.875,311.697,84.337,-1.178
124920,311.875,311.697,84.337,-1.178
124930,311.875,309.639,84.337,-7.49676
124940,311.875,309.05,84.337,-7.49676
124950,310.926,308.062,84.337,-7.49676
124960,310.81,310.706,81.9147,-1.178
124970,310.81,310.631,85.0892,-1.178
124980,310.773,310.631,18.4401,-1.178
124990,311.054,310.631,18.4401,-1.178
125000,311.054,310.678,37.7548,-1.178
125010,311.054,310.678,57.5934,-1.178
125020,311.314,310.8,57.5934,-3.36303
125030,310.97,310.8,57.5934,-1.178
125040,311.142,311.059,96.6563,-1.178
125050,311.142,311.059,96.6563,-1.178
125060,311.142,311.059,96.6563,-1.178
125070,311.142,311.059,31.7733,-1.178
125080,311.142,311.059,31.7733,-1.178
125090,311.142,310.57,17.7324,-1.178
125100,311.142,310.938,0.208616,-1.178
125110,311.142,310.953,0.208616,-1.178
125120,311.142,310.683,0.208616,-1.178
125130,311.883,311.132,0.208616,-3.36303
125140,311.69,311.467,0.208616,-1.178
125150,311.69,311.467,0.208616,-1.178
125160,311.69,311.467,69.3789,-1.178
125170,311.69,311.677,99.9788,-1.178
125180,311.69,311.6,17.9916,-1.178
125190,311.69,311.6,18.9212,-1.178
125200,311.69,311.6,13.9296,-1.178
125210,311.69,311.605,33.9707,-1.178
125220,312.323,311.51,33.9707,-3.36303
125230,312.323,312.256,33.9707,-1.178
125240,313.093,312.256,33.9707,-3.36303
125250,313.093,312.712,56.0694,-1.178
125260,313.066,312.712,56.0694,-1.178
125270,313.066,313.042,75.5404,-1.178
125280,313.066,313.042,75.5404,-1.178
125290,313.066,313.042,45.6882,-1.178
125300,313.066,312.669,45.6882,-1.178
125310,313.066,312.669,17.4953,-1.178
125320,313.066,312.892,16.5608,-1.178
125330,312.983,312.382,16.5608,-1.178
125340,312.983,312.382,33.2775,-3.36303
125350,312.983,311.894,33.2775,-3.36303
125360,313.492,312.725,33.2775,-3.36303
125370,313.492,312.725,34.7956,-3.36303
125380,313.245,312.725,51.7303,-3.36303
125390,313.245,312.887,0.523895,-1.178
125400,313.244,312.493,0.523895,-3.36303
125410,313.244,312.493,0.523895,-3.36303
125420,313.674,312.493,18.0249,-3.36303
125430,313.156,313.098,71.2556,-1.178
125440,313.156,313.098,71.2556,-1.178
125450,313.156,313.098,87.5785,-1.178
125460,313.111,313.098,87.5785,-1.178
125470,313.111,313.098,87.5785,-1.178
125480,313.352,313.098,87.5785,-1.178
125490,313.352,313.098,80.2285,-1.178
125500,313.371,313.098,80.2285,-1.178
125510,313.371,313.098,80.2285,-1.178
125520,313.371,313.098,80.2285,-1.178
125530,313.298,313.098,80.2285,-1.178
125540,313.298,313.098,80.2285,-1.178
125550,313.298,313.098,80.2285,-1.178
125560,313.312,313.098,80.2285,-1.178
125570,313.312,313.098,80.2285,-1.178
125580,313.312,313.098,80.2285,-1.178
125590,313.312,313.098,31.2348,-1.178
125600,314.153,313.098,31.2348,-3.36303
125610,314.648,313.098,31.2348,-5.42989
125620,314.648,313.098,31.2348,-5.42989
125630,314.648,314.015,31.2348,-3.36303
125640,314.648,313.369,25.7564,-3.36303
125650,314.648,313.369,25.7564,-3.36303
125660,314.648,313.369,12.9156,-3.36303
125670,314.648,313.369,12.9156,-3.36303
125680,314.648,313.369,21.3946,-3.36303
125690,314.648,313.184,21.3946,-5.42989
125700,313.401,313.184,21.3946,-1.178
125710,315.559,313.265,21.3946,-5.42989
125720,314.597,313.265,21.3946,-3.36303
125730,314.353,313.265,16.4696,-3.36303
125740,314.351,314.197,16.4696,-1.178
125750,314.351,314.197,16.4696,-1.178
125760,314.667,314.197,16.4696,-1.178
125770,314.667,314.197,16.4696,-1.178
125780,315.098,314.197,16.4696,-3.36303
125790,315.098,314.14,16.4696,-3.36303
125800,314.451,314.14,29.799,-1.178
125810,314.451,314.14,29.799,-1.178
125820,314.242,314.14,38.2788,-1.178
125830,314.323,314.14,66.8568,-1.178
125840,314.31,314.14,66.8568,-1.178
125850,314.31,314.14,66.8568,-1.178
125860,314.31,314.064,61.9819,-1.178
125870,314.31,314.064,61.9819,-1.178
125880,314.31,314.064,33.3275,-1.178
125890,314.31,314.064,108.867,-3.36303
125900,314.21,314.064,108.867,-1.178
125910,314.21,314.064,98.8957,-1.178
125920,314.357,314.064,14.3762,-1.178
125930,314.357,314.124,14.3762,-1.178
125940,314.357,314.233,14.3762,-1.178
125950,314.357,314.238,52.1945,-1.178
125960,314.388,314.238,52.1945,-1.178
125970,314.388,314.238,75.1136,-1.178
125980,314.247,314.238,75.1136,-1.178
125990,314.247,314.238,6.26442,-1.178
126000,314.247,314.238,6.26442,-1.178
126010,314.752,314.238,6.26442,-1.178
126020,314.752,314.597,6.26442,-1.178
126030,314.752,314.597,6.19622,-1.178
126040,312.831,312.307,6.19622,-1.178
126050,312.831,312.307,6.19622,-1.178
126060,312.831,312.428,6.19622,-1.178
126070,312.831,312.205,6.19622,-1.178
126080,312.28,312.205,6.19622,-1.178
126090,312.28,312.205,6.22752,-1.178
126100,312.28,312.205,105.557,-1.178
126110,312.28,312.205,105.557,-1.178
126120,312.28,312.205,105.557,-1.178
126130,312.28,312.205,105.557,-1.178
126140,312.28,312.205,105.557,-1.178
126150,312.28,312.205,105.557,-1.178
126160,312.28,312.205,97.7506,-1.178
126170,312.28,312.205,97.7506,-1.178
126180,312.28,312.205,97.7506,-1.178
126190,312.28,312.205,97.7506,-1.178
126200,312.28,312.205,97.7506,-1.178
126210,312.28,312.205,97.7506,-1.178
126220,312.28,312.205,100.197,-1.178
126230,312.28,312.205,100.197,-1.178
126240,312.28,312.142,44.5789,-1.178
126250,312.28,312.142,44.5789,-1.178
126260,312.28,312.142,12.2246,-1.178
126270,312.28,311.723,12.2246,-1.178
126280,312.014,311.723,12.2246,-1.178
126290,311.935,311.723,36.2515,-1.178
126300,311.935,311.723,36.2515,-1.178
126310,311.935,311.723,36.2515,-1.178
126320,311.935,311.723,36.2515,-1.178
126330,311.985,311.723,36.2515,-1.178
126340,311.682,311.502,36.2515,-1.178
126350,311.682,311.502,63.0849,-1.178
126360,311.569,311.502,86.7793,-1.178
126370,311.569,311.502,46.003,-1.178
126380,311.589,311.387,75.975,-1.178
126390,311.589,311.387,60.667,-1.178
126400,311.589,311.387,78.573,-1.178
126410,311.589,311.387,90.7792,-1.178
126420,311.589,311.387,90.7792,-1.178
126430,311.589,311.387,25.6732,-1.178
126440,311.589,310.953,15.6575,-3.36303
126450,311.669,310.015,28.5432,-5.42989
126460,311.599,310.051,28.5432,-5.42989
126470,311.599,310.051,28.5432,-5.42989
126480,311.458,310.051,28.5432,-5.42989
126490,311.392,310.051,28.5432,-5.42989
126500,311.059,309.164,45.5971,-7.49676
126510,311.612,311.513,45.5971,-1.178
126520,311.757,311.483,7.57953,-1.178
126530,311.757,311.483,7.57953,-1.178
126540,311.738,311.483,83.7206,-1.178
126550,311.738,311.469,83.7206,-1.178
126560,311.738,311.469,83.7206,-1.178
126570,311.738,311.469,83.7206,-1.178
126580,311.738,311.469,83.7206,-1.178
126590,311.738,311.469,29.6458,-1.178
126600,311.738,311.469,29.6458,-1.178
126610,311.738,311.469,29.6458,-1.178
126620,311.705,311.469,21.5292,-1.178
126630,311.698,310.933,21.5292,-3.36303
126640,311.698,310.933,21.5292,-3.36303
126650,311.904,310.933,21.5292,-3.36303
126660,311.066,310.933,98.2822,-1.178
126670,311.066,310.933,98.2822,-1.178
126680,311.009,310.933,99.9258,-1.178
126690,311.009,310.933,99.9258,-1.178
126700,311.009,310.933,106.679,-1.178
126710,311.009,310.933,8.3792,-1.178
126720,311.119,310.667,8.3792,-1.178
126730,311.119,310.667,8.3792,-1.178
126740,311.119,310.924,8.3792,-1.178
126750,311.119,310.924,8.3792,-1.178
126760,311.272,310.924,60.0447,-1.178
126770,311.121,310.924,60.0447,-1.178
126780,311.121,310.924,60.0447,-1.178
126790,311.121,310.924,60.0447,-1.178
126800,311.121,310.924,60.0447,-1.178
126810,311.121,310.924,33.5064,-1.178
126820,311.405,309.577,33.5064,-5.42989
126830,310.241,309.577,33.5064,-3.36303
126840,309.88,309.577,55.8457,-1.178
126850,309.88,309.653,55.8457,-1.178
126860,309.88,309.653,55.8457,-1.178
126870,309.856,309.653,6.32031,-1.178
126880,309.889,309.454,6.32031,-1.178
126890,310.318,309.092,6.32031,-3.36303
126900,309.908,309.092,6.32031,-3.36303
126910,309.694,309.092,6.32031,-1.178
126920,309.694,309.092,6.32031,-1.178
126930,310.027,309.092,6.32031,-3.36303
126940,310.207,309.092,6.32031,-3.36303
126950,310.207,309.092,6.32031,-3.36303
126960,309.889,309.081,6.32031,-3.36303
126970,309.889,309.581,6.32031,-1.178
126980,309.919,309.488,59.3685,-3.36303
126990,309.657,309.488,59.3685,-1.178
127000,310.137,308.919,2.19504,-3.36303
127010,309.041,308.919,2.19504,-1.178
127020,309.041,308.919,0.713464,-1.178
127030,309.041,308.348,0.713464,-1.178
127040,309.041,308.348,0.713464,-1.178
127050,309.041,308.348,0.713464,-1.178
127060,308.747,308.348,0.713464,-1.178
127070,308.538,308.491,0.713464,-1.178
127080,308.609,308.284,0.713464,-1.178
127090,308.609,308.284,69.2431,-1.178
127100,308.609,308.284,33.2733,-1.178
127110,308.609,308.597,33.2733,-1.178
127120,308.609,308.474,52.2895,-1.178
127130,308.609,308.474,52.2895,-1.178
127140,308.523,308.474,52.2895,-1.178
127150,308.523,308.474,86.0139,-1.178
127160,308.523,308.474,86.0139,-1.178
127170,308.523,308.474,72.7156,-1.178
127180,308.523,308.474,16.0044,-1.178
127190,308.523,308.474,16.0044,-1.178
127200,308.523,307.926,16.0044,-1.178
127210,308.523,307.926,16.0044,-1.178
127220,308.523,307.926,34.6238,-3.36303
127230,308.542,307.926,6.07744,-1.178
127240,308.165,307.931,6.07744,-1.178
127250,307.98,307.879,37.1848,-1.178
127260,307.93,307.613,37.1848,-1.178
127270,308.067,307.613,37.1848,-1.178
127280,308.067,307.613,37.1848,-1.178
127290,308.067,307.613,37.1848,-1.178
127300,308.043,307.615,37.1848,-1.178
127310,308.043,307.615,37.1848,-1.178
127320,308.043,307.615,37.1848,-1.178
127330,308.043,307.696,37.1848,-1.178
127340,307.989,307.696,28.5144,-1.178
127350,307.989,307.696,28.5144,-1.178
127360,307.989,307.85,28.5144,-1.178
127370,307.989,307.85,28.5144,-1.178
127380,307.989,307.717,28.5144,-1.178
127390,308.121,307.717,28.5144,-1.178
127400,308.121,307.717,28.5144,-1.178
127410,307.774,307.717,28.5144,-1.178
127420,308.998,307.717,28.5144,-3.36303
127430,308.115,307.717,28.5144,-1.178
127440,308.227,307.717,37.5121,-1.178
127450,308.227,307.717,37.5121,-1.178
127460,308.227,307.717,37.5121,-1.178
127470,308.18,307.717,37.5121,-1.178
127480,308.18,307.717,34.3689,-1.178
127490,308.18,307.717,34.3689,-1.178
127500,308.18,307.717,21.2954,-1.178
127510,308.06,307.363,1.28977,-1.178
127520,307.908,307.363,1.28977,-1.178
127530,307.517,307.346,19.5995,-1.178
127540,307.517,306.93,19.5995,-1.178
127550,307.178,306.93,19.5995,-1.178
127560,307.178,306.93,87.8762,-1.178
127570,307.471,306.93,5.21383,-1.178
127580,307.471,307.338,5.21383,-1.178
127590,307.471,307.338,5.21383,-1.178
127600,307.471,307.338,5.21383,-1.178
127610,308.857,307.442,5.21383,-3.36303
127620,307.597,307.442,22.8268,-1.178
127630,307.842,307.442,22.8268,-1.178
127640,307.842,307.745,62.7178,-1.178
127650,307.842,307.781,62.7178,-1.178
127660,307.842,307.781,115.534,-1.178
127670,307.842,307.781,115.534,-1.178
127680,307.842,307.781,109.54,-1.178
127690,307.842,307.781,109.54,-1.178
127700,307.842,307.781,97.7428,-1.178
127710,307.842,307.804,97.7428,-1.178
127720,307.903,307.74,97.7428,-1.178
127730,307.903,307.74,97.7428,-1.178
127740,307.903,307.74,97.7428,-1.178
127750,307.903,307.098,97.7428,-5.42989
127760,307.903,307.496,83.9054,-3.36303
127770,307.5,307.496,83.9054,-1.178
127780,307.5,307.496,83.9054,-1.178
127790,307.708,307.496,83.9054,-1.178
127800,307.595,307.496,83.9054,-1.178
127810,307.595,307.496,14.0456,-1.178
127820,307.595,307.334,34.1489,-1.178
127830,307.595,307.128,34.1489,-1.178
127840,307.595,307.509,34.1489,-1.178
127850,307.595,307.409,34.1489,-1.178
127860,307.718,307.409,63.4799,-1.178
127870,307.718,307.409,13.0363,-1.178
127880,308.219,306.903,18.4766,-3.36303
127890,308.219,307.727,18.4766,-1.178
127900,307.783,307.727,18.4766,-1.178
127910,309.041,308.662,18.4766,-1.178
127920,309.041,308.662,18.4766,-1.178
127930,308.733,308.662,18.4766,-1.178
127940,308.733,308.662,18.4766,-1.178
127950,308.733,308.662,28.4337,-1.178
127960,308.733,308.694,28.4337,-1.178
127970,309.104,309.042,28.4337,-1.178
127980,309.104,309.042,28.4337,-1.178
127990,309.104,309.074,28.4337,-1.178
128000,309.104,309.074,28.4337,-1.178
128010,309.568,309.074,73.8719,-3.36303
128020,309.568,309.074,73.8719,-3.36303
128030,309.568,309.328,73.8719,-1.178
128040,309.568,309.328,73.8719,-1.178
128050,309.457,309.328,78.9285,-1.178
128060,309.457,309.328,78.9285,-1.178
128070,309.55,309.454,78.9285,-1.178
128080,309.55,309.454,12.4304,-1.178
128090,309.46,309.454,12.4304,-1.178
128100,309.46,309.454,17.6673,-1.178
128110,309.46,309.454,17.6673,-1.178
128120,309.46,309.454,17.6673,-1.178
128130,309.733,309.454,17.6673,-1.178
128140,310.067,309.454,17.6673,-1.178
128150,309.581,309.454,14.2122,-1.178
128160,309.581,309.454,14.2122,-1.178
128170,309.581,309.454,14.2122,-1.178
128180,310.276,309.454,14.2122,-3.36303
128190,309.194,308.145,14.2122,-3.36303
128200,309.194,308.761,49.1637,-1.178
128210,309.194,308.761,49.1637,-1.178
128220,309.194,308.918,34.2341,-1.178
128230,309.194,308.918,34.2341,-1.178
128240,309.194,308.918,34.2341,-1.178
128250,309.194,309.007,34.2341,-1.178
128260,309.369,309.352,34.2341,-1.178
128270,309.369,308.934,43.8383,-1.178
128280,308.995,308.934,43.8383,-1.178
128290,308.995,308.934,43.8383,-1.178
128300,308.995,308.934,131.37,-3.36303
128310,308.995,308.934,131.37,-3.36303
128320,308.995,308.934,131.37,-3.36303
128330,308.995,308.934,131.37,-3.36303
128340,308.995,308.934,3.72745,-1.178
128350,308.995,308.934,3.72745,-1.178
128360,308.995,308.881,3.72745,-1.178
128370,308.995,308.881,102.462,-1.178
128380,308.995,308.888,31.1749,-1.178
128390,308.995,308.888,29.2843,-1.178
128400,308.995,308.888,29.2843,-1.178
128410,309.293,308.888,29.2843,-1.178
128420,309.293,308.888,29.2843,-1.178
128430,309.189,308.888,29.2843,-1.178
128440,309.189,308.888,20.6098,-1.178
128450,309.189,308.888,20.6098,-1.178
128460,310.152,309.614,20.6098,-1.178
128470,310.001,309.614,45.5638,-1.178
128480,310.001,309.614,50.6817,-1.178
128490,310.001,309.99,50.6817,-1.178
128500,310.001,309.99,120.096,-1.178
128510,310.073,309.99,101.331,-1.178
128520,310.073,309.99,101.331,-1.178
128530,310.073,309.99,130.774,-5.42989
128540,311.448,309.965,130.774,-7.49676
128550,313.109,310.502,121.095,-7.49676
128560,312.497,310.982,7.98647,-3.36303
128570,312.46,310.795,7.98647,-5.42989
128580,312.46,312.443,7.98647,-1.178
128590,312.46,312.225,7.98647,-1.178
128600,312.583,312.225,7.98647,-1.178
128610,312.583,312.225,7.98647,-1.178
128620,312.827,312.381,38.2828,-1.178
128630,312.871,312.381,38.2828,-1.178
128640,312.535,312.381,1.64842,-1.178
128650,312.535,312.381,1.64842,-1.178
128660,312.535,312.381,73.4585,-1.178
128670,312.535,312.381,25.0401,-1.178
128680,312.535,312.381,25.0401,-1.178
128690,312.535,312.381,75.8892,-1.178
128700,312.535,312.381,75.8892,-1.178
128710,312.46,312.381,75.8892,-1.178
128720,312.46,312.381,121.291,-1.178
128730,312.42,312.381,116.915,-1.178
128740,312.42,312.381,116.915,-1.178
128750,312.42,312.381,116.915,-1.178
128760,312.42,312.196,58.3165,-1.178
128770,312.42,312.196,58.3165,-1.178
128780,312.42,312.196,58.3165,-1.178
128790,312.42,312.02,58.3165,-1.178
128800,312.42,312.02,58.3165,-1.178
128810,312.136,312.02,58.3165,-1.178
128820,312.136,312.02,58.3165,-1.178
128830,312.136,311.891,58.3165,-1.178
128840,312.136,311.843,13.6424,-1.178
128850,312.136,311.843,13.6424,-1.178
128860,312.136,311.591,13.6424,-1.178
128870,312.136,311.591,13.6424,-1.178
128880,312.136,311.591,13.6424,-1.178
128890,312.136,311.591,13.6424,-1.178
128900,312.136,311.591,13.6424,-1.178
128910,312.136,311.591,13.6424,-1.178
128920,312.136,311.591,13.6424,-1.178
128930,312.136,311.591,13.6424,-1.178
128940,311.981,311.591,13.6424,-1.178
128950,311.981,311.591,2.3211,-1.178
128960,311.981,311.591,2.3211,-1.178
128970,311.981,310.99,2.3211,-3.36303
128980,312.247,311.208,2.3211,-3.36303
128990,311.511,311.208,2.3211,-1.178
129000,311.503,311.221,2.3211,-1.178
129010,311.503,311.221,2.3211,-1.178
129020,311.503,311.426,2.3211,-1.178
129030,311.503,311.202,2.3211,-1.178
129040,311.503,311.202,2.3211,-1.178
129050,311.503,311.202,52.0703,-1.178
129060,311.503,311.049,98.5206,-3.36303
129070,311.181,311.049,98.5206,-1.178
129080,311.181,311.049,57.8541,-1.178
129090,311.181,311.049,57.8541,-1.178
129100,311.181,311.049,57.8541,-1.178
129110,311.181,311.049,17.3088,-1.178
129120,311.508,311.049,17.3088,-1.178
129130,311.143,311.049,17.3088,-1.178
129140,311.143,311.049,17.3088,-1.178
129150,311.379,310.022,17.3088,-3.36303
129160,310.456,310.022,17.3088,-1.178
129170,310.456,310.225,17.3088,-1.178
129180,310.698,310.153,17.3088,-1.178
129190,310.698,310.153,17.3088,-1.178
129200,310.5,310.153,17.3088,-1.178
129210,310.333,310.153,17.3088,-1.178
129220,310.333,310.153,17.3088,-1.178
129230,310.333,309.813,17.3088,-1.178
129240,310.333,309.813,32.2293,-1.178
129250,310.333,309.813,32.2293,-1.178
129260,311.242,310.24,32.2293,-3.36303
129270,310.931,310.24,50.6589,-3.36303
129280,310.931,309.991,50.6589,-3.36303
129290,310.931,309.6,12.9284,-3.36303
129300,309.864,309.6,12.9284,-1.178
129310,309.864,309.6,43.702,-1.178
129320,309.923,309.6,43.702,-1.178
129330,309.923,309.6,43.702,-1.178
129340,309.923,308.572,43.702,-5.42989
129350,310.025,308.572,8.29711,-3.36303
129360,310.025,308.864,8.29711,-3.36303
129370,309.544,308.864,8.29711,-3.36303
129380,309.71,308.864,8.29711,-3.36303
129390,309.71,308.458,16.9873,-3.36303
129400,309.71,308.412,16.9873,-3.36303
129410,309.176,308.412,16.9873,-3.36303
129420,309.176,308.412,16.9873,-3.36303
129430,309.176,308.412,16.9873,-3.36303
129440,309.229,308.412,16.9873,-3.36303
129450,309.229,308.212,16.9873,-3.36303
129460,309.564,308.525,3.77178,-3.36303
129470,310.067,308.525,3.77178,-3.36303
129480,308.669,308.525,67.8996,-1.178
129490,308.669,308.56,45.7561,-1.178
129500,308.669,308.56,45.7561,-1.178
129510,308.669,308.56,45.7561,-1.178
129520,309.22,308.535,45.7561,-3.36303
129530,308.773,308.535,25.6239,-1.178
129540,309.439,309.211,25.6239,-1.178
129550,309.317,309.211,24.0162,-1.178
129560,309.317,309.206,72.9745,-1.178
129570,309.331,309.206,72.9745,-1.178
129580,309.331,309.206,72.9745,-1.178
129590,309.331,309.206,72.9745,-1.178
129600,309.331,309.206,72.9745,-1.178
129610,309.331,309.206,72.9745,-1.178
129620,309.331,309.206,72.9745,-1.178
129630,309.467,309.206,72.2615,-1.178
129640,309.467,309.206,72.2615,-1.178
129650,309.467,309.206,72.2615,-1.178
129660,309.425,309.206,72.2615,-1.178
129670,309.425,309.206,72.2615,-1.178
129680,309.425,309.206,72.2615,-1.178
129690,309.425,309.206,72.2615,-1.178
129700,309.467,309.206,72.2615,-1.178
129710,309.467,309.18,72.2615,-1.178
129720,309.409,309.18,72.2615,-1.178
129730,309.409,309.18,72.2615,-1.178
129740,309.409,309.18,5.44435,-1.178
129750,309.464,309.18,37.7452,-1.178
129760,309.464,308.574,45.5417,-3.36303
129770,309.464,308.574,45.5417,-3.36303
129780,307.544,306.578,45.5417,-3.36303
129790,307.774,306.578,1.14953,-3.36303
129800,307.774,307.186,1.14953,-1.178
129810,307.774,307.186,1.14953,-1.178
129820,307.774,307.098,1.14953,-1.178
129830,307.774,307.098,1.14953,-1.178
129840,307.774,307.098,1.14953,-1.178
129850,307.774,307.098,1.14953,-1.178
129860,307.774,307.098,6.45312,-1.178
129870,307.297,307.098,1.23525,-1.178
129880,307.297,307.098,1.23525,-1.178
129890,307.297,307.098,78.6986,-1.178
129900,307.297,307.098,78.6986,-1.178
129910,307.297,307.098,78.6986,-1.178
129920,307.297,307.098,78.6986,-1.178
129930,307.297,307.098,62.7164,-1.178
129940,307.271,307.098,40.8623,-1.178
129950,307.271,307.098,77.1993,-1.178
129960,307.271,307.098,61.0551,-1.178
129970,307.348,307.098,52.9464,-1.178
129980,307.348,307.098,52.9464,-1.178
129990,307.348,307.098,52.9464,-1.178
130000,307.871,307.31,4.17013,-1.178
130010,307.871,307.31,4.17013,-1.178
130020,307.887,307.094,4.17013,-3.36303
130030,307.849,306.77,4.17013,-3.36303
130040,307.074,306.605,4.17013,-1.178
130050,306.696,306.605,102.951,-1.178
130060,306.696,306.605,102.951,-1.178
130070,306.968,306.605,56.2334,-1.178
130080,306.968,306.605,56.2334,-1.178
130090,306.968,306.605,56.2334,-1.178
130100,306.968,306.605,7.05687,-1.178
130110,306.866,306.605,7.05687,-1.178
130120,306.866,306.605,57.8786,-1.178
130130,306.866,306.629,57.8786,-1.178
130140,306.866,306.629,19.0279,-1.178
130150,307.194,306.629,19.0279,-1.178
130160,307.194,306.629,19.0279,-1.178
130170,307.444,306.629,19.0279,-3.36303
130180,307.444,305.758,19.0279,-5.42989
130190,305.982,305.758,56.7071,-1.178
130200,306.142,305.758,36.5725,-1.178
130210,306.142,305.758,36.5725,-1.178
130220,306.202,305.758,22.2527,-1.178
130230,306.202,305.758,22.2527,-1.178
130240,306.202,305.758,22.2527,-1.178
130250,306.202,305.758,22.2527,-1.178
130260,306.202,305.758,24.1438,-1.178
130270,306.261,305.758,24.1438,-1.178
130280,306.261,305.758,24.1438,-1.178
130290,306.261,306.197,21.2745,-1.178
130300,306.261,306.197,99.7414,-1.178
130310,306.261,306.197,99.7414,-1.178
130320,306.305,306.197,99.7414,-1.178
130330,306.305,306.197,99.7414,-1.178
130340,306.665,306.267,99.7414,-3.36303
130350,306.665,306.267,99.7414,-3.36303
130360,306.665,306.267,99.7414,-3.36303
130370,306.665,306.267,99.7414,-3.36303
130380,306.665,306.657,22.706,-1.178
130390,306.956,305.883,22.706,-3.36303
130400,307.112,305.883,22.706,-3.36303
130410,307.112,306.929,11.7637,-1.178
130420,307.112,305.799,11.7637,-3.36303
130430,308.433,306.959,11.7637,-3.36303
130440,307.515,306.948,11.7637,-1.178
130450,307.515,306.948,11.7637,-1.178
130460,307.561,306.948,21.3597,-3.36303
130470,307.172,306.948,21.3597,-1.178
130480,307.172,306.948,21.3597,-1.178
130490,307.172,306.948,0.00956041,-1.178
130500,307.172,306.948,0.00956041,-1.178
130510,307.172,307.076,0.00956041,-1.178
130520,307.172,307.076,87.0624,-1.178
130530,307.172,307.076,62.5566,-1.178
130540,307.172,306.764,62.5566,-3.36303
130550,307.172,307.004,62.5566,-1.178
130560,307.172,307.004,62.5566,-1.178
130570,307.172,307.004,62.5566,-1.178
130580,307.172,307.132,34.8734,-1.178
130590,307.172,307.132,2.95325,-1.178
130600,307.172,306.48,2.95325,-1.178
130610,306.965,306.48,2.95325,-1.178
130620,306.965,306.742,2.95325,-1.178
130630,306.965,306.742,64.0025,-1.178
130640,307.217,306.742,64.0025,-3.36303
130650,307.937,307.694,64.0025,-1.178
130660,307.937,307.691,64.0025,-1.178
130670,307.937,307.691,64.5775,-1.178
130680,307.937,307.691,24.3794,-1.178
130690,307.937,307.691,69.8917,-1.178
130700,307.937,307.917,69.8917,-1.178
130710,307.937,307.917,63.8936,-1.178
130720,308.275,307.917,63.8936,-1.178
130730,308.275,307.868,59.9947,-3.36303
130740,308.077,307.868,59.9947,-1.178
130750,308.077,307.868,82.6015,-1.178
130760,308.077,307.868,82.6015,-1.178
130770,308.139,307.868,82.6015,-1.178
130780,308.139,307.868,82.6015,-1.178
130790,308.139,307.868,113.519,-3.36303
130800,308.139,307.868,113.519,-3.36303
130810,308.139,307.868,45.8883,-1.178
130820,308.327,307.868,45.8883,-1.178
130830,308.327,307.868,45.8883,-1.178
130840,307.893,307.835,45.8883,-1.178
130850,309.393,307.835,10.0922,-5.42989
130860,309.393,308.582,10.0922,-3.36303
130870,309.912,309.87,10.0922,-1.178
130880,309.912,309.87,104.583,-1.178
130890,309.912,309.87,104.583,-1.178
130900,309.912,309.87,76.9959,-1.178
130910,309.912,309.87,17.1301,-1.178
130920,309.988,309.767,17.1301,-1.178
130930,309.988,309.767,18.3135,-1.178
130940,309.988,309.767,44.8653,-1.178
130950,309.927,309.335,44.8653,-3.36303
130960,309.927,309.335,47.7,-3.36303
130970,309.73,309.335,47.7,-1.178
130980,309.498,309.335,47.7,-1.178
130990,309.761,309.335,47.7,-1.178
131000,309.761,309.627,47.7,-1.178
131010,309.761,309.527,47.7,-1.178
131020,309.761,309.527,47.7,-1.178
131030,309.761,309.527,22.7353,-1.178
131040,309.761,309.585,10.8289,-1.178
131050,309.761,309.497,10.8289,-1.178
131060,309.991,309.497,10.8289,-1.178
131070,309.991,309.497,10.8289,-1.178
131080,309.991,309.497,30.1725,-1.178
131090,309.991,309.497,31.1353,-1.178
131100,309.991,309.497,31.1353,-1.178
131110,309.991,309.497,31.1353,-1.178
131120,309.991,309.497,31.1353,-1.178
131130,309.908,309.497,32.5822,-1.178
131140,309.502,309.497,32.5822,-1.178
131150,310.16,309.497,5.7279,-1.178
131160,309.963,309.497,5.7279,-1.178
131170,309.963,309.497,5.7279,-1.178
131180,309.963,309.497,5.7279,-1.178
131190,310.098,309.449,5.7279,-1.178
131200,310.098,309.507,5.7279,-1.178
131210,310.098,309.423,5.7279,-1.178
131220,310.098,309.423,5.7279,-1.178
131230,310.098,309.922,5.7279,-1.178
131240,309.978,308.601,5.7279,-3.36303
131250,311.277,308.947,5.7279,-5.42989
131260,310.607,310.19,5.7279,-1.178
131270,310.607,310.19,5.7279,-1.178
131280,310.607,310.19,15.9524,-1.178
131290,310.607,310.19,44.1197,-1.178
131300,310.607,310.19,52.8928,-1.178
131310,310.228,310.19,21.8235,-1.178
131320,310.228,309.769,15.569,-1.178
131330,309.872,309.769,15.569,-1.178
131340,310.393,309.769,15.569,-1.178
131350,310.077,309.769,15.569,-1.178
131360,310.077,309.769,30.3387,-1.178
131370,310.077,309.769,56.8723,-1.178
131380,310.077,309.769,56.8723,-1.178
131390,309.956,309.769,56.8723,-1.178
131400,309.956,309.777,78.6487,-1.178
131410,309.956,309.777,78.6487,-1.178
131420,309.956,309.777,5.23463,-1.178
131430,310.437,309.777,5.23463,-1.178
131440,310.437,310.342,5.23463,-1.178
131450,310.437,310.046,5.23463,-1.178
131460,310.437,310.046,5.23463,-1.178
131470,310.437,310.035,5.23463,-1.178
131480,310.437,310.035,5.23463,-1.178
131490,310.437,310.035,5.23463,-1.178
131500,310.437,310.247,5.23463,-1.178
131510,310.437,310.247,5.23463,-1.178
131520,310.437,310.247,5.23463,-1.178
131530,310.437,309.249,20.9407,-3.36303
131540,310.043,309.249,20.9407,-3.36303
131550,310.043,309.368,24.0059,-3.36303
131560,310.328,309.904,24.0059,-1.178
131570,310.157,309.904,82.0919,-1.178
131580,310.157,309.904,49.3926,-1.178
131590,310.157,309.906,79.677,-1.178
131600,310.157,309.906,79.677,-1.178
131610,310.157,309.906,79.677,-1.178
131620,310.157,309.906,79.677,-1.178
131630,310.157,309.906,69.2154,-1.178
131640,310.161,309.906,69.2154,-1.178
131650,310.14,310.133,69.2154,-1.178
131660,310.14,310.133,69.2154,-1.178
131670,310.14,309.718,97.8261,-3.36303
131680,310.14,309.767,18.6112,-1.178
131690,309.794,309.767,18.6112,-1.178
131700,309.794,309.523,18.6112,-1.178
131710,309.505,309.221,18.6112,-1.178
131720,309.505,309.221,18.6112,-1.178
131730,309.505,309.314,34.4356,-1.178
131740,309.505,309.314,34.4356,-1.178
131750,309.58,309.314,34.4356,-1.178
131760,309.58,309.314,34.4356,-1.178
131770,309.58,309.314,34.4356,-1.178
131780,309.58,309.314,46.458,-1.178
131790,309.58,309.316,33.235,-1.178
131800,309.353,309.316,97.1389,-1.178
131810,309.353,309.316,97.1389,-1.178
131820,309.353,309.316,129.122,-1.178
131830,309.353,309.316,61.8959,-1.178
131840,309.353,309.316,61.8959,-1.178
131850,309.353,309.316,11.7102,-1.178
131860,309.861,309.316,11.7102,-1.178
131870,309.861,309.274,11.7102,-1.178
131880,309.861,309.274,11.7102,-1.178
131890,309.861,309.274,24.2524,-1.178
131900,309.861,309.274,24.2524,-1.178
131910,309.861,308.872,24.2524,-3.36303
131920,309.861,308.872,24.2524,-3.36303
131930,309.345,309.342,19.1447,-1.178
131940,309.345,308.511,19.1447,-3.36303
131950,309.345,308.902,19.1447,-1.178
131960,309.345,308.902,13.8005,-1.178
131970,309.345,308.902,13.8005,-1.178
131980,309.345,309.222,13.8005,-1.178
131990,309.55,308.954,13.8005,-1.178
132000,309.55,308.954,13.8005,-1.178
132010,309.045,308.954,13.8005,-1.178
132020,309.045,308.754,52.8178,-1.178
132030,309.045,308.718,73.5393,-1.178
132040,309.045,308.718,73.5393,-1.178
132050,309.045,308.829,18.4581,-1.178
132060,309.045,308.829,9.16678,-1.178
132070,309.045,308.829,9.16678,-1.178
132080,308.88,308.829,58.8647,-1.178
132090,308.88,308.829,80.0001,-1.178
132100,308.88,308.829,30.3221,-1.178
132110,308.88,308.829,30.3221,-1.178
132120,308.88,308.829,98.6397,-1.178
132130,308.88,308.829,98.6397,-1.178
132140,308.88,308.829,98.6397,-1.178
132150,308.88,308.829,98.6397,-1.178
132160,308.88,308.845,98.6397,-1.178
132170,308.88,308.845,80.1715,-1.178
132180,308.88,308.845,80.1715,-1.178
132190,308.88,308.845,80.1715,-1.178
132200,308.88,308.755,80.1715,-1.178
132210,308.88,308.755,48.7321,-1.178
132220,308.88,308.755,48.7321,-1.178
132230,308.88,308.501,15.6343,-1.178
132240,308.567,308.145,15.6343,-1.178
132250,308.38,308.145,35.9971,-1.178
132260,308.38,308.145,35.9971,-1.178
132270,308.38,308.145,35.9971,-1.178
132280,308.38,308.145,60.9361,-1.178
132290,308.38,308.145,60.9361,-1.178
132300,308.38,308.145,60.9361,-1.178
132310,308.38,308.114,60.9361,-1.178
132320,308.385,308.114,60.9361,-1.178
132330,308.385,308.114,48.8552,-1.178
132340,308.385,308.114,48.8552,-1.178
132350,308.508,308.114,26.783,-1.178
132360,308.508,308.114,26.783,-1.178
132370,308.303,307.987,26.783,-1.178
132380,308.303,307.987,73.9424,-1.178
132390,308.303,307.987,73.9424,-1.178
132400,308.303,307.987,73.9424,-1.178
132410,308.303,307.987,73.9424,-1.178
132420,308.029,307.987,5.93938,-1.178
132430,308.029,308.015,35.3577,-1.178
132440,308.029,307.801,35.3577,-1.178
132450,308.292,308.133,59.0626,-1.178
132460,308.292,308.133,59.0626,-1.178
132470,308.292,308.133,46.6395,-1.178
132480,308.292,308.133,56.6872,-1.178
132490,308.205,308.133,56.6872,-1.178
132500,308.205,308.133,61.4081,-1.178
132510,308.205,308.133,43.0279,-1.178
132520,308.205,308.133,43.0279,-1.178
132530,309.107,309.025,43.0279,-1.178
132540,309.107,308.959,43.0279,-1.178
132550,309.107,308.959,43.0279,-1.178
132560,309.107,308.959,43.0279,-1.178
132570,309.107,309.043,43.0279,-1.178
132580,309.107,309.043,43.0279,-1.178
132590,309.466,309.043,32.333,-1.178
132600,309.466,309.043,32.333,-1.178
132610,309.466,309.043,32.333,-1.178
132620,309.466,309.043,4.45767,-1.178
132630,309.466,309.353,4.45767,-1.178
132640,309.466,309.353,4.45767,-1.178
132650,309.466,309.353,4.45767,-1.178
132660,309.466,309.353,4.45767,-1.178
132670,309.466,309.353,4.45767,-1.178
132680,309.466,309.353,66.1018,-1.178
132690,309.466,309.353,23.198,-1.178
132700,309.884,309.353,23.198,-1.178
132710,309.884,309.353,23.198,-1.178
132720,309.884,309.353,92.0245,-3.36303
132730,309.612,309.353,92.0245,-3.36303
132740,309.612,309.353,102.228,-3.36303
132750,309.502,309.485,102.228,-1.178
132760,309.502,309.485,128.971,-1.178
132770,309.503,309.485,128.971,-1.178
132780,309.503,309.485,27.4968,-1.178
132790,309.871,309.485,52.3458,-1.178
132800,309.871,309.528,52.3458,-1.178
132810,309.871,309.528,52.3458,-1.178
132820,309.871,309.528,52.3458,-1.178
132830,309.938,309.528,52.3458,-1.178
132840,309.8,309.528,52.3458,-1.178
132850,309.8,309.508,52.3458,-1.178
132860,309.8,309.508,34.6753,-1.178
132870,309.77,309.121,34.6753,-3.36303
132880,311.493,309.72,34.6753,-5.42989
132890,311.493,309.87,34.6753,-5.42989
132900,311.493,309.263,133.366,-7.49676
132910,309.527,308.506,133.366,-7.49676
132920,308.895,308.506,29.7794,-1.178
132930,308.783,308.506,48.3545,-1.178
132940,308.783,308.506,48.3545,-1.178
132950,308.623,308.338,30.6584,-1.178
132960,309.442,308.241,30.6584,-3.36303
132970,309.463,308.241,41.1148,-5.42989
132980,309.201,307.818,41.1148,-5.42989
132990,309.394,308.283,41.1148,-3.36303
133000,309.394,308.713,41.1148,-3.36303
133010,308.667,308.594,51.6903,-1.178
133020,308.667,308.513,51.6903,-1.178
133030,308.922,308.513,52.6489,-1.178
133040,308.668,308.513,52.6489,-1.178
133050,308.854,308.513,52.6489,-1.178
133060,308.636,308.202,52.6489,-1.178
133070,308.636,308.202,52.6489,-1.178
133080,308.636,308.527,52.6489,-1.178
133090,308.636,308.527,43.7313,-1.178
133100,308.636,308.461,43.7313,-1.178
133110,308.992,308.461,43.7313,-3.36303
133120,308.992,308.557,43.7313,-1.178
133130,308.992,308.557,43.7313,-1.178
133140,308.746,308.557,43.7313,-1.178
133150,308.746,308.557,43.7313,-1.178
133160,308.94,308.557,43.7313,-1.178
133170,308.94,308.557,43.7313,-1.178
133180,308.94,308.557,43.7313,-1.178
133190,308.94,308.802,2.87597,-1.178
133200,308.94,308.802,2.87597,-1.178
133210,308.94,308.802,19.6187,-1.178
133220,308.94,308.863,120.938,-1.178
133230,308.94,308.863,120.938,-1.178
133240,308.94,308.77,89.6279,-1.178
133250,308.842,308.77,106.951,-1.178
133260,308.842,308.77,41.4359,-1.178
133270,308.842,308.601,41.4359,-1.178
133280,308.842,308.787,41.4359,-1.178
133290,308.842,307.82,41.4359,-3.36303
133300,308.121,307.745,41.4359,-1.178
133310,308.121,307.745,21.8046,-1.178
133320,307.967,307.745,21.8046,-1.178
133330,307.967,307.745,21.8046,-1.178
133340,307.967,307.418,18.1395,-1.178
133350,307.881,307.418,18.1395,-1.178
133360,307.465,307.418,18.1395,-1.178
133370,307.465,307.418,101.863,-1.178
133380,307.465,307.418,101.863,-1.178
133390,307.465,307.418,62.4825,-1.178
133400,307.465,307.418,62.4825,-1.178
133410,307.762,307.418,62.4825,-1.178
133420,307.762,307.76,62.4825,-1.178
133430,309.017,307.76,62.4825,-5.42989
133440,309.017,308.55,88.5181,-3.36303
133450,309.017,308.55,9.43858,-1.178
133460,309.017,308.55,30.2241,-1.178
133470,308.69,308.55,30.2241,-1.178
133480,309.129,307.819,30.2241,-5.42989
133490,310.033,309.723,30.2241,-1.178
133500,310.033,309.723,30.2241,-1.178
133510,310.033,309.723,30.2241,-1.178
133520,310.033,309.574,30.2241,-1.178
133530,310.033,309.873,30.2241,-1.178
133540,310.033,309.873,60.3777,-1.178
133550,310.033,309.873,60.3777,-1.178
133560,310.033,309.873,60.3777,-1.178
133570,310.131,309.873,60.3777,-1.178
133580,310.131,309.873,60.3777,-1.178
133590,310.124,309.873,60.3777,-1.178
133600,310.124,309.873,60.3777,-1.178
133610,310.124,309.873,60.3777,-1.178
133620,310.124,309.873,60.3777,-1.178
133630,310.124,309.873,35.674,-1.178
133640,310.318,309.873,35.674,-1.178
133650,310.318,309.873,35.674,-1.178
133660,310.315,309.841,35.674,-1.178
133670,310.486,309.841,35.674,-3.36303
133680,310.486,309.841,35.674,-3.36303
133690,310.486,309.841,4.67439,-1.178
133700,310.329,309.841,4.67439,-1.178
133710,309.848,309.841,4.67439,-1.178
133720,309.848,309.841,4.67439,-1.178
133730,310.041,309.841,4.67439,-1.178
133740,309.903,309.336,4.67439,-1.178
133750,309.475,309.336,4.67439,-1.178
133760,309.475,309.336,4.67439,-1.178
133770,309.475,309.336,96.9935,-1.178
133780,309.8,309.336,29.8127,-1.178
133790,309.342,309.336,29.8127,-1.178
133800,309.341,309.336,115.698,-1.178
133810,309.44,309.336,115.698,-1.178
133820,309.44,309.336,59.0115,-1.178
133830,309.44,309.336,71.8914,-1.178
133840,309.44,309.336,78.9565,-1.178
133850,309.452,309.336,2.63594,-1.178
133860,309.768,309.336,2.63594,-1.178
133870,309.947,309.675,6.80806,-1.178
133880,309.947,309.675,6.80806,-1.178
133890,309.959,309.882,110.705,-1.178
133900,309.959,309.882,39.8045,-1.178
133910,309.959,309.882,39.8045,-1.178
133920,309.959,309.76,51.8486,-1.178
133930,309.959,309.76,51.8486,-1.178
133940,309.959,309.76,23.4518,-1.178
133950,310.059,309.557,23.4518,-1.178
133960,309.585,309.557,23.4518,-1.178
133970,310.966,309.557,23.4518,-5.42989
133980,310.313,309.894,70.9226,-3.36303
133990,310.313,310.121,28.2988,-1.178
134000,310.37,309.714,28.2988,-3.36303
134010,310.37,310.142,91.3394,-1.178
134020,310.37,310.268,61.9066,-1.178
134030,310.421,310.131,61.9066,-1.178
134040,310.421,310.131,61.9066,-1.178
134050,310.421,310.131,61.9066,-1.178
134060,310.421,310.131,90.8419,-3.36303
134070,310.421,310.131,90.4385,-3.36303
134080,310.421,310.131,95.5124,-3.36303
134090,310.501,310.131,95.5124,-3.36303
134100,310.501,310.131,95.5124,-3.36303
134110,310.501,310.131,95.5124,-3.36303
134120,310.501,310.421,56.1242,-1.178
134130,310.501,310.421,115.157,-1.178
134140,310.501,310.421,115.157,-1.178
134150,310.501,310.421,115.157,-1.178
134160,310.501,310.421,115.157,-1.178
134170,310.494,310.421,122.431,-1.178
134180,310.494,310.421,1.15652,-1.178
134190,310.494,309.804,1.15652,-1.178
134200,310.494,309.804,1.15652,-1.178
134210,310.494,309.804,1.15652,-1.178
134220,311.207,309.804,1.15652,-3.36303
134230,312.574,311.495,1.15652,-3.36303
134240,311.846,310.614,1.15652,-3.36303
134250,310.941,310.614,1.15652,-1.178
134260,311.06,310.614,1.15652,-1.178
134270,311.06,310.7,1.15652,-1.178
134280,311.06,310.658,1.15652,-1.178
134290,311.06,310.658,1.15652,-1.178
134300,311.22,310.658,1.08356,-1.178
134310,311.22,310.658,47.0154,-3.36303
134320,311.22,310.658,47.0154,-3.36303
134330,311.22,310.502,15.8815,-3.36303
134340,310.51,310.268,15.8815,-1.178
134350,310.315,309.865,15.8815,-1.178
134360,310.315,309.865,15.8815,-1.178
134370,310.315,309.933,35.8597,-1.178
134380,309.979,309.933,35.8597,-1.178
134390,309.982,309.933,35.8597,-1.178
134400,309.982,309.933,35.8597,-1.178
134410,309.982,309.933,96.0879,-1.178
134420,309.982,309.933,113.495,-1.178
134430,309.982,309.933,105.674,-1.178
134440,309.982,309.933,105.674,-1.178
134450,309.982,309.933,55.575,-1.178
134460,309.982,309.933,55.575,-1.178
134470,309.982,309.933,55.575,-1.178
134480,309.982,309.933,55.575,-1.178
134490,309.982,309.933,55.575,-1.178
134500,309.982,309.936,111.995,-1.178
134510,309.982,309.936,111.995,-1.178
134520,309.982,309.936,111.995,-1.178
134530,309.982,309.936,128.259,-1.178
134540,309.982,309.936,20.4966,-1.178
134550,310.29,309.894,20.4966,-1.178
134560,310.29,309.894,20.4966,-1.178
134570,309.869,309.087,20.4966,-3.36303
134580,309.869,309.246,20.4966,-3.36303
134590,309.55,309.446,20.4966,-1.178
134600,309.55,309.027,20.4966,-1.178
134610,309.55,308.566,77.8789,-5.42989
134620,310.377,308.817,77.8789,-7.49676
134630,308.457,307.488,14.737,-3.36303
134640,308.348,308.31,14.737,-1.178
134650,308.348,308.31,14.737,-1.178
134660,308.348,308.31,14.737,-1.178
134670,308.348,307.973,57.4293,-1.178
134680,307.579,307.455,57.4293,-1.178
134690,307.579,307.455,26.8113,-1.178
134700,307.579,307.455,90.1935,-1.178
134710,307.458,307.455,94.2944,-1.178
134720,307.913,307.455,45.9788,-1.178
134730,307.913,307.455,30.7991,-1.178
134740,307.913,307.455,44.3222,-1.178
134750,307.631,307.062,44.3222,-3.36303
134760,307.631,307.247,44.3222,-1.178
134770,307.631,307.247,31.8306,-1.178
134780,307.673,307.073,31.8306,-3.36303
134790,307.673,307.578,31.8306,-1.178
134800,307.673,307.228,84.26,-3.36303
134810,307.673,307.228,48.0321,-1.178
134820,307.673,307.228,48.0321,-1.178
134830,307.673,307.228,48.0321,-1.178
134840,307.673,307.516,48.0321,-1.178
134850,307.673,307.516,48.0321,-1.178
134860,307.673,307.516,48.0321,-1.178
134870,307.673,307.516,10.0849,-1.178
134880,307.673,307.516,10.0849,-1.178
134890,307.673,307.196,7.77715,-1.178
134900,307.673,307.605,7.77715,-1.178
134910,307.673,307.605,116.099,-1.178
134920,307.673,307.605,116.099,-1.178
134930,307.673,307.605,116.099,-1.178
134940,307.624,307.605,116.099,-1.178
134950,307.624,307.605,116.099,-1.178
134960,307.624,307.605,116.099,-1.178
134970,307.624,307.605,116.099,-1.178
134980,307.624,307.605,100.376,-1.178
134990,307.624,307.604,100.376,-1.178
135000,307.624,307.604,102.272,-1.178
135010,307.624,307.604,30.535,-1.178
135020,307.624,307.604,84.2717,-1.178
135030,307.818,307.604,84.2717,-1.178
135040,307.778,307.604,84.2717,-1.178
135050,307.778,307.604,78.2621,-1.178
135060,307.778,307.604,72.1013,-1.178
135070,307.778,307.604,0.780873,-1.178
135080,307.778,307.604,61.6831,-1.178
135090,307.778,306.953,61.6831,-3.36303
135100,307.778,306.953,52.9756,-3.36303
135110,307.778,306.585,2.44577,-3.36303
135120,307.788,306.585,39.5578,-5.42989
135130,307.788,306.585,39.5578,-5.42989
135140,307.788,307.73,79.1614,-1.178
135150,307.788,307.73,79.1614,-1.178
135160,307.788,307.73,79.1614,-1.178
135170,307.788,307.73,79.1614,-1.178
135180,307.748,307.73,59.564,-1.178
135190,307.748,307.73,77.7543,-1.178
135200,307.748,307.73,77.7543,-1.178
135210,307.748,307.73,125.696,-1.178
135220,307.748,307.73,83.0843,-1.178
135230,307.748,307.73,83.0843,-1.178
135240,307.943,307.73,83.0843,-1.178
135250,307.943,307.829,83.0843,-1.178
135260,307.863,307.618,35.6732,-1.178
135270,307.863,307.618,35.6732,-1.178
135280,307.863,307.618,5.94011,-1.178
135290,307.863,307.618,15.5344,-1.178
135300,307.775,307.618,3.24049,-1.178
135310,307.775,307.618,3.24049,-1.178
135320,307.775,307.618,3.24049,-1.178
135330,307.775,307.618,85.5058,-1.178
135340,307.775,307.595,85.5058,-1.178
135350,307.773,307.595,28.9222,-1.178
135360,307.773,307.381,38.7205,-1.178
135370,307.773,307.482,38.7205,-1.178
135380,307.533,307.482,38.7205,-1.178
135390,307.533,307.482,32.9953,-1.178
135400,307.533,307.482,54.5318,-1.178
135410,307.647,307.482,54.5318,-1.178
135420,307.647,307.482,54.5318,-1.178
135430,307.647,307.094,19.4595,-1.178
135440,307.632,307.094,0.201583,-1.178
135450,307.632,307.135,0.201583,-1.178
135460,307.66,307.135,0.201583,-1.178
135470,305.823,305.069,0.201583,-3.36303
135480,306.502,306.275,0.201583,-1.178
135490,306.552,306.275,0.201583,-1.178
135500,306.552,306.275,49.2894,-1.178
135510,306.552,306.509,49.2894,-1.178
135520,307.069,306.821,6.01683,-1.178
135530,307.069,306.821,0.399533,-1.178
135540,306.97,306.473,4.6887,-1.178
135550,306.97,306.559,4.6887,-1.178
135560,306.97,306.493,4.6887,-1.178
135570,306.97,306.493,26.5354,-1.178
135580,306.97,306.956,26.5354,-1.178
135590,307.353,306.653,26.5354,-3.36303
135600,307.353,306.653,48.7742,-3.36303
135610,307.353,306.548,48.7742,-3.36303
135620,307.353,306.548,61.32,-3.36303
135630,307.353,306.548,25.5992,-3.36303
135640,306.892,306.787,33.3977,-1.178
135650,306.888,306.787,33.3977,-1.178
135660,306.888,306.141,33.3977,-3.36303
135670,307.454,306.537,33.3977,-3.36303
135680,309.39,306.537,33.3977,-7.49676
135690,309.39,309.057,33.3977,-1.178
135700,309.39,308.978,57.2318,-1.178
135710,309.416,308.957,94.064,-3.36303
135720,309.416,308.957,94.064,-3.36303
135730,309.416,308.957,94.064,-3.36303
135740,309.416,309.266,44.7986,-1.178
135750,309.416,309.076,44.7986,-1.178
135760,309.458,309.076,28.4992,-1.178
135770,309.446,309.076,28.4992,-1.178
135780,309.446,309.076,102.784,-3.36303
135790,309.446,309.123,102.784,-3.36303
135800,309.446,309.123,102.784,-3.36303
135810,309.446,309.123,102.784,-3.36303
135820,309.446,309.123,88.6344,-3.36303
135830,309.446,309.406,88.6344,-1.178
135840,309.446,309.406,88.6344,-1.178
135850,309.446,309.406,88.6344,-1.178
135860,309.446,309.406,88.6344,-1.178
135870,309.446,309.406,66.7371,-1.178
135880,309.446,309.406,9.90121,-1.178
135890,309.446,309.406,86.0771,-1.178
135900,309.446,309.406,22.4018,-1.178
135910,309.446,309.406,22.4018,-1.178
135920,309.446,309.406,126.634,-1.178
135930,309.446,309.406,126.634,-1.178
135940,309.446,309.406,116.426,-1.178
135950,309.446,309.406,116.426,-1.178
135960,309.446,309.406,116.426,-1.178
135970,309.446,309.406,116.426,-1.178
135980,309.446,309.406,116.426,-1.178
135990,309.43,309.401,116.426,-1.178
136000,309.43,309.401,116.426,-1.178
136010,309.43,309.401,116.426,-1.178
136020,309.506,309.401,116.426,-1.178
136030,309.506,309.401,0.857295,-1.178
136040,309.506,309.401,61.6614,-1.178
136050,309.506,309.401,61.6614,-1.178
136060,309.547,309.54,61.6614,-1.178
136070,309.547,309.458,61.6614,-1.178
136080,309.234,309.205,61.6614,-1.178
136090,309.532,309.205,61.6614,-1.178
136100,309.532,309.353,61.6614,-1.178
136110,309.532,309.353,61.6614,-1.178
136120,309.532,309.353,70.4049,-1.178
136130,309.532,309.526,70.4049,-1.178
136140,309.532,309.526,70.4049,-1.178
136150,309.532,309.526,86.4827,-1.178
136160,309.532,309.526,119.414,-1.178
136170,309.532,309.526,87.5074,-1.178
136180,309.532,309.526,8.1197,-1.178
136190,309.532,309.526,100.117,-1.178
136200,309.532,309.526,100.117,-1.178
136210,309.532,309.526,16.2586,-1.178
136220,309.532,309.526,103.763,-1.178
136230,309.532,309.526,106.258,-1.178
136240,309.532,309.526,106.258,-1.178
136250,309.532,309.526,106.258,-1.178
136260,309.532,309.526,106.258,-1.178
136270,309.532,309.447,106.258,-1.178
136280,309.532,309.447,106.258,-1.178
136290,309.532,309.459,106.258,-1.178
136300,309.532,309.459,106.258,-1.178
136310,309.532,309.459,106.258,-1.178
136320,309.734,309.459,106.258,-3.36303
136330,309.734,309.459,106.258,-3.36303
136340,309.734,309.476,48.9787,-1.178
136350,309.734,309.476,48.9787,-1.178
136360,309.785,309.476,48.9787,-1.178
136370,309.925,309.476,48.9787,-1.178
136380,309.925,309.476,48.9787,-1.178
136390,309.925,309.75,48.9787,-1.178
136400,309.925,309.75,71.9375,-1.178
136410,309.925,309.75,59.253,-1.178
136420,309.925,309.75,102.398,-1.178
136430,309.925,309.75,98.9832,-1.178
136440,309.925,309.75,98.9832,-1.178
136450,309.925,309.75,38.2986,-1.178
136460,309.925,309.75,38.2986,-1.178
136470,309.925,309.75,38.2986,-1.178
136480,309.925,309.75,38.2986,-1.178
136490,309.925,309.75,38.2986,-1.178
136500,309.926,309.75,92.3002,-1.178
136510,309.926,309.844,59.0993,-1.178
136520,309.926,309.844,38.1722,-1.178
136530,309.926,309.839,38.1722,-1.178
136540,309.926,309.839,38.1722,-1.178
136550,309.927,309.839,89.5234,-1.178
136560,309.927,309.839,89.5234,-1.178
136570,309.927,309.839,62.0514,-1.178
136580,309.927,309.839,52.1816,-1.178
136590,310.186,309.839,52.1816,-1.178
136600,310.03,309.839,52.1816,-1.178
136610,310.03,309.752,52.1816,-1.178
136620,310.007,309.752,52.1816,-1.178
136630,310.007,309.752,52.1816,-1.178
136640,310.083,309.752,52.1816,-1.178
136650,310.039,309.752,12.8985,-1.178
136660,310.039,309.752,12.8985,-1.178
136670,310.039,309.752,12.8985,-1.178
136680,310.039,309.752,12.8985,-1.178
136690,310.039,309.752,12.8985,-1.178
136700,310.039,309.752,17.6786,-1.178
136710,310.039,309.752,17.6786,-1.178
136720,310.039,309.752,17.6786,-1.178
136730,309.936,309.752,17.6786,-1.178
136740,309.936,309.713,14.9296,-1.178
136750,309.433,309.415,14.9296,-1.178
136760,309.433,307.798,29.3789,-5.42989
136770,308.611,307.798,29.3789,-3.36303
136780,308.611,307.798,58.5732,-3.36303
136790,308.611,307.798,38.5308,-3.36303
136800,308.611,307.905,38.5308,-3.36303
136810,308.611,308.049,33.5217,-3.36303
136820,308.971,308.049,33.2489,-3.36303
136830,308.971,308.049,33.2489,-3.36303
136840,308.82,308.049,33.2489,-3.36303
136850,308.82,308.049,18.7406,-3.36303
136860,308.82,308.137,18.7406,-3.36303
136870,309.038,308.052,18.7406,-3.36303
136880,309.038,308.052,89.1807,-7.49676
136890,309.181,308.052,118.313,-7.49676
136900,310.743,309.201,170.649,-7.49676
136910,310.743,309.758,170.649,-7.49676
136920,312.46,310.111,170.649,-7.49676
136930,312.05,310.111,57.9256,-7.49676
136940,312.05,310.756,91.5915,-7.49676
136950,312.921,310.756,94.7569,-7.49676
136960,314.292,311.571,74.3776,-7.49676
136970,314.292,313.324,74.3776,-5.42989
136980,314.292,313.324,17.8899,-3.36303
136990,314.7,313.324,17.8899,-3.36303
137000,313.454,313.324,2.67347,-1.178
137010,313.454,313.166,80.7842,-1.178
137020,313.454,313.166,80.7842,-1.178
137030,313.454,313.106,49.5462,-1.178
137040,313.499,313.106,49.5462,-1.178
137050,313.499,313.106,43.3629,-1.178
137060,313.499,312.517,43.3629,-3.36303
137070,313.499,312.517,43.3629,-3.36303
137080,312.803,312.517,43.3629,-1.178
137090,312.803,312.517,68.2075,-1.178
137100,312.587,312.517,20.4796,-1.178
137110,312.587,312.47,105.063,-1.178
137120,312.624,312.47,105.063,-1.178
137130,312.513,312.47,105.063,-1.178
137140,312.513,312.47,39.8938,-1.178
137150,312.513,312.264,60.1476,-1.178
137160,312.513,312.264,60.1476,-1.178
137170,312.413,312.233,60.1476,-1.178
137180,312.413,312.289,10.3051,-1.178
137190,312.588,312.266,47.1833,-1.178
137200,312.588,312.266,47.1833,-1.178
137210,312.588,312.266,47.1833,-1.178
137220,312.605,312.36,66.9784,-1.178
137230,312.605,312.36,38.3857,-1.178
137240,312.605,312.36,38.3857,-1.178
137250,312.605,312.36,38.3857,-1.178
137260,312.679,312.36,38.3857,-1.178
137270,312.679,312.36,38.3857,-1.178
137280,312.679,312.36,38.3857,-1.178
137290,312.679,312.36,8.21001,-1.178
137300,312.654,312.36,8.21001,-1.178
137310,313.166,312.36,8.21001,-3.36303
137320,313.166,311.516,8.21001,-5.42989
137330,313.487,311.516,8.21001,-5.42989
137340,313.487,311.07,169.493,-7.49676
137350,313.487,311.862,169.493,-7.49676
137360,312.285,312.064,86.0689,-1.178
137370,312.285,312.064,86.0689,-1.178
137380,312.285,312.064,86.0689,-1.178
137390,312.285,312.112,86.0689,-1.178
137400,312.285,312.01,13.9651,-1.178
137410,312.285,312.01,56.3191,-1.178
137420,312.417,312.01,56.3191,-1.178
137430,312.417,312.01,56.3191,-1.178
137440,312.417,312.01,56.3191,-1.178
137450,312.417,312.01,32.5684,-1.178
137460,312.417,312.01,32.5684,-1.178
137470,312.269,312.01,32.5684,-1.178
137480,312.062,312.01,51.7656,-1.178
137490,312.272,312.01,51.7656,-1.178
137500,312.272,311.836,51.7656,-1.178
137510,312.272,311.836,82.2546,-3.36303
137520,312.272,311.836,64.8816,-3.36303
137530,312.077,311.836,64.8816,-1.178
137540,312.077,311.836,64.8816,-1.178
137550,312.15,311.967,69.9733,-1.178
137560,312.15,311.967,69.9733,-1.178
137570,312.225,310.523,69.9733,-7.49676
137580,312.204,309.92,69.9733,-7.49676
137590,311.009,309.92,32.9256,-3.36303
137600,310.223,309.92,93.8827,-3.36303
137610,310.223,309.92,31.324,-1.178
137620,310.223,310.195,0.204245,-1.178
137630,310.223,308.795,11.4993,-3.36303
137640,310.223,308.865,11.4993,-3.36303
137650,310.852,310.113,11.9655,-3.36303
137660,310.852,310.389,15.093,-1.178
137670,310.852,310.389,15.093,-1.178
137680,310.852,310.43,41.0262,-1.178
137690,310.93,310.43,41.0262,-1.178
137700,310.624,310.43,41.0262,-1.178
137710,310.773,310.43,35.4214,-1.178
137720,310.773,310.43,35.4214,-1.178
137730,310.773,310.545,35.4214,-1.178
137740,310.773,310.545,83.6815,-1.178
137750,310.773,310.545,5.95386,-1.178
137760,310.709,310.282,5.95386,-1.178
137770,310.709,310.05,5.95386,-1.178
137780,310.706,310.05,5.95386,-1.178
137790,310.706,310.05,8.32756,-1.178
137800,310.706,310.05,8.32756,-1.178
137810,310.788,310.223,14.6033,-1.178
137820,310.788,310.264,14.6033,-1.178
137830,310.788,310.264,14.6033,-1.178
137840,310.788,310.264,14.6033,-1.178
137850,310.888,310.264,14.6033,-1.178
137860,310.888,310.264,14.6033,-1.178
137870,310.381,310.264,51.4928,-1.178
137880,310.381,309.747,51.4928,-3.36303
137890,310.62,310.251,74.0616,-3.36303
137900,310.298,310.251,74.0616,-1.178
137910,310.594,310.251,42.2977,-1.178
137920,310.594,310.251,42.2977,-1.178
137930,310.594,310.251,8.91575,-1.178
137940,310.879,310.251,8.91575,-1.178
137950,310.879,310.251,8.91575,-1.178
137960,310.879,310.251,8.91575,-1.178
137970,310.879,310.251,8.91575,-1.178
137980,310.879,310.251,8.91575,-1.178
137990,311.741,310.561,8.91575,-3.36303
138000,310.583,310.224,8.64182,-1.178
138010,310.258,310.224,8.64182,-1.178
138020,310.367,310.102,8.64182,-1.178
138030,310.367,310.102,60.8116,-1.178
138040,310.367,310.102,60.8116,-1.178
138050,310.367,310.102,2.47002,-1.178
138060,310.582,310.102,2.47002,-1.178
138070,310.617,310.102,14.9764,-1.178
138080,310.617,310.102,21.027,-1.178
138090,310.617,310.102,1.76902,-1.178
138100,310.617,310.457,65.5575,-1.178
138110,310.617,310.457,65.5575,-1.178
138120,310.617,310.457,65.5575,-1.178
138130,310.617,310.457,65.5575,-1.178
138140,310.617,310.457,65.5575,-1.178
138150,310.617,310.457,65.5575,-1.178
138160,310.617,310.457,65.5575,-1.178
138170,310.617,310.457,72.0228,-1.178
138180,311.123,310.457,72.0228,-3.36303
138190,311.123,310.457,18.318,-3.36303
138200,311.123,310.457,7.87306,-1.178
138210,311.123,310.509,7.87306,-1.178
138220,311.123,310.509,7.87306,-1.178
138230,310.883,310.509,7.87306,-1.178
138240,310.883,310.509,7.87306,-1.178
138250,310.883,310.509,7.87306,-1.178
138260,311.722,311.395,7.87306,-1.178
138270,311.722,311.395,7.87306,-1.178
138280,311.722,311.395,7.87306,-1.178
138290,311.625,311.395,7.87306,-1.178
138300,311.625,311.395,28.8008,-1.178
138310,311.436,311.395,28.8008,-1.178
138320,311.433,311.395,101.003,-1.178
138330,311.567,311.395,11.179,-1.178
138340,311.798,311.631,11.179,-1.178
138350,311.798,311.631,74.1704,-1.178
138360,312.169,310.881,74.1704,-5.42989
138370,311.967,310.881,27.6226,-3.36303
138380,311.122,310.881,70.4198,-1.178
138390,311.122,310.881,70.4198,-1.178
138400,311.122,310.881,78.3897,-1.178
138410,311.122,310.881,78.3897,-1.178
138420,311.122,310.881,78.3897,-1.178
138430,311.122,310.881,67.5605,-1.178
138440,311.122,310.881,67.5605,-1.178
138450,311.148,310.881,84.7741,-1.178
138460,311.148,310.881,84.7741,-1.178
138470,311.148,310.881,108.608,-3.36303
138480,311.148,310.881,108.608,-3.36303
138490,311.148,310.881,108.608,-3.36303
138500,311.148,310.881,108.608,-3.36303
138510,311.148,310.881,108.608,-3.36303
138520,310.952,310.881,108.608,-1.178
138530,310.952,310.881,108.608,-1.178
138540,310.952,310.881,108.608,-1.178
138550,310.952,310.881,108.608,-1.178
138560,310.952,310.881,108.608,-1.178
138570,311.096,310.881,72.8148,-1.178
138580,311.096,310.881,47.5785,-1.178
138590,311.096,310.881,47.5785,-1.178
138600,311.096,310.881,66.3577,-1.178
138610,311.096,310.881,50.2387,-1.178
138620,311.167,310.881,39.2039,-1.178
138630,311.167,310.881,39.2039,-1.178
138640,311.262,310.881,39.2039,-1.178
138650,311.262,310.881,39.2039,-1.178
138660,311.009,310.918,20.8302,-1.178
138670,311.009,310.87,28.0052,-1.178
138680,311.397,310.87,28.0052,-1.178
138690,311.397,310.87,28.0052,-1.178
138700,311.397,310.873,28.0052,-1.178
138710,311.397,310.873,28.0052,-1.178
138720,310.931,310.873,28.0052,-1.178
138730,311.008,310.873,28.0052,-1.178
138740,311.008,310.873,28.0052,-1.178
138750,311.765,310.873,28.0052,-3.36303
138760,311.765,310.549,28.0052,-3.36303
138770,311.281,310.549,28.0052,-3.36303
138780,311.281,310.549,2.37467,-3.36303
138790,311.281,310.773,2.37467,-1.178
138800,311.283,310.888,2.37467,-1.178
138810,311.283,310.888,42.6101,-1.178
138820,311.283,311.246,42.6101,-1.178
138830,311.293,311.246,42.6101,-1.178
138840,311.293,311.246,121.421,-1.178
138850,311.293,311.246,121.421,-1.178
138860,311.293,311.246,97.756,-1.178
138870,311.293,311.246,68.6406,-1.178
138880,311.293,311.246,68.6406,-1.178
138890,311.293,311.246,35.1793,-1.178
138900,311.293,311.246,35.1793,-1.178
138910,310.352,309.772,35.1793,-3.36303
138920,310.352,309.772,48.4917,-3.36303
138930,310.129,309.772,48.4917,-1.178
138940,310.129,310.1,48.4917,-1.178
138950,310.129,310.1,119.11,-1.178
138960,310.129,310.1,84.983,-1.178
138970,310.129,310.1,84.983,-1.178
138980,310.129,309.792,63.4468,-1.178
138990,310.129,309.792,63.4468,-1.178
139000,310.129,309.792,41.7419,-1.178
139010,310.105,309.792,41.7419,-1.178
139020,310.105,309.714,41.7419,-1.178
139030,310.25,309.714,41.7419,-3.36303
139040,310.25,309.808,4.81951,-1.178
139050,310.25,309.808,4.81951,-1.178
139060,310.25,309.808,4.81951,-1.178
139070,310.25,309.853,4.81951,-1.178
139080,310.25,309.853,38.2557,-1.178
139090,310.25,309.853,38.2557,-1.178
139100,310.25,309.853,38.2557,-1.178
139110,310.25,310.113,57.4858,-1.178
139120,310.184,310.113,57.4858,-1.178
139130,310.184,310.113,57.4858,-1.178
139140,310.184,310.113,57.4858,-1.178
139150,310.184,310.113,75.856,-1.178
139160,310.184,310.113,75.856,-1.178
139170,310.184,310.113,75.856,-1.178
139180,310.184,310.113,75.856,-1.178
139190,310.184,310.113,13.6421,-1.178
139200,311.108,310.782,13.6421,-1.178
139210,311.108,310.782,13.6421,-1.178
139220,311.108,310.927,54.4357,-1.178
139230,311.108,310.927,30.4149,-1.178
139240,311.108,310.927,30.4149,-1.178
139250,311.108,310.927,30.4149,-1.178
139260,311.108,310.927,30.4149,-1.178
139270,311.108,310.927,30.4149,-1.178
139280,311.108,310.927,30.4149,-1.178
139290,311.108,310.606,23.3038,-1.178
139300,310.846,310.606,23.3038,-1.178
139310,310.846,310.592,23.3038,-1.178
139320,310.848,310.592,85.6289,-1.178
139330,310.848,310.592,85.6289,-1.178
139340,310.848,310.592,85.6289,-1.178
139350,310.848,310.592,79.0477,-1.178
139360,310.848,310.592,85.0542,-1.178
139370,310.848,310.592,85.0542,-1.178
139380,310.848,310.303,85.0542,-3.36303
139390,310.848,310.597,85.0542,-1.178
139400,310.72,310.597,85.0542,-1.178
139410,311.038,310.597,85.0542,-3.36303
139420,311.038,310.597,85.0542,-3.36303
139430,311.038,310.597,34.0429,-1.178
139440,311.038,310.597,34.0429,-1.178
139450,311.038,310.597,34.0429,-1.178
139460,310.884,310.597,35.9678,-1.178
139470,310.884,310.515,35.9678,-1.178
139480,311.052,310.671,35.9678,-1.178
139490,311.052,310.671,35.9678,-1.178
139500,311.052,310.671,35.9678,-1.178
139510,311.052,310.671,35.9678,-1.178
139520,311.052,310.671,61.1985,-1.178
139530,310.965,310.671,60.8563,-1.178
139540,310.965,310.671,0.125981,-1.178
139550,310.965,310.671,0.125981,-1.178
139560,310.965,310.946,0.125981,-1.178
139570,310.786,310.508,0.125981,-1.178
139580,310.786,310.508,62.9439,-1.178
139590,310.786,310.508,62.9439,-1.178
139600,310.786,310.508,5.52149,-1.178
139610,310.786,310.582,26.6818,-1.178
139620,310.786,310.582,102.353,-3.36303
139630,310.786,310.582,102.353,-3.36303
139640,310.589,310.582,102.353,-1.178
139650,310.589,310.582,131.924,-1.178
139660,310.589,310.582,131.924,-1.178
139670,310.589,310.582,3.78655,-1.178
139680,310.589,310.582,3.78655,-1.178
139690,310.589,310.582,57.7747,-1.178
139700,310.589,310.582,57.7747,-1.178
139710,310.589,310.528,106.504,-1.178
139720,310.589,310.528,106.504,-1.178
139730,310.589,310.528,106.504,-1.178
139740,310.589,310.528,106.504,-1.178
139750,310.639,310.528,106.504,-1.178
139760,310.639,310.528,68.2717,-1.178
139770,310.639,310.528,68.2717,-1.178
139780,310.639,310.528,68.2717,-1.178
139790,310.639,310.528,68.2717,-1.178
139800,310.639,310.528,32.2115,-1.178
139810,310.801,310.528,32.2115,-1.178
139820,311.288,310.528,32.2115,-3.36303
139830,310.751,310.528,54.318,-1.178
139840,310.751,310.528,54.318,-1.178
139850,310.751,310.442,54.318,-1.178
139860,310.751,310.442,59.158,-1.178
139870,310.701,310.442,109.464,-3.36303
139880,310.701,310.442,109.464,-3.36303
139890,310.701,310.442,109.464,-3.36303
139900,310.701,310.497,109.464,-3.36303
139910,310.701,310.497,53.0667,-1.178
139920,310.701,310.497,53.0667,-1.178
139930,310.701,310.34,53.0667,-1.178
139940,310.701,310.34,53.0667,-1.178
139950,310.701,310.651,53.0667,-1.178
139960,310.701,310.651,53.0667,-1.178
139970,310.701,310.474,53.0667,-1.178
139980,310.691,310.474,39.5361,-1.178
139990,310.691,310.474,39.5361,-1.178
140000,310.691,310.523,67.2736,-1.178
140010,310.737,310.523,67.2736,-1.178
140020,310.737,310.523,45.4094,-1.178
140030,310.737,310.523,45.4094,-1.178
140040,310.737,310.523,45.4094,-1.178
140050,310.737,310.523,45.4094,-1.178
140060,310.737,310.523,12.4551,-1.178
140070,310.737,310.523,12.4551,-1.178
140080,310.825,310.523,33.4653,-1.178
140090,310.825,310.523,33.4653,-1.178
140100,310.95,310.523,24.4763,-1.178
140110,310.989,310.523,24.4763,-1.178
140120,310.75,310.702,24.4763,-1.178
140130,310.75,310.741,113.83,-1.178
140140,310.75,310.741,113.83,-1.178
140150,310.75,310.741,113.83,-1.178
140160,310.75,310.741,113.83,-1.178
140170,310.75,310.741,59.2727,-1.178
140180,313.72,310.741,59.2727,-7.49676
140190,311.513,310.741,59.2727,-3.36303
140200,311.513,310.741,59.2727,-3.36303
140210,311.513,311.152,59.2727,-1.178
140220,311.513,311.152,59.2727,-1.178
140230,311.235,311.152,59.2727,-1.178
140240,311.235,310.615,76.0031,-3.36303
140250,311.235,311.137,0.261689,-1.178
140260,311.235,310.831,0.261689,-1.178
140270,311.235,311.008,0.261689,-1.178
140280,311.448,310.761,0.261689,-1.178
140290,311.448,309.872,0.261689,-3.36303
140300,310.312,309.872,78.169,-3.36303
140310,310.788,309.872,55.9742,-3.36303
140320,310.738,309.171,55.9742,-5.42989
140330,309.481,309.243,55.9742,-1.178
140340,309.49,309.243,55.9742,-1.178
140350,309.49,309.243,55.9742,-1.178
140360,309.49,309.243,55.9742,-1.178
140370,309.426,309.243,55.9742,-1.178
140380,309.426,309.243,70.5546,-1.178
140390,309.426,309.118,70.5546,-1.178
140400,309.172,309.118,70.5546,-1.178
140410,309.281,309.118,70.5546,-1.178
140420,309.281,309.118,70.5546,-1.178
140430,309.281,308.744,29.9662,-1.178
140440,308.979,308.744,29.9662,-1.178
140450,308.979,308.744,29.9662,-1.178
140460,308.979,308.744,0.837108,-1.178
140470,308.979,308.744,99.7885,-3.36303
140480,309.063,308.744,99.7885,-3.36303
140490,309.063,308.744,99.7885,-3.36303
140500,309.063,308.744,99.7885,-3.36303
140510,309.063,308.914,99.7885,-1.178
140520,309.113,308.914,56.2922,-1.178
140530,309.058,308.914,80.114,-1.178
140540,309.058,308.914,80.114,-1.178
140550,309.058,308.914,78.4563,-1.178
140560,309.058,308.914,78.4563,-1.178
140570,309.082,308.914,78.4563,-1.178
140580,309.082,308.818,17.0805,-1.178
140590,309.082,308.818,48.8344,-1.178
140600,309.082,308.818,23.6506,-1.178
140610,309.082,308.933,100.069,-1.178
140620,309.082,308.995,100.069,-1.178
140630,309.082,308.995,35.7704,-1.178
140640,309.082,308.995,35.7704,-1.178
140650,309.082,308.813,32.7929,-1.178
140660,309.082,308.813,32.7929,-1.178
140670,309.082,308.813,32.7929,-1.178
140680,309.082,308.813,32.7929,-1.178
140690,309.143,308.813,32.7929,-1.178
140700,309.143,308.813,32.7929,-1.178
140710,309.143,308.813,41.089,-1.178
140720,309.143,308.813,44.4698,-1.178
140730,308.889,308.813,77.8799,-1.178
140740,308.974,308.813,77.8799,-1.178
140750,308.974,308.813,77.8799,-1.178
140760,308.974,308.813,44.6582,-1.178
140770,308.974,308.813,44.6582,-1.178
140780,310.184,308.813,2.64474,-3.36303
140790,309.305,308.865,2.64474,-1.178
140800,309.305,309.159,2.64474,-1.178
140810,309.305,309.265,2.64474,-1.178
140820,309.421,309.265,28.9516,-1.178
140830,309.421,309.265,28.9516,-1.178
140840,309.421,309.338,28.9516,-1.178
140850,309.421,309.184,26.8085,-1.178
140860,309.78,309.184,26.8085,-3.36303
140870,309.173,308.656,26.8085,-1.178
140880,309.005,308.656,61.0849,-1.178
140890,309.005,308.959,61.0849,-1.178
140900,309.005,308.657,61.0849,-1.178
140910,309.005,308.657,61.0849,-1.178
140920,309.005,308.657,61.0849,-1.178
140930,309.005,308.629,61.0849,-1.178
140940,309.005,308.629,61.0849,-1.178
140950,308.657,308.629,61.0849,-1.178
140960,308.657,308.629,48.3699,-1.178
140970,308.657,308.522,48.3699,-1.178
140980,308.657,308.522,48.3699,-1.178
140990,308.657,308.522,48.3699,-1.178
141000,308.657,308.522,48.3699,-1.178
141010,308.657,308.522,48.3699,-1.178
141020,308.699,308.587,48.3699,-1.178
141030,308.699,308.553,54.0102,-1.178
141040,308.916,308.819,12.9132,-1.178
141050,309.142,308.781,12.9132,-1.178
141060,309.142,308.636,12.9132,-1.178
141070,309.142,308.636,12.9132,-1.178
141080,308.785,308.636,12.9132,-1.178
141090,308.785,308.457,12.9132,-1.178
141100,308.921,308.639,29.8319,-1.178
141110,308.921,308.639,29.8319,-1.178
141120,308.921,308.639,29.8319,-1.178
141130,309.085,308.731,29.8319,-1.178
141140,309.085,308.541,29.8319,-1.178
141150,309.085,308.541,29.8319,-1.178
141160,308.733,308.541,29.8319,-1.178
141170,308.733,308.541,29.8319,-1.178
141180,308.733,308.541,47.6468,-1.178
141190,308.733,308.536,47.6468,-1.178
141200,308.773,308.536,47.6468,-1.178
141210,308.773,308.536,47.6468,-1.178
141220,308.773,308.536,47.6468,-1.178
141230,308.773,308.536,47.6468,-1.178
141240,308.773,308.536,47.6468,-1.178
141250,308.773,308.649,50.1427,-1.178
141260,308.709,308.649,50.1427,-1.178
141270,308.709,308.649,61.0685,-1.178
141280,308.709,308.649,61.0685,-1.178
141290,308.709,308.649,95.6995,-1.178
141300,308.971,308.649,95.6995,-3.36303
141310,308.971,308.649,95.6995,-3.36303
141320,308.971,308.649,111.889,-5.42989
141330,308.971,308.649,49.9412,-1.178
141340,309.305,308.649,49.9412,-3.36303
141350,309.297,308.649,49.9412,-3.36303
141360,308.725,308.649,49.9412,-1.178
141370,308.725,308.649,38.2616,-1.178
141380,308.725,308.649,119.155,-1.178
141390,308.725,308.649,79.9846,-1.178
141400,308.725,308.649,79.9846,-1.178
141410,308.725,308.724,73.4046,-1.178
141420,308.725,308.724,21.1502,-1.178
141430,308.725,308.724,21.1502,-1.178
141440,309.246,308.724,21.1502,-1.178
141450,309.246,308.724,21.1502,-1.178
141460,308.851,308.724,21.1502,-1.178
141470,308.851,308.724,21.1502,-1.178
141480,309.006,308.724,21.1502,-1.178
141490,309.006,308.724,21.1502,-1.178
141500,309.006,308.724,21.1502,-1.178
141510,309.006,308.559,21.1502,-1.178
141520,309.006,308.587,21.1502,-1.178
141530,309.006,308.587,21.1502,-1.178
141540,309.006,308.587,21.1502,-1.178
141550,309.006,308.852,18.6943,-1.178
141560,308.926,308.852,18.6943,-1.178
141570,308.926,308.852,52.6003,-1.178
141580,308.926,308.713,9.84973,-1.178
141590,308.964,308.713,9.84973,-1.178
141600,309.273,308.713,9.84973,-1.178
141610,309.043,308.713,71.1037,-1.178
141620,309.043,308.713,71.1037,-1.178
141630,309.043,308.713,21.5581,-1.178
141640,308.94,308.687,21.5581,-1.178
141650,308.94,308.687,62.4112,-1.178
141660,308.786,308.538,57.6022,-1.178
141670,308.688,308.538,14.6234,-1.178
141680,308.7,308.581,0.356116,-1.178
141690,309.153,308.581,0.356116,-1.178
141700,309.178,308.539,0.356116,-1.178
141710,309.178,308.539,7.96404,-1.178
141720,308.615,308.539,7.96404,-1.178
141730,309.03,308.539,7.96404,-1.178
141740,309.03,308.539,7.96404,-1.178
141750,308.962,308.539,7.44244,-1.178
141760,308.962,308.539,7.44244,-1.178
141770,308.962,308.539,7.44244,-1.178
141780,308.962,308.539,7.5968,-1.178
141790,308.962,308.539,7.5968,-1.178
141800,309.463,308.813,7.5968,-1.178
141810,309.463,309.448,4.31549,-1.178
141820,309.791,309.448,4.31549,-1.178
141830,310.049,309.769,33.5678,-1.178
141840,309.793,309.769,39.5344,-1.178
141850,309.807,309.323,39.5344,-1.178
141860,309.807,309.323,39.5344,-1.178
141870,309.807,309.323,39.5344,-1.178
141880,309.807,309.323,39.5344,-1.178
141890,309.456,309.044,39.5344,-1.178
141900,309.21,309.044,39.5344,-1.178
141910,309.21,309.044,39.5344,-1.178
141920,309.21,309.044,83.1188,-1.178
141930,309.21,309.044,83.1188,-1.178
141940,309.21,308.891,29.1727,-1.178
141950,309.219,308.891,36.6497,-1.178
141960,309.219,308.891,36.6497,-1.178
141970,309.407,308.891,36.6497,-1.178
141980,308.982,308.891,36.6497,-1.178
141990,308.982,308.891,43.325,-1.178
142000,309.493,308.891,35.4515,-3.36303
142010,309.493,309.058,46.33,-1.178
142020,309.493,309.331,33.5825,-1.178
142030,309.493,309.331,56.8715,-1.178
142040,309.493,308.013,12.1169,-3.36303
142050,309.493,308.956,12.1169,-1.178
142060,309.493,308.956,12.1169,-1.178
142070,309.493,309.289,81.0992,-1.178
142080,309.565,309.289,81.0992,-1.178
142090,309.565,309.289,13.0517,-1.178
142100,309.565,309.289,79.1235,-1.178
142110,309.742,309.289,79.1235,-3.36303
142120,309.742,309.289,43.4412,-1.178
142130,309.742,309.714,42.3741,-1.178
142140,309.742,309.714,42.3741,-1.178
142150,309.742,309.714,81.7008,-1.178
142160,309.742,309.714,81.7008,-1.178
142170,309.961,309.714,81.7008,-1.178
142180,309.961,309.714,109.005,-3.36303
142190,309.961,309.714,26.5378,-1.178
142200,309.961,309.714,83.9822,-1.178
142210,309.961,309.714,83.9822,-1.178
142220,309.961,309.714,83.9822,-1.178
142230,309.961,309.93,83.9822,-1.178
142240,310.13,309.93,83.9822,-1.178
142250,310.13,309.93,83.9822,-1.178
142260,310.13,309.789,12.768,-1.178
142270,310.181,309.789,12.768,-1.178
142280,311.156,309.789,18.1261,-3.36303
142290,309.995,309.789,18.1261,-1.178
142300,309.995,309.789,18.1261,-1.178
142310,311.029,309.789,18.1261,-3.36303
142320,311.456,309.884,18.1261,-5.42989
142330,311.456,310.259,32.0579,-3.36303
142340,311.456,310.259,32.0579,-3.36303
142350,310.418,310.259,32.0579,-1.178
142360,310.604,310.259,32.0579,-1.178
142370,310.604,310.259,95.2496,-3.36303
142380,310.633,310.259,3.40991,-1.178
142390,310.306,310.259,3.40991,-1.178
142400,310.306,310.259,3.40991,-1.178
142410,310.306,310.259,3.40991,-1.178
142420,310.478,310.259,77.1098,-1.178
142430,310.478,310.259,1.29434,-1.178
142440,310.478,310.259,5.79118,-1.178
142450,310.478,310.259,5.79118,-1.178
142460,310.408,309.868,5.79118,-1.178
142470,310.408,309.868,5.79118,-1.178
142480,310.408,309.725,5.79118,-1.178
142490,310.002,309.993,5.79118,-1.178
142500,310.3,310.118,5.79118,-1.178
142510,310.485,310.118,47.6905,-1.178
142520,310.389,309.875,47.6905,-3.36303
142530,310.389,310.143,47.6905,-1.178
142540,310.389,310.143,47.6905,-1.178
142550,310.389,310.143,26.0186,-1.178
142560,310.389,310.143,26.0186,-1.178
142570,310.389,309.866,26.0186,-1.178
142580,310.389,309.866,9.74312,-1.178
142590,310.389,309.866,15.8062,-1.178
142600,311.859,309.866,30.8539,-5.42989
142610,311.859,311.376,30.3726,-1.178
142620,311.859,311.376,5.66829,-1.178
142630,311.964,311.376,5.66829,-1.178
142640,311.75,311.376,5.66829,-1.178
142650,311.75,311.376,25.2013,-1.178
142660,311.75,311.376,64.8289,-1.178
142670,311.75,311.376,64.8289,-1.178
142680,311.75,311.376,35.5811,-1.178
142690,311.629,311.376,35.5811,-1.178
142700,312.145,311.484,6.08547,-1.178
142710,312.145,311.484,6.08547,-1.178
142720,312.145,311.484,6.08547,-1.178
142730,312.551,311.016,6.08547,-3.36303
142740,311.439,311.023,6.08547,-1.178
142750,311.439,311.337,36.5299,-1.178
142760,311.439,311.337,36.5299,-1.178
142770,311.581,311.091,36.5299,-1.178
142780,311.423,311.091,36.5299,-1.178
142790,311.448,311.091,66.9981,-1.178
142800,311.448,311.231,55.3183,-1.178
142810,311.448,311.231,55.3183,-1.178
142820,311.448,311.231,18.9905,-1.178
142830,311.448,311.039,18.9905,-1.178
142840,311.448,311.039,18.9905,-1.178
142850,311.448,310.974,18.9905,-1.178
142860,311.448,310.974,21.1309,-1.178
142870,311.448,310.974,21.1309,-1.178
142880,311.448,310.965,21.1309,-1.178
142890,311.042,310.965,14.7057,-1.178
142900,311.042,310.965,14.7057,-1.178
142910,311.042,310.843,14.7057,-1.178
142920,310.932,310.843,14.7057,-1.178
142930,311.243,310.843,14.7057,-1.178
142940,311.243,310.843,31.3947,-1.178
142950,312.003,310.843,31.3947,-3.36303
142960,310.964,310.298,42.2354,-3.36303
142970,312.071,310.314,42.2354,-5.42989
142980,311.82,310.677,42.2354,-5.42989
142990,311.667,310.723,42.2354,-3.36303
143000,311.667,310.723,51.1866,-3.36303
143010,311.667,311.38,19.613,-1.178
143020,311.667,311.38,19.613,-1.178
143030,311.667,311.38,19.613,-1.178
143040,311.667,311.38,19.613,-1.178
143050,311.667,311.38,19.613,-1.178
143060,311.667,311.618,19.613,-1.178
143070,311.654,311.618,91.1243,-1.178
143080,311.654,311.618,116.775,-1.178
143090,311.654,311.618,19.5003,-1.178
143100,311.654,311.618,88.4762,-1.178
143110,312.048,311.618,37.397,-1.178
143120,312.048,311.618,37.397,-1.178
143130,312.034,311.618,37.397,-1.178
143140,312.034,311.618,37.397,-1.178
143150,312.034,311.618,56.5396,-1.178
143160,312.034,311.618,56.5396,-1.178
143170,312.034,311.618,56.5396,-1.178
143180,312.034,311.618,16.6215,-1.178
143190,312.034,311.618,16.6215,-1.178
143200,312.034,311.618,16.6215,-1.178
143210,311.704,311.618,16.6215,-1.178
143220,312.08,311.618,16.6215,-1.178
143230,312.08,311.618,16.6215,-1.178
143240,312.08,311.476,16.6215,-1.178
143250,311.519,311.476,21.5129,-1.178
143260,311.519,311.476,92.7487,-1.178
143270,311.519,311.476,92.7487,-1.178
143280,311.687,311.476,92.7487,-1.178
143290,311.687,311.476,92.7487,-1.178
143300,311.687,311.476,54.2379,-1.178
143310,311.687,311.367,54.2379,-1.178
143320,311.687,311.367,54.2379,-1.178
143330,311.687,311.367,54.2379,-1.178
143340,311.921,310.378,54.2379,-5.42989
143350,310.543,310.378,54.2379,-1.178
143360,310.543,310.378,54.2379,-1.178
143370,310.543,310.214,13.5801,-1.178
143380,310.571,310.214,18.4331,-1.178
143390,310.571,310.214,18.4331,-1.178
143400,310.964,310.482,18.4331,-1.178
143410,311.072,310.482,18.4331,-1.178
143420,311.072,310.482,3.94871,-1.178
143430,311.015,310.482,3.94871,-1.178
143440,311.015,310.482,3.94871,-1.178
143450,311.931,310.396,3.94871,-3.36303
143460,310.779,310.396,7.67131,-1.178
143470,310.838,310.396,7.67131,-1.178
143480,310.838,310.186,7.67131,-1.178
143490,310.838,310.186,7.67131,-1.178
143500,310.838,310.45,7.67131,-1.178
143510,310.882,310.631,51.8148,-1.178
143520,310.882,310.631,51.8148,-1.178
143530,310.859,310.631,51.8148,-1.178
143540,310.859,310.59,51.8148,-1.178
143550,310.859,310.59,51.8148,-1.178
143560,310.915,310.59,12.4885,-1.178
143570,310.915,310.538,12.4885,-1.178
143580,311.259,310.882,12.4885,-1.178
143590,311.259,310.882,12.4885,-1.178
143600,311.259,310.053,12.4885,-3.36303
143610,311.259,310.053,12.4885,-3.36303
143620,312.495,310.053,135.633,-7.49676
143630,312.16,310.053,101.165,-7.49676
143640,311.093,309.617,155.102,-7.49676
143650,311.093,309.567,24.7491,-5.42989
143660,311.093,310.775,24.7491,-1.178
143670,311.9,310.775,24.7491,-3.36303
143680,311.744,310.597,24.7491,-3.36303
143690,311.744,311.698,24.7491,-1.178
143700,311.744,311.698,77.0438,-1.178
143710,311.744,311.698,77.0438,-1.178
143720,312.378,311.698,77.0438,-3.36303
143730,312.73,312.178,77.0438,-3.36303
143740,312.73,312.178,77.0438,-3.36303
143750,312.841,312.26,77.0438,-3.36303
143760,312.436,312.26,77.0438,-1.178
143770,312.436,312.26,84.2834,-1.178
143780,312.436,312.26,35.4942,-1.178
143790,312.831,312.26,42.5804,-3.36303
143800,312.831,312.26,42.5804,-3.36303
143810,312.831,312.26,76.3056,-3.36303
143820,312.831,312.26,76.3056,-3.36303
143830,312.502,312.26,76.3056,-1.178
143840,312.502,312.26,76.3056,-1.178
143850,312.502,312.26,77.6607,-1.178
143860,312.502,312.26,77.6607,-1.178
143870,312.302,312.26,96.7716,-1.178
143880,312.302,312.26,96.7716,-1.178
143890,312.302,312.26,84.4265,-1.178
143900,312.302,312.26,6.7955,-1.178
143910,312.302,312.26,87.3595,-1.178
143920,312.302,312.26,59.5943,-1.178
143930,312.371,312.26,59.5943,-1.178
143940,312.371,312.26,76.0643,-1.178
143950,312.277,312.26,4.66281,-1.178
143960,312.376,312.141,4.66281,-1.178
143970,312.376,312.141,39.2923,-1.178
143980,312.374,312.141,28.9192,-1.178
143990,312.363,312.141,2.58381,-1.178
144000,312.363,312.158,22.9647,-1.178
144010,312.35,312.265,22.9647,-1.178
144020,312.848,312.265,22.9647,-1.178
144030,312.469,312.265,22.9647,-1.178
144040,312.653,312.265,22.9647,-1.178
144050,312.653,312.265,22.9647,-1.178
144060,312.653,312.265,60.6156,-1.178
144070,312.653,312.265,60.6156,-1.178
144080,312.486,312.265,71.4882,-1.178
144090,312.486,312.265,47.5742,-1.178
144100,312.486,312.088,47.5742,-1.178
144110,312.912,312.295,47.5742,-3.36303
144120,313.129,312.295,47.5742,-3.36303
144130,313.129,312.295,47.5742,-3.36303
144140,312.654,312.295,75.009,-3.36303
144150,312.654,312.295,90.6693,-3.36303
144160,312.654,312.648,98.528,-1.178
144170,312.654,312.648,98.528,-1.178
144180,312.654,312.648,123.476,-1.178
144190,312.689,312.648,46.3789,-1.178
144200,312.689,312.648,119.748,-1.178
144210,312.98,312.648,7.39138,-1.178
144220,313.822,312.288,7.39138,-3.36303
144230,312.907,312.288,7.39138,-1.178
144240,312.907,312.278,0.598436,-1.178
144250,312.907,311.749,23.0118,-3.36303
144260,313.588,311.552,23.0118,-5.42989
144270,312.687,311.552,32.6438,-3.36303
144280,312.687,311.552,32.6438,-3.36303
144290,312.43,311.552,32.6438,-3.36303
144300,310.951,310.064,32.6438,-3.36303
144310,310.951,309.951,32.6438,-3.36303
144320,310.215,309.951,32.6438,-1.178
144330,310.215,309.951,32.6438,-1.178
144340,310.215,309.951,42.5847,-1.178
144350,310.215,309.951,7.93181,-1.178
144360,310.225,309.951,69.8771,-1.178
144370,311.407,309.951,22.1621,-5.42989
144380,309.827,309.717,22.1621,-1.178
144390,309.827,309.717,68.1606,-1.178
144400,310.283,309.717,13.8543,-1.178
144410,310.283,309.695,22.9638,-1.178
144420,309.82,309.695,22.9638,-1.178
144430,309.82,309.695,22.9638,-1.178
144440,309.959,309.695,22.9638,-1.178
144450,309.959,309.695,20.811,-1.178
144460,309.959,309.352,24.4585,-3.36303
144470,310.15,309.352,7.06955,-3.36303
144480,309.698,309.409,39.7378,-1.178
144490,309.698,309.409,39.7378,-1.178
144500,309.698,309.32,44.0517,-1.178
144510,309.698,309.32,44.0517,-1.178
144520,309.698,309.32,44.0517,-1.178
144530,309.698,309.32,44.0517,-1.178
144540,309.698,309.32,44.0517,-1.178
144550,309.698,309.32,57.1327,-1.178
144560,309.455,309.32,57.1327,-1.178
144570,309.455,309.32,57.1327,-1.178
144580,309.455,309.128,71.1543,-1.178
144590,309.455,309.128,71.1543,-1.178
144600,309.455,309.128,71.1543,-1.178
144610,309.455,309.128,71.1543,-1.178
144620,309.455,309.128,71.1543,-1.178
144630,309.457,309.128,71.1543,-1.178
144640,309.457,309.128,71.1543,-1.178
144650,309.457,309.331,71.1543,-1.178
144660,309.457,309.331,71.1543,-1.178
144670,309.457,309.331,11.7777,-1.178
144680,309.457,309.331,11.7777,-1.178
144690,309.457,309.331,83.0832,-1.178
144700,309.457,309.331,83.0832,-1.178
144710,309.457,309.331,53.3525,-1.178
144720,309.457,309.331,53.3525,-1.178
144730,309.477,309.331,53.3525,-1.178
144740,309.477,309.331,53.3525,-1.178
144750,309.477,309.331,99.0142,-1.178
144760,309.477,309.389,99.0142,-1.178
144770,309.477,309.389,99.0142,-1.178
144780,309.477,309.389,5.34803,-1.178
144790,309.709,309.389,14.4822,-1.178
144800,309.709,309.389,14.4822,-1.178
144810,309.747,309.389,63.9527,-1.178
144820,309.747,309.389,63.9527,-1.178
144830,309.747,309.611,47.2597,-1.178
144840,309.747,309.611,48.6709,-1.178
144850,309.747,309.611,48.6709,-1.178
144860,309.747,309.611,48.6709,-1.178
144870,309.747,309.611,107.953,-1.178
144880,309.747,309.611,110.051,-1.178
144890,309.747,309.254,34.9375,-1.178
144900,309.747,309.254,34.9375,-1.178
144910,309.747,309.254,34.9375,-1.178
144920,309.422,308.339,34.9375,-3.36303
144930,309.043,308.339,34.9375,-3.36303
144940,309.093,308.339,34.9375,-3.36303
144950,308.832,308.524,34.9375,-1.178
144960,308.832,308.524,34.9375,-1.178
144970,308.832,308.642,88.4152,-1.178
144980,308.764,308.642,88.4152,-1.178
144990,308.764,308.642,88.4152,-1.178
145000,308.764,308.642,78.8122,-1.178
145010,308.764,308.642,78.8122,-1.178
145020,308.908,308.52,78.8122,-3.36303
145030,308.619,308.52,95.2796,-1.178
145040,308.619,308.52,43.7695,-1.178
145050,308.689,308.52,80.1618,-1.178
145060,308.689,308.52,80.1618,-1.178
145070,308.689,308.161,80.1618,-3.36303
145080,308.689,307.675,80.1618,-5.42989
145090,308.78,307.675,80.1618,-5.42989
145100,308.78,308.708,94.157,-1.178
145110,308.78,308.708,112.685,-1.178
145120,308.78,308.708,70.6406,-1.178
145130,308.78,308.708,70.6406,-1.178
145140,309.329,308.708,35.2418,-3.36303
145150,309.329,308.708,35.2418,-3.36303
145160,310.568,308.708,35.2418,-5.42989
145170,310.176,309.268,42.2001,-3.36303
145180,310.086,309.268,2.93237,-3.36303
145190,309.8,309.268,11.6558,-1.178
145200,309.81,309.268,11.6558,-1.178
145210,309.81,309.268,11.6558,-1.178
145220,309.473,309.318,38.025,-1.178
145230,309.421,309.318,38.025,-1.178
145240,309.421,309.318,38.025,-1.178
145250,309.461,309.318,38.025,-1.178
145260,309.461,309.318,38.025,-1.178
145270,309.825,309.318,38.025,-1.178
145280,309.825,309.318,38.025,-1.178
145290,309.652,309.348,38.025,-1.178
145300,309.652,309.348,38.025,-1.178
145310,309.652,309.348,1.43624,-1.178
145320,309.652,309.348,1.43624,-1.178
145330,309.747,309.348,8.60072,-1.178
145340,309.747,309.348,8.60072,-1.178
145350,309.747,309.348,8.60072,-1.178
145360,309.943,309.348,8.60072,-1.178
145370,309.943,309.348,8.60072,-1.178
145380,309.943,309.818,8.60072,-1.178
145390,310.237,309.716,16.407,-1.178
145400,309.855,309.677,16.407,-1.178
145410,309.789,309.677,3.16724,-1.178
145420,309.789,309.677,3.16724,-1.178
145430,309.789,309.677,3.16724,-1.178
145440,309.789,309.199,3.16724,-1.178
145450,309.851,309.199,3.16724,-1.178
145460,309.533,309.199,3.16724,-1.178
145470,309.533,309.062,3.16724,-1.178
145480,309.509,309.062,3.16724,-1.178
145490,309.269,308.769,3.16724,-1.178
145500,309.269,308.769,19.9921,-1.178
145510,309.269,309.231,43.8488,-1.178
145520,309.326,309.231,43.8488,-1.178
145530,309.326,309.19,79.8547,-1.178
145540,309.326,309.19,79.8547,-1.178
145550,309.326,309.19,79.8547,-1.178
145560,309.326,309.19,76.0136,-1.178
145570,309.375,309.19,76.0136,-1.178
145580,309.375,309.19,95.0206,-1.178
145590,309.375,309.19,95.0206,-1.178
145600,309.375,309.19,95.0206,-1.178
145610,309.375,309.19,92.8663,-1.178
145620,309.375,309.19,92.8663,-1.178
145630,309.375,309.19,92.8663,-1.178
145640,309.375,309.19,92.8663,-1.178
145650,309.375,308.896,92.8663,-3.36303
145660,309.375,308.896,92.8663,-3.36303
145670,309.375,308.896,92.8663,-3.36303
145680,309.278,308.896,56.1091,-1.178
145690,309.278,308.896,56.1091,-1.178
145700,309.278,308.896,56.1091,-1.178
145710,309.278,308.996,56.1091,-1.178
145720,309.278,308.799,56.1091,-3.36303
145730,309.219,308.799,56.1091,-1.178
145740,309.219,308.996,56.1091,-1.178
145750,309.219,308.996,56.1091,-1.178
145760,309.219,308.79,56.1091,-3.36303
145770,309.219,308.79,105.556,-5.42989
145780,309.077,309.011,73.2116,-1.178
145790,309.019,309.011,73.2116,-1.178
145800,309.019,308.729,73.2116,-1.178
145810,309.019,308.729,73.2116,-1.178
145820,309.019,308.729,73.2116,-1.178
145830,309.019,308.729,73.2116,-1.178
145840,309.019,308.729,5.78527,-1.178
145850,309.019,308.729,5.78527,-1.178
145860,309.019,308.729,5.78527,-1.178
145870,308.88,308.351,5.78527,-1.178
145880,308.521,308.351,5.78527,-1.178
145890,308.473,308.351,29.7311,-1.178
145900,308.522,308.217,28.7929,-1.178
145910,308.522,308.23,28.7929,-1.178
145920,308.522,308.23,70.6989,-1.178
145930,308.522,308.23,43.7366,-1.178
145940,308.522,308.162,43.7366,-1.178
145950,308.594,308.162,43.7366,-1.178
145960,308.594,308.162,43.7366,-1.178
145970,308.433,308.162,43.7366,-1.178
145980,308.433,308.162,43.7366,-1.178
145990,308.433,308.162,43.7366,-1.178
146000,308.433,308.162,43.7366,-1.178
146010,308.433,308.162,43.7366,-1.178
146020,308.433,308.162,66.395,-1.178
146030,308.433,308.162,66.395,-1.178
146040,308.433,308.162,46.9697,-1.178
146050,308.433,308.162,71.3481,-1.178
146060,308.433,308.304,71.3481,-1.178
146070,308.659,308.304,93.3926,-3.36303
146080,308.713,308.132,14.653,-1.178
146090,308.726,308.394,14.653,-1.178
146100,309.701,308.394,14.653,-3.36303
146110,308.595,308.394,11.8698,-1.178
146120,308.595,308.394,43.2223,-1.178
146130,308.595,308.394,81.4173,-1.178
146140,308.595,308.394,81.4173,-1.178
146150,308.595,308.394,81.4173,-1.178
146160,308.595,308.394,39.4914,-1.178
146170,308.595,308.394,39.4914,-1.178
146180,308.561,308.394,39.4914,-1.178
146190,308.561,308.394,39.4914,-1.178
146200,308.561,308.394,39.4914,-1.178
146210,308.561,308.394,26.1858,-1.178
146220,308.561,308.394,26.1858,-1.178
146230,308.967,308.351,58.0121,-3.36303
146240,308.967,308.351,58.0059,-3.36303
146250,308.417,308.351,58.0059,-1.178
146260,308.417,308.351,58.0059,-1.178
146270,308.417,308.351,110.621,-1.178
146280,308.417,308.351,110.621,-1.178
146290,308.417,308.351,110.621,-1.178
146300,308.417,308.351,110.621,-1.178
146310,308.417,308.351,78.0988,-1.178
146320,308.417,308.351,1.45386,-1.178
146330,308.417,308.351,1.45386,-1.178
146340,308.417,308.351,43.5349,-1.178
146350,308.417,308.324,98.1416,-1.178
146360,308.417,308.324,98.1416,-1.178
146370,308.417,308.324,98.1416,-1.178
146380,308.417,308.324,73.133,-1.178
146390,308.382,308.324,12.1495,-1.178
146400,308.382,308.324,12.1495,-1.178
146410,308.464,308.324,12.1495,-1.178
146420,308.464,308.324,83.2963,-1.178
146430,309.205,308.324,40.631,-3.36303
146440,308.386,308.324,40.631,-1.178
146450,308.386,308.324,122.974,-1.178
146460,308.33,308.324,122.974,-1.178
146470,308.33,308.324,52.2844,-1.178
146480,308.33,308.178,52.2844,-1.178
146490,308.33,308.178,64.9195,-1.178
146500,308.33,308.178,11.9907,-1.178
146510,308.33,307.885,11.9907,-1.178
146520,308.33,307.885,43.0143,-1.178
146530,308.33,308.007,43.0143,-1.178
146540,308.236,308.007,65.9317,-1.178
146550,308.236,308.007,65.9317,-1.178
146560,308.721,308.117,67.5293,-3.36303
146570,308.731,308.117,67.5293,-3.36303
146580,308.731,308.117,67.5293,-3.36303
146590,308.731,308.117,67.5293,-3.36303
146600,308.785,308.117,5.22729,-1.178
146610,308.785,308.758,5.22729,-1.178
146620,308.785,308.758,9.78106,-1.178
146630,308.785,308.758,9.78106,-1.178
146640,308.785,307.575,5.86435,-3.36303
146650,308.274,307.575,5.86435,-3.36303
146660,308.274,307.575,39.671,-3.36303
146670,308.274,308.192,39.671,-1.178
146680,308.274,308.192,39.671,-1.178
146690,308.274,306.518,25.2994,-5.42989
146700,307.411,306.518,25.2994,-3.36303
146710,307.411,306.706,14.0815,-3.36303
146720,307.411,306.969,14.0815,-1.178
146730,307.075,306.969,50.0028,-1.178
146740,307.075,307.03,50.0028,-1.178
146750,307.075,307.03,50.0028,-1.178
146760,307.075,306.649,50.0028,-1.178
146770,307.075,306.927,50.0028,-1.178
146780,307.075,306.927,50.0028,-1.178
146790,307.075,306.927,50.0028,-1.178
146800,307.075,306.69,73.7865,-3.36303
146810,307.395,306.69,102.662,-5.42989
146820,307.133,306.69,102.662,-5.42989
146830,307.133,306.69,68.6487,-3.36303
146840,307.133,306.69,51.0226,-1.178
146850,307.133,306.69,51.0226,-1.178
146860,307.133,306.69,51.0226,-1.178
146870,307.133,306.69,51.0226,-1.178
146880,307.172,306.69,0.563285,-1.178
146890,307.172,306.69,0.563285,-1.178
146900,306.917,306.809,0.563285,-1.178
146910,306.917,306.809,0.0962519,-1.178
146920,306.917,306.809,0.0962519,-1.178
146930,307.494,306.809,0.0962519,-1.178
146940,307.494,306.809,0.0962519,-1.178
146950,307.494,306.809,0.0962519,-1.178
146960,307.418,306.792,0.0962519,-1.178
146970,307.478,307.129,0.0962519,-1.178
146980,307.478,307.129,57.7981,-1.178
146990,307.478,307.129,57.7981,-1.178
147000,307.478,307.129,56.7972,-1.178
147010,307.189,307.129,56.7972,-1.178
147020,307.189,307.129,16.0698,-1.178
147030,307.189,307.129,16.0698,-1.178
147040,307.391,307.129,0.483815,-1.178
147050,307.552,307.129,0.483815,-1.178
147060,307.723,307.129,83.4435,-3.36303
147070,307.723,307.113,83.4435,-3.36303
147080,307.723,307.113,71.9782,-3.36303
147090,307.754,307.721,71.9782,-1.178
147100,307.754,307.524,70.0645,-1.178
147110,307.754,307.524,77.774,-1.178
147120,307.754,307.524,77.774,-1.178
147130,307.754,307.491,82.66,-1.178
147140,307.754,307.491,74.1232,-1.178
147150,307.754,307.491,74.1232,-1.178
147160,307.754,307.491,74.1232,-1.178
147170,307.754,307.491,60.7252,-1.178
147180,308.117,307.491,60.7252,-3.36303
147190,308.928,307.491,60.7252,-5.42989
147200,307.812,307.491,60.7252,-1.178
147210,307.812,307.769,60.7252,-1.178
147220,307.812,307.769,60.7252,-1.178
147230,308.383,307.769,1.87576,-1.178
147240,308.383,307.769,10.7184,-1.178
147250,308.145,307.713,10.7184,-1.178
147260,308.145,307.713,10.7184,-1.178
147270,308.145,307.713,42.6931,-1.178
147280,308.348,308.109,42.6931,-1.178
147290,308.377,308.109,42.6931,-1.178
147300,308.377,308.109,49.1899,-1.178
147310,308.377,308.109,49.1899,-1.178
147320,308.115,308.109,49.1899,-1.178
147330,308.115,308.013,49.1899,-1.178
147340,308.115,308.013,49.1899,-1.178
147350,308.115,307.965,49.1899,-1.178
147360,308.115,307.965,39.7742,-1.178
147370,308.115,307.965,0.764108,-1.178
147380,308.115,307.965,0.764108,-1.178
147390,308.115,307.528,62.3638,-3.36303
147400,308.115,307.528,62.3638,-3.36303
147410,308.115,307.528,65.534,-3.36303
147420,309.226,307.528,43.2758,-5.42989
147430,308.739,308.683,43.2758,-1.178
147440,308.739,308.683,43.1769,-1.178
147450,308.739,308.683,43.1769,-1.178
147460,308.739,308.683,102.024,-1.178
147470,308.739,308.683,102.024,-1.178
147480,308.739,308.683,10.1666,-1.178
147490,309.282,308.683,10.1666,-1.178
147500,309.282,308.683,10.1666,-1.178
147510,309.282,308.683,10.1666,-1.178
147520,309.282,308.666,10.1666,-1.178
147530,309.282,308.666,10.1666,-1.178
147540,309.118,308.11,10.1666,-3.36303
147550,309.118,308.11,10.1666,-3.36303
147560,308.145,308.11,46.4351,-1.178
147570,308.145,308.111,46.4351,-1.178
147580,308.145,308.111,80.2723,-1.178
147590,308.145,308.111,80.2723,-1.178
147600,308.145,308.111,83.1227,-1.178
147610,308.145,308.111,83.1227,-1.178
147620,308.145,307.951,83.1227,-1.178
147630,308.145,308.084,105.17,-1.178
147640,308.145,308.084,105.17,-1.178
147650,308.145,308.084,105.17,-1.178
147660,308.145,308.084,105.17,-1.178
147670,308.128,308.084,63.6453,-1.178
147680,308.128,308.113,126.467,-1.178
147690,308.128,308.113,126.467,-1.178
147700,308.128,308.113,51.3958,-1.178
147710,308.128,308.113,51.3958,-1.178
147720,308.128,308.113,22.638,-1.178
147730,308.092,307.679,22.638,-1.178
147740,307.891,307.679,86.5233,-1.178
147750,307.891,307.679,54.7055,-1.178
147760,307.891,307.746,77.8365,-1.178
147770,307.941,307.746,77.8365,-1.178
147780,307.941,307.746,40.9101,-1.178
147790,307.963,307.746,61.9053,-1.178
147800,307.963,307.493,14.0824,-1.178
147810,308.296,307.493,14.0824,-3.36303
147820,305.614,305.516,14.0824,-1.178
147830,305.912,305.516,7.66664,-1.178
147840,305.875,305.516,7.66664,-1.178
147850,305.875,305.516,42.5223,-1.178
147860,305.875,305.516,51.526,-1.178
147870,305.875,305.516,7.32157,-1.178
147880,306.926,305.516,7.32157,-3.36303
147890,307.543,306.913,7.32157,-1.178
147900,307.543,306.913,7.32157,-1.178
147910,307.622,307.25,5.13915,-1.178
147920,307.622,307.25,15.8714,-1.178
147930,307.622,307.25,15.8714,-1.178
147940,307.546,307.25,15.8714,-1.178
147950,307.546,307.25,15.8714,-1.178
147960,307.586,307.25,63.7965,-1.178
147970,307.586,307.314,22.562,-1.178
147980,307.356,307.314,22.562,-1.178
147990,307.356,307.314,22.562,-1.178
148000,307.356,307.314,22.562,-1.178
148010,307.356,306.826,22.562,-1.178
148020,308.104,306.935,22.562,-3.36303
148030,307.534,306.935,25.0275,-3.36303
148040,306.945,306.935,2.26098,-1.178
148050,306.945,306.522,5.05073,-1.178
148060,306.661,306.429,5.05073,-1.178
148070,306.661,306.429,5.05073,-1.178
148080,306.661,306.429,5.05073,-1.178
148090,306.456,306.429,5.05073,-1.178
148100,306.456,306.429,79.2033,-1.178
148110,306.456,306.429,79.2033,-1.178
148120,306.456,306.429,79.2033,-1.178
148130,306.456,306.429,94.8264,-1.178
148140,306.036,305.961,18.3446,-1.178
148150,306.036,305.961,18.3446,-1.178
148160,306.779,305.375,18.3446,-3.36303
148170,306.704,306.251,18.3446,-1.178
148180,306.364,306.071,18.3446,-1.178
148190,307.338,306.972,63.5313,-1.178
148200,307.338,306.972,63.5313,-1.178
148210,307.036,306.972,63.5313,-1.178
148220,307.036,306.972,63.5313,-1.178
148230,307.036,306.972,63.5313,-1.178
148240,307.036,306.972,63.5313,-1.178
148250,307.047,306.828,63.5313,-1.178
148260,307.047,306.828,63.5313,-1.178
148270,307.047,306.828,63.5313,-1.178
148280,307.047,306.828,63.5313,-1.178
148290,307.047,306.828,3.08058,-1.178
148300,307.047,306.897,3.08058,-1.178
148310,307.047,306.897,76.6772,-1.178
148320,307.047,306.897,76.6772,-1.178
148330,306.917,306.897,80.2734,-1.178
148340,306.917,306.897,72.3797,-1.178
148350,307.348,306.897,58.9903,-3.36303
148360,307.348,306.49,58.9903,-3.36303
148370,305.181,304.394,58.9903,-3.36303
148380,305.181,304.258,58.9903,-3.36303
148390,305.179,304.258,12.7914,-3.36303
148400,304.093,304.019,12.7914,-1.178
148410,303.931,303.156,105.29,-7.49676
148420,303.367,303.156,105.29,-3.36303
148430,303.386,303.156,63.8348,-1.178
148440,303.386,303.156,97.0171,-3.36303
148450,303.386,303.156,97.0171,-3.36303
148460,302.866,302.502,37.2468,-1.178
148470,302.866,302.502,47.5882,-1.178
148480,303.1,302.502,47.5882,-3.36303
148490,303.1,302.757,47.5882,-1.178
148500,303.1,302.757,47.5882,-1.178
148510,303.1,303.003,47.5882,-1.178
148520,303.1,303.003,84.4376,-1.178
148530,303.1,303.003,52.7311,-1.178
148540,303.1,303.003,52.7311,-1.178
148550,303.1,303.003,52.7311,-1.178
148560,303.1,303.003,52.7311,-1.178
148570,303.1,302.723,52.7311,-1.178
148580,303.036,302.723,52.7311,-1.178
148590,303.036,302.958,52.7311,-1.178
148600,303.134,302.958,52.7311,-1.178
148610,303.166,302.668,52.7311,-3.36303
148620,303.166,302.668,52.7311,-3.36303
148630,303.166,302.668,24.3507,-1.178
148640,303.166,302.084,20.3109,-3.36303
148650,303.166,302.995,20.3109,-1.178
148660,303.166,302.995,20.3109,-1.178
148670,303.269,302.995,20.3109,-1.178
148680,303.269,303.241,20.3109,-1.178
148690,303.269,302.903,29.3439,-1.178
148700,303.269,302.903,39.4394,-1.178
148710,303.269,302.903,41.9836,-1.178
148720,303.267,302.903,41.9836,-1.178
148730,303.501,302.903,41.9836,-3.36303
148740,303.501,302.649,41.9836,-3.36303
148750,303.305,302.624,42.1251,-3.36303
148760,303.305,302.624,65.9078,-3.36303
148770,303.305,303.175,65.9078,-1.178
148780,303.178,303.175,71.5446,-1.178
148790,302.572,302.063,71.5446,-3.36303
148800,302.572,302.003,57.0664,-3.36303
148810,302.572,301.849,59.7999,-3.36303
148820,301.988,301.849,56.4858,-1.178
148830,302.094,301.849,52.74,-1.178
148840,302.094,301.849,39.3924,-1.178
148850,302.094,301.849,39.3924,-1.178
148860,302.094,301.849,31.972,-1.178
148870,302.094,301.849,31.972,-1.178
148880,302.094,301.849,31.972,-1.178
148890,302.094,301.849,32.6205,-1.178
148900,302.094,301.849,32.6205,-1.178
148910,302.094,301.849,20.5351,-1.178
148920,302.48,302.008,42.7454,-1.178
148930,302.48,302.008,42.7454,-1.178
148940,302.48,301.305,29.7585,-3.36303
148950,302.48,302.298,49.3717,-1.178
148960,302.48,302.298,49.3717,-1.178
148970,302.48,302.298,49.3717,-1.178
148980,302.48,302.298,49.3717,-1.178
148990,302.796,302.298,30.2953,-1.178
149000,302.796,302.298,30.2953,-1.178
149010,302.796,302.298,30.2953,-1.178
149020,302.796,302.298,30.2953,-1.178
149030,302.796,302.714,30.2953,-1.178
149040,302.796,302.714,30.2953,-1.178
149050,302.796,302.714,30.2953,-1.178
149060,302.796,302.714,114.589,-1.178
149070,302.796,302.714,114.589,-1.178
149080,302.796,302.714,60.2129,-1.178
149090,302.796,302.714,112.786,-1.178
149100,302.796,302.714,112.786,-1.178
149110,302.796,302.702,20.4096,-1.178
149120,302.897,302.702,20.4096,-1.178
149130,302.897,302.702,19.493,-1.178
149140,302.936,302.702,83.5101,-1.178
149150,302.936,302.805,83.5101,-1.178
149160,302.936,302.805,83.5101,-1.178
149170,302.936,302.805,83.5101,-1.178
149180,302.936,302.805,73.246,-1.178
149190,303.423,302.704,82.7309,-5.42989
149200,303.423,302.376,82.7309,-5.42989
149210,303.423,302.376,82.7309,-5.42989
149220,301.043,299.85,7.10766,-3.36303
149230,301.043,299.85,29.8602,-3.36303
149240,301.043,300.339,29.8602,-3.36303
149250,301.043,300.955,60.1343,-1.178
149260,301.043,300.955,60.1343,-1.178
149270,301.043,300.955,60.1343,-1.178
149280,301.043,300.955,60.1343,-1.178
149290,301.337,300.955,60.1343,-1.178
149300,301.251,300.955,60.1343,-1.178
149310,301.023,300.955,60.1343,-1.178
149320,301.023,300.462,27.2685,-1.178
149330,300.925,300.462,27.2685,-1.178
149340,300.507,300.462,36.0073,-1.178
149350,300.507,300.462,36.0073,-1.178
149360,300.507,300.286,36.0073,-1.178
149370,300.612,300.286,36.0073,-1.178
149380,300.612,300.286,36.0073,-1.178
149390,300.402,300.286,36.0073,-1.178
149400,301.006,299.868,36.0073,-3.36303
149410,301.006,299.868,36.0073,-3.36303
149420,301.006,299.868,36.0073,-3.36303
149430,301.006,299.323,108.968,-7.49676
149440,301.006,300.48,108.968,-5.42989
149450,301.006,300.48,108.968,-5.42989
149460,301.006,300.48,108.968,-5.42989
149470,301.006,300.48,108.968,-5.42989
149480,300.633,300.581,108.968,-1.178
149490,300.633,300.581,108.968,-1.178
149500,300.633,300.581,120.212,-1.178
149510,300.633,300.581,120.212,-1.178
149520,300.633,300.581,120.212,-1.178
149530,300.633,300.581,120.212,-1.178
149540,300.633,300.581,120.212,-1.178
149550,300.633,300.581,113.185,-1.178
149560,300.633,300.581,113.185,-1.178
149570,300.633,300.581,7.3675,-1.178
149580,300.633,300.297,7.3675,-1.178
149590,300.633,300.297,7.3675,-1.178
149600,300.633,300.297,7.3675,-1.178
149610,300.633,300.224,51.4555,-1.178
149620,300.633,300.224,51.4555,-1.178
149630,300.633,300.224,14.1989,-1.178
149640,300.633,299.712,19.8811,-3.36303
149650,300.633,299.712,19.8811,-3.36303
149660,300.902,300.576,19.8811,-1.178
149670,300.902,300.576,23.4104,-1.178
149680,300.902,300.576,23.4104,-1.178
149690,300.998,300.576,87.3781,-3.36303
149700,300.998,300.576,9.08502,-1.178
149710,300.998,300.576,9.08502,-1.178
149720,300.998,300.576,54.4912,-1.178
149730,300.998,300.576,54.4912,-1.178
149740,300.903,300.576,38.0523,-1.178
149750,301.522,300.559,30.9778,-3.36303
149760,301.394,301.129,30.9778,-1.178
149770,301.394,301.129,30.9778,-1.178
149780,301.394,301.248,30.9778,-1.178
149790,301.394,301.005,30.9778,-1.178
149800,301.078,301.005,30.9778,-1.178
149810,301.078,301.005,36.3581,-1.178
149820,301.078,300.471,13.1739,-1.178
149830,301.078,300.471,13.1739,-1.178
149840,301.078,300.801,13.1739,-1.178
149850,301.078,300.801,59.6946,-1.178
149860,300.938,300.801,89.1663,-1.178
149870,300.938,300.801,89.1663,-1.178
149880,300.938,300.801,38.5121,-1.178
149890,300.938,300.801,74.7822,-1.178
149900,300.938,300.801,74.7822,-1.178
149910,300.938,300.801,74.7822,-1.178
149920,300.938,300.801,74.7822,-1.178
149930,300.881,300.801,74.7822,-1.178
149940,300.881,300.801,74.7822,-1.178
149950,300.881,300.61,10.1133,-1.178
149960,300.881,300.61,10.1133,-1.178
149970,300.881,300.61,10.1133,-1.178
149980,300.681,300.61,19.0385,-1.178
149990,300.681,300.61,59.9757,-1.178
150000,300.892,300.61,59.9757,-1.178
150010,301.49,300.61,59.9757,-3.36303
150020,301.219,300.61,59.9757,-3.36303
150030,301.861,300.61,26.1784,-3.36303
150040,301.861,301.249,6.05966,-1.178
150050,301.861,301.249,6.05966,-1.178
150060,301.861,301.249,6.05966,-1.178
150070,301.861,301.58,0.659956,-1.178
150080,301.983,301.327,0.659956,-1.178
150090,301.42,301.327,0.659956,-1.178
150100,301.42,301.327,111.76,-1.178
150110,301.42,301.327,32.202,-1.178
150120,301.42,301.327,78.4528,-1.178
150130,301.495,300.838,78.4528,-3.36303
150140,301.495,300.838,81.0481,-3.36303
150150,301.495,300.838,81.0481,-3.36303
150160,302.961,301.847,6.99692,-3.36303
150170,303.071,301.847,6.99692,-3.36303
150180,302.022,301.991,6.99692,-1.178
150190,302.022,301.991,7.31901,-1.178
150200,302.022,301.991,7.31901,-1.178
150210,302.022,301.991,7.31901,-1.178
150220,302.022,301.936,7.31901,-1.178
150230,302.022,301.676,69.7521,-1.178
150240,302.022,301.676,69.7521,-1.178
150250,302.022,301.905,78.3942,-1.178
150260,302.022,301.905,113.356,-1.178
150270,302.022,301.905,3.92097,-1.178
150280,302.239,301.664,3.92097,-1.178
150290,302.239,301.664,3.92097,-1.178
150300,302.281,301.641,3.92097,-1.178
150310,302.281,301.641,3.92097,-1.178
150320,301.824,301.641,3.92097,-1.178
150330,300.725,300.343,3.92097,-1.178
150340,300.725,300.541,35.663,-1.178
150350,300.836,300.541,35.663,-1.178
150360,300.836,300.541,27.8527,-1.178
150370,300.73,300.541,27.8527,-1.178
150380,300.73,300.236,27.8527,-1.178
150390,300.73,300.236,27.8527,-1.178
150400,300.199,299.663,27.8527,-1.178
150410,300.219,299.798,38.8226,-1.178
150420,300.219,299.901,38.8226,-1.178
150430,300.219,299.892,6.11249,-1.178
150440,300.219,299.131,6.11249,-3.36303
150450,300.219,300.121,71.8591,-1.178
150460,300.219,300.121,18.1425,-1.178
150470,300.219,300.121,99.7282,-1.178
150480,300.219,300.121,114.461,-1.178
150490,300.219,300.121,92.7189,-1.178
150500,300.219,300.121,92.7189,-1.178
150510,300.219,300.121,92.7189,-1.178
150520,300.219,300.121,92.7189,-1.178
150530,300.219,300.121,92.7189,-1.178
150540,300.219,300.121,92.7189,-1.178
150550,300.219,300.121,0.745673,-1.178
150560,300.219,300.121,0.745673,-1.178
150570,300.252,299.879,61.2716,-1.178
150580,300.251,299.879,73.8684,-3.36303
150590,300.885,300.056,73.8684,-5.42989
150600,300.885,300.056,15.7763,-3.36303
150610,300.885,300.056,15.7763,-3.36303
150620,300.885,299.553,15.7763,-3.36303
150630,300.072,299.597,15.7763,-1.178
150640,300.072,299.597,15.7763,-1.178
150650,300.072,299.597,21.0527,-1.178
150660,300.072,299.597,21.0527,-1.178
150670,300.072,299.597,21.0527,-1.178
150680,300.072,299.597,21.0527,-1.178
150690,300.072,299.597,21.0527,-1.178
150700,300.02,299.597,10.9644,-1.178
150710,300.02,299.969,74.7176,-1.178
150720,300.02,299.969,74.7176,-1.178
150730,300.02,299.969,65.0064,-1.178
150740,300.166,299.969,98.0184,-1.178
150750,300.166,299.969,66.7792,-1.178
150760,300.372,299.969,4.26482,-1.178
150770,300.372,299.969,4.26482,-1.178
150780,300.372,299.969,4.26482,-1.178
150790,300.366,299.969,4.26482,-1.178
150800,300.85,300.202,4.26482,-1.178
150810,300.613,300.202,4.26482,-1.178
150820,300.613,300.202,22.7598,-1.178
150830,300.613,300.202,22.7598,-1.178
150840,300.287,300.202,22.7598,-1.178
150850,300.287,300.202,22.7598,-1.178
150860,300.287,300.202,65.0355,-1.178
150870,300.287,300.22,65.0355,-1.178
150880,300.287,300.22,6.06074,-1.178
150890,300.287,300.22,77.5097,-1.178
150900,300.378,300.22,77.5097,-1.178
150910,300.378,300.22,77.5097,-1.178
150920,300.378,300.22,16.2354,-1.178
150930,300.378,299.836,16.2354,-1.178
150940,300.428,299.836,16.2354,-1.178
150950,300.428,299.836,16.2354,-1.178
150960,300.428,299.836,16.2354,-1.178
150970,300.428,299.836,16.2354,-1.178
150980,300.428,299.483,17.1671,-3.36303
150990,299.671,299.483,17.1671,-1.178
151000,299.671,299.483,17.1671,-1.178
151010,299.671,299.483,17.1671,-1.178
151020,299.671,299.261,13.9322,-1.178
151030,299.671,299.261,13.9322,-1.178
151040,299.318,299.261,13.9322,-1.178
151050,300.618,299.261,13.9322,-3.36303
151060,300.618,299.261,13.9322,-3.36303
151070,300.618,299.948,13.9322,-3.36303
151080,299.669,299.447,8.21965,-1.178
151090,299.669,299.447,87.6967,-1.178
151100,299.669,299.565,87.6967,-1.178
151110,299.06,298.378,0.0394058,-1.178
151120,299.06,298.378,0.0394058,-1.178
151130,299.06,298.457,0.0394058,-1.178
151140,299.036,298.457,0.0394058,-1.178
151150,299.036,298.457,54.4151,-3.36303
151160,299.152,298.457,33.2078,-3.36303
151170,299.41,298.384,31.053,-3.36303
151180,299.41,298.599,31.053,-3.36303
151190,299.41,298.599,31.053,-3.36303
151200,298.804,298.599,36.5403,-1.178
151210,298.804,298.599,36.5403,-1.178
151220,298.804,298.599,74.6674,-1.178
151230,298.755,298.483,74.6674,-1.178
151240,298.755,298.063,74.6674,-3.36303
151250,298.755,298.063,74.6674,-3.36303
151260,298.755,298.063,74.6674,-3.36303
151270,298.755,296.395,176.636,-7.49676
151280,298.196,295.854,176.636,-7.49676
151290,297.359,297.326,176.636,-7.49676
151300,299.112,297.956,176.636,-7.49676
151310,297.465,297.32,38.2828,-1.178
151320,297.465,297.32,47.0134,-1.178
151330,297.387,297.32,47.0134,-1.178
151340,297.324,297.32,47.0134,-1.178
151350,297.324,297.032,47.0134,-1.178
151360,297.324,297.032,47.0134,-1.178
151370,297.324,297.032,80.1051,-1.178
151380,297.324,296.904,3.41663,-1.178
151390,297.324,296.904,3.41663,-1.178
151400,297.324,296.904,3.41663,-1.178
151410,297.25,296.904,3.41663,-1.178
151420,297.25,296.904,85.3009,-3.36303
151430,297.25,296.904,85.3009,-3.36303
151440,297.25,296.904,106.687,-3.36303
151450,297.25,296.987,80.9778,-1.178
151460,297.004,296.987,20.2975,-1.178
151470,297.189,296.987,20.2975,-1.178
151480,297.189,296.987,8.58364,-1.178
151490,297.189,297.095,34.0526,-1.178
151500,297.203,296.795,34.0526,-1.178
151510,297.405,297.103,34.0526,-1.178
151520,297.405,297.103,25.7792,-1.178
151530,297.405,297.103,25.7792,-1.178
151540,297.381,297.103,25.7792,-1.178
151550,297.381,296.961,25.7792,-1.178
151560,296.973,296.542,89.8098,-3.36303
151570,296.632,296.542,89.8098,-1.178
151580,296.632,296.542,89.8098,-1.178
151590,296.632,296.542,89.8098,-1.178
151600,296.543,296.542,89.8098,-1.178
151610,296.543,296.542,12.9958,-1.178
151620,296.543,296.542,12.9958,-1.178
151630,296.543,296.542,89.2832,-1.178
151640,296.543,296.144,46.131,-1.178
151650,296.561,296.144,46.131,-1.178
151660,296.561,296.144,46.131,-1.178
151670,296.561,296.177,46.131,-1.178
151680,296.561,296.177,46.131,-1.178
151690,296.561,296.177,46.131,-1.178
151700,296.561,296.177,46.131,-1.178
151710,296.561,296.103,46.131,-1.178
151720,296.586,296.48,28.8187,-1.178
151730,296.586,296.48,103.709,-1.178
151740,296.586,296.48,103.709,-1.178
151750,296.586,296.48,103.709,-1.178
151760,296.557,296.48,103.709,-1.178
151770,296.557,296.48,103.709,-1.178
151780,296.557,296.55,118.057,-1.178
151790,296.557,296.55,118.057,-1.178
151800,296.557,296.55,118.057,-1.178
151810,296.557,296.55,120.837,-1.178
151820,296.557,296.55,120.837,-1.178
151830,296.557,296.55,111.954,-1.178
151840,296.557,296.55,111.954,-1.178
151850,296.557,296.55,110.589,-1.178
151860,296.557,296.55,99.5784,-1.178
151870,296.557,296.55,79.0179,-1.178
151880,296.557,296.55,30.2677,-1.178
151890,296.557,296.55,3.02001,-1.178
151900,296.557,296.55,3.02001,-1.178
151910,296.769,296.55,3.02001,-1.178
151920,296.769,296.55,3.02001,-1.178
151930,296.769,296.55,61.1232,-1.178
151940,296.769,296.55,61.1232,-1.178
151950,296.769,296.754,81.079,-1.178
151960,296.79,296.754,83.7561,-1.178
151970,296.79,296.412,22.3433,-1.178
151980,296.79,296.412,22.3433,-1.178
151990,296.79,296.676,22.3433,-1.178
152000,296.904,296.676,35.3652,-1.178
152010,296.904,296.626,35.3652,-1.178
152020,296.904,296.626,35.3652,-1.178
152030,296.904,296.626,1.51613,-1.178
152040,297.23,296.506,1.51613,-3.36303
152050,297.243,296.506,12.068,-3.36303
152060,296.969,296.506,12.068,-1.178
152070,296.969,296.506,66.7708,-3.36303
152080,296.969,296.506,66.7708,-3.36303
152090,296.969,296.002,66.7708,-5.42989
152100,296.969,296.002,7.26559,-3.36303
152110,296.969,296.002,50.7636,-3.36303
152120,296.969,296.134,50.7636,-3.36303
152130,296.969,296.134,50.7636,-3.36303
152140,296.969,296.804,50.7636,-1.178
152150,296.969,296.842,38.0661,-1.178
152160,296.969,296.842,38.0661,-1.178
152170,297.23,296.842,38.0661,-1.178
152180,297.283,296.842,38.0661,-1.178
152190,296.369,296.275,83.2876,-1.178
152200,296.801,296.275,15.2327,-1.178
152210,297.7,296.275,15.2327,-3.36303
152220,296.374,296.275,15.2327,-1.178
152230,295.976,295.704,15.2327,-1.178
152240,295.976,295.704,15.2327,-1.178
152250,295.976,295.704,15.2327,-1.178
152260,295.976,295.704,15.2327,-1.178
152270,295.976,295.648,15.2327,-1.178
152280,295.976,295.816,2.94688,-1.178
152290,296.484,295.816,2.94688,-1.178
152300,296.484,295.816,2.94688,-1.178
152310,296.484,296.174,2.94688,-1.178
152320,296.297,296.174,2.94688,-1.178
152330,296.297,295.714,24.5552,-1.178
152340,295.833,295.714,24.5552,-1.178
152350,295.833,295.714,24.5552,-1.178
152360,295.833,295.714,24.5552,-1.178
152370,295.833,295.714,24.5552,-1.178
152380,295.833,295.714,23.6037,-1.178
152390,295.833,295.714,23.6037,-1.178
152400,295.833,295.714,21.6071,-1.178
152410,296.314,295.714,21.6071,-1.178
152420,296.314,295.714,21.6071,-1.178
152430,296.314,296.127,21.6071,-1.178
152440,296.314,296.12,21.6071,-1.178
152450,296.284,296.12,21.6071,-1.178
152460,296.284,296.12,25.2139,-1.178
152470,296.324,296.12,25.2139,-1.178
152480,296.324,296.303,6.02287,-1.178
152490,296.324,296.303,36.3773,-1.178
152500,296.324,296.303,77.7205,-1.178
152510,296.324,296.092,88.0379,-1.178
152520,296.324,296.092,46.0195,-1.178
152530,296.321,296.092,46.0195,-1.178
152540,296.321,296.125,25.4022,-1.178
152550,296.321,296.125,1.66659,-1.178
152560,296.217,296.125,3.17454,-1.178
152570,296.217,295.897,73.5454,-1.178
152580,296.217,296.016,43.6692,-1.178
152590,296.217,295.8,43.6692,-1.178
152600,296.688,295.8,43.6692,-3.36303
152610,296.688,295.8,43.6692,-3.36303
152620,296.688,295.8,43.6692,-3.36303
152630,296.688,295.8,58.7317,-3.36303
152640,296.688,296.245,58.7317,-3.36303
152650,296.688,296.245,47.9199,-1.178
152660,296.531,296.245,74.9318,-1.178
152670,296.87,296.245,74.9318,-3.36303
152680,296.87,296.437,94.9403,-3.36303
152690,296.931,296.437,94.9403,-3.36303
152700,296.931,296.437,94.9403,-3.36303
152710,296.959,296.552,94.9403,-3.36303
152720,296.631,296.552,94.9403,-1.178
152730,296.631,296.552,85.5794,-1.178
152740,296.631,296.552,71.2335,-1.178
152750,296.812,296.552,57.0147,-1.178
152760,296.812,296.552,57.0147,-1.178
152770,296.812,295.99,57.0147,-3.36303
152780,296.353,295.99,50.1331,-1.178
152790,296.353,295.99,50.1331,-1.178
152800,296.353,295.815,23.4918,-1.178
152810,296.353,295.815,23.4918,-1.178
152820,296.353,296.024,15.3199,-1.178
152830,296.353,295.81,15.3199,-1.178
152840,296.353,295.81,15.3199,-1.178
152850,296.542,296.179,15.3199,-1.178
152860,296.542,296.27,15.3199,-1.178
152870,296.542,296.27,15.3199,-1.178
152880,296.542,296.27,15.3199,-1.178
152890,296.826,296.27,15.3199,-1.178
152900,296.826,295.852,15.3199,-3.36303
152910,296.826,296.327,15.3199,-1.178
152920,296.826,296.327,15.3199,-1.178
152930,297.133,296.327,15.3199,-3.36303
152940,297.133,296.327,20.0037,-3.36303
152950,297.931,295.535,20.0037,-5.42989
152960,297.931,297.388,10.8578,-1.178
152970,297.931,297.883,10.8578,-1.178
152980,297.931,297.883,121.543,-1.178
152990,297.931,297.883,121.543,-1.178
153000,297.931,297.883,121.543,-1.178
153010,297.931,297.883,71.8631,-1.178
153020,297.931,297.883,71.8631,-1.178
153030,297.931,297.348,49.2915,-3.36303
153040,297.931,297.913,49.2915,-1.178
153050,297.931,297.913,120.567,-1.178
153060,297.931,297.913,44.1636,-1.178
153070,297.931,297.913,44.1636,-1.178
153080,297.931,297.913,44.1636,-1.178
153090,297.931,297.913,128.028,-1.178
153100,297.931,297.913,101.951,-1.178
153110,297.931,297.913,101.951,-1.178
153120,297.931,297.913,101.951,-1.178
153130,297.931,297.913,101.951,-1.178
153140,297.931,297.913,75.3662,-1.178
153150,297.931,297.901,75.3662,-1.178
153160,297.933,297.901,75.3662,-1.178
153170,297.933,297.901,27.0281,-1.178
153180,297.933,297.901,55.4056,-1.178
153190,296.621,296.288,55.4056,-1.178
153200,296.853,296.288,55.4056,-3.36303
153210,297.082,296.288,55.4056,-3.36303
153220,296.773,296.288,55.4056,-3.36303
153230,296.773,296.289,55.4056,-3.36303
153240,296.773,296.462,55.4056,-1.178
153250,296.773,296.462,55.4056,-1.178
153260,296.773,296.462,55.4056,-1.178
153270,296.773,296.462,55.4056,-1.178
153280,296.773,296.462,55.4056,-1.178
153290,296.773,296.462,55.4056,-1.178
153300,296.773,296.462,72.4738,-1.178
153310,296.773,296.462,72.4738,-1.178
153320,296.773,296.597,72.4738,-1.178
153330,296.773,296.597,72.4738,-1.178
153340,296.773,296.301,35.1296,-1.178
153350,296.689,296.301,35.1296,-1.178
153360,296.689,296.301,35.1296,-1.178
153370,296.689,296.301,39.436,-1.178
153380,296.689,296.516,46.0552,-1.178
153390,296.689,296.516,46.0552,-1.178
153400,296.689,296.685,115.129,-1.178
153410,296.689,296.685,94.4842,-1.178
153420,296.689,296.685,94.4842,-1.178
153430,296.689,296.685,94.4842,-1.178
153440,296.689,296.596,94.4842,-1.178
153450,296.689,296.596,94.4842,-1.178
153460,296.689,296.596,94.1296,-1.178
153470,296.689,296.596,115.293,-1.178
153480,296.689,296.596,115.293,-1.178
153490,296.689,296.596,115.293,-1.178
153500,296.689,296.596,39.3684,-1.178
153510,296.689,296.596,39.3684,-1.178
153520,296.689,296.596,6.0606,-1.178
153530,296.689,296.596,32.192,-1.178
153540,296.689,296.596,89.3463,-1.178
153550,296.689,296.596,89.3463,-1.178
153560,296.689,296.596,78.4425,-1.178
153570,296.689,296.596,60.5169,-1.178
153580,297.067,296.596,15.4941,-1.178
153590,297.067,296.596,30.1218,-1.178
153600,297.067,296.596,30.1218,-1.178
153610,297.067,296.536,30.1218,-1.178
153620,297.067,296.536,30.1218,-1.178
153630,297.067,296.536,30.1218,-1.178
153640,297.067,296.717,30.1218,-1.178
153650,296.775,296.717,30.1218,-1.178
153660,296.775,296.367,30.1218,-1.178
153670,296.775,296.367,30.1218,-1.178
153680,296.775,296.367,43.9844,-1.178
153690,296.775,296.367,43.9844,-1.178
153700,296.518,296.367,46.1642,-1.178
153710,296.196,296.152,46.1642,-1.178
153720,296.196,296.152,46.1642,-1.178
153730,296.196,296.152,46.1642,-1.178
153740,296.659,295.776,46.1642,-3.36303
153750,296.659,295.776,52.1448,-3.36303
153760,295.896,295.776,52.1448,-1.178
153770,295.91,295.776,33.2917,-1.178
153780,296.095,295.776,33.2917,-1.178
153790,296.095,295.776,60.3189,-1.178
153800,295.947,295.776,60.3189,-1.178
153810,296.257,295.607,8.8516,-1.178
153820,296.257,295.607,8.8516,-1.178
153830,295.979,295.607,8.8516,-1.178
153840,295.979,295.708,8.8516,-1.178
153850,295.839,295.708,8.8516,-1.178
153860,295.839,295.708,8.85761,-1.178
153870,295.839,295.307,8.85761,-1.178
153880,295.839,295.307,8.85761,-1.178
153890,295.839,295.307,8.85761,-1.178
153900,297.344,297.267,95.926,-1.178
153910,297.344,297.267,95.926,-1.178
153920,297.344,297.164,95.926,-1.178
153930,297.294,297.164,95.926,-1.178
153940,297.294,297.164,95.926,-1.178
153950,297.294,297.083,95.926,-1.178
153960,297.294,297.083,95.926,-1.178
153970,297.294,297.083,95.926,-1.178
153980,297.294,297.083,15.6424,-1.178
153990,297.176,297.083,6.13995,-1.178
154000,297.176,297.018,101.82,-1.178
154010,297.176,297.018,101.82,-1.178
154020,297.176,297.018,101.82,-1.178
154030,297.176,297.018,101.82,-1.178
154040,297.176,297.117,91.1845,-1.178
154050,297.176,297.117,90.9748,-1.178
154060,297.176,297.117,90.9748,-1.178
154070,297.176,297.117,90.9748,-1.178
154080,297.898,297.117,24.1521,-3.36303
154090,297.898,297.31,24.1521,-1.178
154100,297.898,297.678,24.1521,-1.178
154110,298.369,297.726,53.1137,-3.36303
154120,298.638,297.726,53.1137,-3.36303
154130,298.638,298.07,11.7575,-1.178
154140,298.638,298.07,10.821,-1.178
154150,298.638,298.07,10.821,-1.178
154160,298.638,298.07,10.821,-1.178
154170,298.638,298.07,10.821,-1.178
154180,298.162,298.07,94.117,-1.178
154190,298.162,298.07,69.5242,-1.178
154200,298.162,297.469,166.378,-7.49676
154210,298.109,297.469,97.5037,-5.42989
154220,298.109,297.469,97.5037,-5.42989
154230,298.109,297.469,97.5037,-5.42989
154240,297.804,297.469,97.5037,-3.36303
154250,297.804,297.469,97.5037,-3.36303
154260,297.708,297.469,95.9801,-3.36303
154270,297.708,297.469,95.9801,-3.36303
154280,297.708,297.469,37.8882,-1.178
154290,297.708,297.469,98.5037,-3.36303
154300,297.708,297.254,98.5037,-3.36303
154310,297.708,297.254,98.5037,-3.36303
154320,297.708,297.254,98.5037,-3.36303
154330,297.708,297.254,98.5037,-3.36303
154340,297.708,297.254,98.5037,-3.36303
154350,297.708,297.254,61.6439,-3.36303
154360,297.708,297.254,61.6439,-3.36303
154370,297.708,297.254,17.4811,-1.178
154380,297.71,297.234,17.4811,-1.178
154390,297.441,297.234,17.4811,-1.178
154400,297.325,297.234,72.1103,-1.178
154410,297.325,297.234,38.8274,-1.178
154420,297.533,297.234,50.1328,-1.178
154430,297.591,297.48,50.1328,-1.178
154440,297.822,297.515,64.0215,-1.178
154450,297.822,297.515,64.0215,-1.178
154460,297.822,297.515,64.0215,-1.178
154470,297.822,297.515,64.0215,-1.178
154480,297.822,297.515,64.0215,-1.178
154490,297.822,297.705,64.0215,-1.178
154500,297.822,297.705,64.0215,-1.178
154510,297.822,297.705,96.7968,-1.178
154520,297.822,297.705,97.827,-1.178
154530,297.822,297.698,97.827,-1.178
154540,298.281,297.698,6.65635,-1.178
154550,297.878,297.698,6.65635,-1.178
154560,297.878,297.698,20.0899,-1.178
154570,297.878,297.698,20.0899,-1.178
154580,297.878,297.698,20.0899,-1.178
154590,297.878,297.698,20.0899,-1.178
154600,297.878,297.698,35.3397,-1.178
154610,297.573,297.514,35.3397,-1.178
154620,297.573,297.514,122.056,-1.178
154630,297.573,297.514,7.84913,-1.178
154640,297.842,297.514,7.84913,-1.178
154650,297.842,297.086,16.0175,-3.36303
154660,297.725,297.086,16.0175,-3.36303
154670,297.725,296.605,16.0175,-3.36303
154680,297.725,297.215,16.0175,-1.178
154690,297.795,297.592,16.0175,-1.178
154700,297.795,297.592,19.0335,-1.178
154710,297.795,297.592,59.2584,-1.178
154720,297.795,297.592,85.3496,-1.178
154730,297.795,297.592,77.9471,-1.178
154740,297.795,297.592,41.3812,-1.178
154750,297.795,297.335,41.9538,-1.178
154760,297.716,297.346,41.9538,-1.178
154770,298.139,297.346,28.281,-3.36303
154780,298.654,297.436,28.281,-3.36303
154790,298.654,297.436,28.281,-3.36303
154800,298.68,297.436,28.281,-3.36303
154810,298.68,297.436,15.5751,-3.36303
154820,298.68,297.436,15.5751,-3.36303
154830,298.873,297.436,15.5751,-3.36303
154840,298.999,297.951,15.5751,-3.36303
154850,298.999,297.951,35.2505,-3.36303
154860,299.628,299.278,103.126,-3.36303
154870,299.764,299.278,84.2431,-3.36303
154880,299.643,299.278,84.2431,-3.36303
154890,299.643,299.278,16.2368,-1.178
154900,299.643,299.278,16.2368,-1.178
154910,300.296,299.982,16.2368,-1.178
154920,300.296,299.982,68.5008,-1.178
154930,300.296,299.982,68.5008,-1.178
154940,300.296,299.982,68.5008,-1.178
154950,300.1,299.982,25.3571,-1.178
154960,300.1,298.888,25.3571,-3.36303
154970,300.1,298.888,35.3361,-5.42989
154980,300.87,298.888,35.3361,-5.42989
154990,299.324,298.888,11.0316,-1.178
155000,299.324,298.676,11.0316,-1.178
155010,298.825,298.676,11.0316,-1.178
155020,298.688,298.676,20.6553,-1.178
155030,298.688,298.676,18.0907,-1.178
155040,300.022,298.676,18.0907,-3.36303
155050,298.721,298.676,12.3845,-1.178
155060,298.721,298.676,87.9212,-1.178
155070,298.721,298.676,109.116,-1.178
155080,298.721,298.676,109.116,-1.178
155090,298.721,298.676,22.3617,-1.178
155100,298.721,298.691,17.6111,-1.178
155110,298.721,298.691,122.928,-1.178
155120,298.721,298.691,122.928,-1.178
155130,298.721,298.691,129.033,-1.178
155140,298.721,298.691,62.644,-1.178
155150,298.721,298.691,113.677,-1.178
155160,298.721,298.691,113.677,-1.178
155170,298.721,298.691,97.0387,-1.178
155180,298.721,298.691,97.0387,-1.178
155190,298.721,298.534,97.0387,-1.178
155200,298.721,298.534,48.4511,-1.178
155210,298.721,298.534,48.4511,-1.178
155220,298.721,298.534,48.4511,-1.178
155230,298.995,298.534,48.4511,-1.178
155240,298.617,298.348,48.4511,-1.178
155250,298.644,298.348,57.3526,-1.178
155260,298.644,298.255,57.3526,-1.178
155270,298.644,298.255,57.3526,-1.178
155280,298.973,298.255,57.3526,-3.36303
155290,298.973,297.539,57.3526,-5.42989
155300,297.816,297.539,57.3526,-1.178
155310,297.867,297.543,57.3526,-1.178
155320,299.153,297.543,58.3994,-5.42989
155330,299.153,297.543,58.3994,-5.42989
155340,299.153,299.048,116.13,-1.178
155350,299.153,299.048,116.13,-1.178
155360,299.153,299.048,25.0769,-1.178
155370,299.153,299.048,77.9391,-1.178
155380,299.153,299.048,77.9391,-1.178
155390,299.153,299.048,77.9391,-1.178
155400,299.153,299.048,77.9391,-1.178
155410,299.153,299.048,77.9391,-1.178
155420,300.336,299.048,77.9391,-7.49676
155430,300.45,300.302,77.9391,-1.178
155440,300.45,300.302,74.5498,-1.178
155450,300.45,300.302,94.0375,-1.178
155460,300.45,300.302,10.5058,-1.178
155470,300.564,300.302,46.2485,-1.178
155480,300.682,300.302,46.2485,-1.178
155490,300.561,300.302,0.190745,-1.178
155500,300.561,300.249,0.190745,-1.178
155510,300.561,300.526,0.190745,-1.178
155520,301.062,299.907,0.190745,-3.36303
155530,301.062,300.553,0.190745,-1.178
155540,301.062,300.553,0.190745,-1.178
155550,300.597,300.553,79.028,-1.178
155560,300.597,300.553,79.028,-1.178
155570,300.597,300.553,79.028,-1.178
155580,300.597,300.553,79.028,-1.178
155590,300.597,300.396,79.028,-1.178
155600,300.597,300.396,79.028,-1.178
155610,300.597,300.396,79.028,-1.178
155620,300.625,300.396,79.028,-1.178
155630,300.56,300.47,21.6594,-1.178
155640,300.56,299.818,23.6165,-3.36303
155650,300.56,299.818,64.3498,-3.36303
155660,300.147,299.818,64.3498,-1.178
155670,300.147,299.818,7.22785,-1.178
155680,299.968,299.818,7.22785,-1.178
155690,299.968,299.818,19.595,-1.178
155700,299.968,299.818,74.3201,-1.178
155710,299.968,299.818,74.3201,-1.178
155720,300.097,299.818,74.3201,-1.178
155730,300.097,300.084,74.3201,-1.178
155740,300.333,300.084,74.3201,-1.178
155750,300.333,300.084,74.3201,-1.178
155760,300.482,300.084,23.9693,-1.178
155770,300.22,300.084,0.427961,-1.178
155780,301.027,299.946,0.427961,-3.36303
155790,300.896,299.946,0.427961,-3.36303
155800,300.896,300.043,45.1349,-3.36303
155810,301.316,301.215,45.1349,-1.178
155820,301.316,301.215,85.3333,-1.178
155830,301.316,301.215,85.3333,-1.178
155840,301.316,301.215,85.3333,-1.178
155850,301.316,301.215,47.2095,-1.178
155860,301.316,301.215,47.2095,-1.178
155870,301.316,301.215,6.75068,-1.178
155880,301.316,301.215,104.659,-1.178
155890,301.526,301.215,25.0276,-1.178
155900,301.526,301.215,25.0276,-1.178
155910,301.526,301.215,25.0276,-1.178
155920,301.001,300.383,25.0276,-3.36303
155930,301.204,300.383,65.1579,-3.36303
155940,301.644,300.383,68.3726,-5.42989
155950,300.848,300.383,68.3726,-3.36303
155960,300.896,300.134,68.3726,-3.36303
155970,300.896,300.581,68.3726,-1.178
155980,300.678,300.581,68.3726,-1.178
155990,300.678,300.363,68.3726,-1.178
156000,301.036,300.959,68.3726,-1.178
156010,301.143,300.959,75.6497,-1.178
156020,301.143,300.959,95.371,-1.178
156030,301.143,300.959,18.4956,-1.178
156040,301.459,301.048,18.4956,-1.178
156050,301.459,301.048,18.4956,-1.178
156060,301.459,301.048,18.4956,-1.178
156070,301.267,301.048,18.4956,-1.178
156080,301.267,300.883,18.4956,-1.178
156090,302.195,300.883,18.4956,-3.36303
156100,302.195,301.449,18.4956,-3.36303
156110,302.195,301.449,37.3532,-3.36303
156120,302.174,302.006,24.8429,-1.178
156130,302.174,302.006,1.44895,-1.178
156140,302.025,301.919,1.44895,-1.178
156150,302.196,301.919,1.44895,-1.178
156160,302.196,301.919,44.6758,-1.178
156170,302.044,301.906,44.6758,-1.178
156180,302.044,301.906,44.6758,-1.178
156190,302.317,301.906,44.6758,-1.178
156200,301.977,301.906,112.097,-1.178
156210,301.977,301.906,112.097,-1.178
156220,301.977,301.906,15.2438,-1.178
156230,301.977,301.393,15.2438,-1.178
156240,301.977,301.763,15.2438,-1.178
156250,302.253,301.763,43.4896,-3.36303
156260,302.253,301.763,43.4896,-3.36303
156270,302.253,302.18,86.507,-1.178
156280,302.253,302.079,92.9322,-1.178
156290,302.253,302.079,92.9322,-1.178
156300,302.253,302.079,92.9322,-1.178
156310,302.253,302.079,92.9322,-1.178
156320,302.253,302.079,15.6228,-1.178
156330,302.253,302.079,15.6228,-1.178
156340,302.466,301.959,15.6228,-1.178
156350,302.466,301.959,15.6228,-1.178
156360,302.525,301.959,15.6228,-1.178
156370,302.515,301.959,15.6228,-1.178
156380,302.106,301.959,15.6228,-1.178
156390,302.106,301.959,15.6228,-1.178
156400,302.818,302.605,15.6228,-1.178
156410,302.818,302.666,15.6228,-1.178
156420,302.818,302.666,19.2135,-1.178
156430,302.978,302.666,23.2626,-1.178
156440,302.978,302.666,23.2626,-1.178
156450,303.439,302.615,50.8904,-3.36303
156460,303.439,303.408,50.8904,-1.178
156470,303.439,303.437,50.8904,-1.178
156480,303.439,303.437,99.5291,-1.178
156490,303.439,303.236,41.2872,-1.178
156500,303.27,303.236,120.07,-1.178
156510,303.27,303.236,120.07,-1.178
156520,303.27,303.236,120.07,-1.178
156530,303.27,303.145,26.6394,-1.178
156540,303.27,303.145,26.6394,-1.178
156550,303.27,303.145,57.0887,-1.178
156560,303.27,303.145,57.0887,-1.178
156570,303.516,303.145,84.0734,-3.36303
156580,303.516,303.145,62.2743,-1.178
156590,303.516,303.145,62.5554,-1.178
156600,303.516,303.469,103.073,-1.178
156610,303.444,303.396,103.073,-1.178
156620,303.444,303.396,103.073,-1.178
156630,303.444,303.396,50.3395,-1.178
156640,303.444,303.207,50.3395,-1.178
156650,303.444,303.207,50.3395,-1.178
156660,304.223,303.207,50.3395,-3.36303
156670,304.223,303.207,50.3395,-3.36303
156680,304.223,303.207,50.3395,-3.36303
156690,304.223,303.207,50.3395,-3.36303
156700,304.223,303.507,50.3395,-3.36303
156710,304.223,303.507,47.5483,-3.36303
156720,304.223,303.507,47.5483,-3.36303
156730,304.223,304.204,47.5483,-1.178
156740,304.223,304.204,52.2142,-1.178
156750,304.291,304.204,109.802,-1.178
156760,304.291,303.768,68.5573,-3.36303
156770,304.291,303.768,13.603,-1.178
156780,304.291,304.104,13.603,-1.178
156790,304.504,304.482,13.603,-1.178
156800,304.504,304.482,11.0371,-1.178
156810,304.504,304.419,11.0371,-1.178
156820,305.012,304.419,11.0371,-1.178
156830,305.012,304.602,11.0371,-1.178
156840,305.012,304.602,11.0371,-1.178
156850,305.012,304.602,33.0384,-1.178
156860,305.012,304.602,33.0384,-1.178
156870,305.012,304.531,33.0384,-1.178
156880,305.012,304.531,28.4743,-1.178
156890,305.165,304.679,21.3119,-1.178
156900,305.165,304.679,21.3119,-1.178
156910,305.013,303.996,21.3119,-3.36303
156920,305.902,305.629,21.3119,-1.178
156930,305.681,305.629,124.192,-1.178
156940,305.681,305.629,111.767,-1.178
156950,305.681,305.665,19.5072,-1.178
156960,306.06,305.665,42.2164,-1.178
156970,306.06,305.665,42.2164,-1.178
156980,306.06,305.665,2.40711,-1.178
156990,306.213,305.665,2.40711,-1.178
157000,306.213,305.665,6.29568,-1.178
157010,306.213,305.665,6.29568,-1.178
157020,305.844,305.665,6.29568,-1.178
157030,308.304,305.801,6.29568,-5.42989
157040,307.644,306.603,6.29568,-3.36303
157050,307.644,307.166,6.29568,-1.178
157060,307.472,307.017,6.29568,-1.178
157070,308.057,307.017,6.29568,-3.36303
157080,308.057,306.826,6.29568,-3.36303
157090,306.833,306.826,6.29568,-1.178
157100,306.833,306.826,6.29568,-1.178
157110,306.833,306.826,6.29568,-1.178
157120,306.833,306.826,58.67,-1.178
157130,306.833,306.826,58.67,-1.178
157140,306.833,306.826,85.5749,-1.178
157150,306.833,306.713,7.95021,-1.178
157160,306.833,306.664,93.7156,-1.178
157170,306.833,306.664,93.7156,-1.178
157180,306.833,306.664,93.7156,-1.178
157190,306.833,306.664,93.7156,-1.178
157200,306.833,306.664,100.315,-1.178
157210,306.833,306.664,100.315,-1.178
157220,306.833,306.664,100.315,-1.178
157230,306.746,306.664,100.315,-1.178
157240,306.746,306.671,67.6277,-1.178
157250,306.746,306.671,18.1436,-1.178
157260,306.773,306.671,18.1436,-1.178
157270,306.773,306.156,18.1436,-1.178
157280,306.773,306.156,18.1436,-1.178
157290,306.773,306.156,18.1436,-1.178
157300,306.773,306.156,18.1436,-1.178
157310,307.531,307.322,18.1436,-1.178
157320,307.531,307.263,18.1436,-1.178
157330,307.531,307.263,18.1436,-1.178
157340,307.531,307.263,18.1436,-1.178
157350,307.531,307.263,18.1436,-1.178
157360,307.531,306.296,18.1436,-3.36303
157370,307.523,306.997,18.1436,-1.178
157380,307.366,306.997,18.1436,-1.178
157390,307.366,306.997,18.1436,-1.178
157400,307.366,306.997,18.1436,-1.178
157410,307.366,306.997,10.483,-1.178
157420,307.323,307.053,10.483,-1.178
157430,307.323,306.988,10.483,-1.178
157440,307.323,306.988,10.483,-1.178
157450,307.323,306.988,10.483,-1.178
157460,307.323,306.988,10.483,-1.178
157470,307.323,306.988,10.483,-1.178
157480,307.167,306.988,15.5202,-1.178
157490,307.167,306.738,23.4767,-1.178
157500,307.024,306.502,23.4767,-1.178
157510,306.891,306.502,23.4767,-1.178
157520,306.891,306.781,23.4767,-1.178
157530,306.891,306.781,15.3736,-1.178
157540,307.351,306.781,15.3736,-1.178
157550,306.837,306.781,15.3736,-1.178
157560,308.213,306.677,5.48376,-3.36303
157570,308.213,307.936,5.48376,-1.178
157580,308.213,307.447,42.573,-3.36303
157590,307.986,307.464,12.8017,-1.178
157600,307.989,307.645,12.8017,-1.178
157610,308.287,307.645,12.8017,-1.178
157620,308.037,307.645,12.8017,-1.178
157630,308.037,307.919,12.8017,-1.178
157640,308.037,307.919,98.2546,-1.178
157650,308.037,307.919,71.7373,-1.178
157660,308.037,307.919,71.7373,-1.178
157670,308.576,307.919,4.42145,-1.178
157680,308.39,308.304,4.42145,-1.178
157690,308.39,308.304,4.42145,-1.178
157700,308.39,308.304,19.5353,-1.178
157710,308.39,308.153,81.208,-1.178
157720,308.39,308.153,107.903,-3.36303
157730,308.4,308.153,107.903,-3.36303
157740,308.4,307.602,61.3253,-3.36303
157750,307.864,307.602,61.3253,-1.178
157760,307.864,307.602,30.2302,-1.178
157770,307.864,307.602,30.2302,-1.178
157780,307.864,307.602,30.2302,-1.178
157790,307.864,307.602,27.9179,-1.178
157800,308.088,307.602,27.9179,-1.178
157810,308.088,307.788,27.9179,-1.178
157820,308.088,307.788,27.9179,-1.178
157830,308.088,307.747,27.9179,-1.178
157840,308.088,307.747,27.9179,-1.178
157850,308.088,307.747,27.9179,-1.178
157860,308.088,307.551,62.845,-3.36303
157870,308.136,307.551,54.2006,-3.36303
157880,308.136,307.551,84.3586,-3.36303
157890,308.136,307.551,84.3586,-3.36303
157900,308.136,307.939,84.3586,-1.178
157910,307.961,307.939,84.3586,-1.178
157920,307.961,307.939,84.3586,-1.178
157930,307.961,307.939,102.946,-1.178
157940,307.961,307.939,33.2601,-1.178
157950,307.961,307.957,43.0199,-1.178
157960,308.635,307.957,49.9704,-3.36303
157970,308.635,307.957,34.2132,-3.36303
157980,308.842,307.57,34.2132,-5.42989
157990,308.842,308.149,34.2132,-3.36303
158000,308.842,308.813,34.2132,-1.178
158010,308.842,308.472,34.2132,-1.178
158020,309.693,308.472,34.2132,-5.42989
158030,309.091,308.303,34.2132,-3.36303
158040,309.091,308.303,34.2132,-3.36303
158050,309.202,308.303,34.2132,-3.36303
158060,309.202,308.303,34.2132,-3.36303
158070,309.202,308.083,34.2132,-3.36303
158080,308.368,308.145,34.2132,-1.178
158090,309.279,308.145,16.6203,-3.36303
158100,308.964,308.145,11.2975,-3.36303
158110,308.886,308.145,66.3476,-3.36303
158120,308.886,308.13,2.67702,-3.36303
158130,308.886,308.13,2.67702,-3.36303
158140,309.252,308.661,2.67702,-1.178
158150,309.259,308.661,2.67702,-1.178
158160,308.764,308.661,2.67702,-1.178
158170,308.764,308.661,114.802,-1.178
158180,308.731,308.661,3.33325,-1.178
158190,309.326,308.661,3.33325,-1.178
158200,308.994,308.799,3.33325,-1.178
158210,308.994,308.527,3.33325,-1.178
158220,308.994,308.553,3.33325,-1.178
158230,309.386,307.802,3.33325,-3.36303
158240,309.386,307.802,1.06996,-3.36303
158250,309.386,308.189,1.06996,-3.36303
158260,310.524,310.506,69.9424,-1.178
158270,310.524,310.506,31.5948,-1.178
158280,310.524,310.167,31.5948,-1.178
158290,310.524,310.167,16.9763,-1.178
158300,310.467,310.167,12.2866,-1.178
158310,310.228,310.095,12.2866,-1.178
158320,310.481,310.095,12.2866,-1.178
158330,310.561,310.095,12.2866,-1.178
158340,310.201,308.832,12.2866,-3.36303
158350,310.201,309.9,12.2866,-1.178
158360,310.201,310.112,114.565,-1.178
158370,311.308,310.112,162.299,-7.49676
158380,311.308,310.274,162.299,-7.49676
158390,310.981,310.524,162.299,-7.49676
158400,310.981,308.676,162.299,-7.49676
158410,309.922,308.182,164.635,-7.49676
158420,309.922,308.505,164.635,-7.49676
158430,309.922,309.113,9.90958,-3.36303
158440,309.622,309.113,24.6849,-1.178
158450,309.622,309.113,24.6849,-1.178
158460,309.157,309.113,50.4677,-1.178
158470,309.157,308.961,81.5622,-1.178
158480,309.157,308.961,81.5622,-1.178
158490,309.157,308.961,81.5622,-1.178
158500,311.458,308.961,81.5622,-7.49676
158510,308.465,307.882,81.5622,-3.36303
158520,308.465,307.882,81.5622,-3.36303
158530,308.143,307.882,31.3721,-1.178
158540,308.143,307.882,31.3721,-1.178
158550,308.058,307.882,31.3721,-1.178
158560,308.058,307.882,1.18717,-1.178
158570,308.058,307.882,1.18717,-1.178
158580,308.058,307.489,1.18717,-1.178
158590,308.058,307.489,11.8858,-1.178
158600,308.058,307.489,11.8858,-1.178
158610,308.058,307.489,11.8858,-1.178
158620,308.76,307.489,11.8858,-3.36303
158630,308.769,307.657,11.8858,-3.36303
158640,308.769,307.657,11.5732,-3.36303
158650,308.769,308.659,11.5732,-1.178
158660,308.769,308.621,11.5732,-1.178
158670,308.769,308.621,11.5732,-1.178
158680,308.769,308.378,11.5732,-1.178
158690,308.731,308.378,20.8079,-1.178
158700,308.731,308.378,20.8079,-1.178
158710,308.621,308.427,66.8567,-1.178
158720,308.621,308.427,66.8567,-1.178
158730,308.745,308.411,66.8567,-1.178
158740,308.745,308.411,66.8567,-1.178
158750,308.731,308.411,66.8567,-1.178
158760,308.731,308.411,66.8567,-1.178
158770,308.731,308.411,66.8567,-1.178
158780,308.731,308.411,66.8567,-1.178
158790,308.731,308.411,66.8567,-1.178
158800,308.566,308.406,100.945,-1.178
158810,308.566,308.406,35.8244,-1.178
158820,308.607,307.39,25.7283,-3.36303
158830,308.607,308.083,25.7283,-1.178
158840,308.607,308.083,25.7283,-1.178
158850,308.607,308.083,25.7283,-1.178
158860,308.607,308.083,5.66252,-1.178
158870,308.607,308.52,14.6395,-1.178
158880,308.607,308.52,14.6395,-1.178
158890,308.607,308.52,14.6395,-1.178
158900,308.785,308.52,14.6395,-1.178
158910,309.886,309.401,6.94985,-1.178
158920,309.886,309.5,39.3857,-1.178
158930,309.886,309.5,9.00849,-1.178
158940,309.886,309.5,49.5705,-1.178
158950,309.886,309.5,49.5705,-1.178
158960,309.886,309.5,28.6345,-1.178
158970,309.872,309.5,0.520134,-1.178
158980,309.872,309.5,0.520134,-1.178
158990,309.878,309.42,0.520134,-1.178
159000,309.635,309.42,0.520134,-1.178
159010,310.527,308.968,0.520134,-3.36303
159020,310.527,309.435,19.8327,-3.36303
159030,310.527,309.462,19.8327,-3.36303
159040,309.973,307.653,19.8327,-5.42989
159050,308.332,307.647,19.8327,-3.36303
159060,308.269,307.791,19.8327,-1.178
159070,308.269,307.791,19.8327,-1.178
159080,308.269,307.989,19.8327,-1.178
159090,308.269,307.996,12.4228,-1.178
159100,308.269,307.797,38.358,-1.178
159110,308.269,308.069,25.9159,-1.178
159120,308.269,308.069,117.812,-3.36303
159130,308.269,308.156,117.812,-3.36303
159140,308.269,308.156,117.812,-3.36303
159150,308.252,308.156,117.812,-1.178
159160,308.252,308.155,117.812,-1.178
159170,308.252,308.155,117.812,-1.178
159180,308.252,308.155,117.812,-1.178
159190,308.252,308.155,8.60938,-1.178
159200,308.252,308.12,100.135,-1.178
159210,308.252,308.12,100.135,-1.178
159220,308.252,308.12,100.135,-1.178
159230,308.252,308.12,100.135,-1.178
159240,308.252,308.12,100.135,-1.178
159250,308.252,308.12,100.135,-1.178
159260,308.252,308.12,100.135,-1.178
159270,308.252,308.12,100.135,-1.178
159280,308.252,308.12,90.5873,-1.178
159290,308.252,308.12,90.5873,-1.178
159300,308.252,308.045,55.4423,-1.178
159310,308.252,308.045,55.4423,-1.178
159320,308.088,308.045,57.2772,-1.178
159330,308.088,308.045,86.5073,-1.178
159340,308.088,307.853,86.5073,-1.178
159350,308.088,307.853,86.5073,-1.178
159360,308.088,307.853,86.5073,-1.178
159370,308.088,307.853,11.7289,-1.178
159380,308.088,307.853,11.7289,-1.178
159390,308.479,307.853,11.7289,-1.178
159400,308.479,307.853,11.7289,-1.178
159410,308.479,307.699,11.7289,-3.36303
159420,308.011,307.699,11.7289,-1.178
159430,308.201,307.136,11.7289,-3.36303
159440,307.96,307.667,11.7289,-1.178
159450,308.504,307.975,11.7289,-1.178
159460,308.504,307.975,11.7289,-1.178
159470,308.504,307.975,11.7289,-1.178
159480,308.345,307.975,11.7289,-1.178
159490,308.345,308.239,11.7289,-1.178
159500,308.345,308.239,11.7289,-1.178
159510,308.345,308.295,11.7289,-1.178
159520,308.369,307.875,11.7289,-1.178
159530,308.369,308.365,0.0760171,-1.178
159540,308.369,308.365,21.0616,-1.178
159550,309.988,308.365,21.0616,-5.42989
159560,308.86,308.645,21.0616,-1.178
159570,308.86,308.645,68.4484,-1.178
159580,308.86,308.724,68.4484,-1.178
159590,309.082,308.724,59.5619,-1.178
159600,309.082,308.949,59.5619,-1.178
159610,309.082,308.949,59.5619,-1.178
159620,309.082,308.794,0.256454,-1.178
159630,309.082,308.537,0.256454,-1.178
159640,309.082,308.458,0.256454,-1.178
159650,309.082,308.458,0.256454,-1.178
159660,308.937,308.481,3.0276,-1.178
159670,308.937,308.481,3.0276,-1.178
159680,309.501,308.83,3.0276,-1.178
159690,309.501,308.83,3.0276,-1.178
159700,309.501,308.83,3.0276,-1.178
159710,309.501,308.83,3.0276,-1.178
159720,309.501,308.83,3.0276,-1.178
159730,309.501,308.83,3.0276,-1.178
159740,309.501,308.83,3.0276,-1.178
159750,308.958,308.83,49.0445,-1.178
159760,308.958,308.83,36.6831,-1.178
159770,308.958,308.83,47.2865,-1.178
159780,308.958,308.839,51.3316,-1.178
159790,308.958,308.839,51.3316,-1.178
159800,308.958,308.839,67.17,-1.178
159810,308.958,308.839,67.17,-1.178
159820,309.315,308.685,67.17,-3.36303
159830,308.771,308.598,63.9774,-1.178
159840,308.771,308.594,53.6436,-1.178
159850,308.771,308.594,53.6436,-1.178
159860,308.659,308.594,53.6436,-1.178
159870,308.659,308.594,53.2743,-1.178
159880,308.659,308.594,90.0365,-1.178
159890,308.659,308.594,98.1268,-1.178
159900,308.659,308.594,91.0809,-1.178
159910,308.659,308.594,33.2588,-1.178
159920,308.952,308.594,33.2588,-1.178
159930,308.952,308.594,33.2588,-1.178
159940,308.699,308.443,33.2588,-1.178
159950,308.699,308.443,25.7819,-1.178
159960,308.985,308.443,25.7819,-1.178
159970,308.819,308.443,25.7819,-1.178
159980,308.819,308.443,25.7819,-1.178
159990,308.084,307.985,25.7819,-1.178
160000,308.084,307.599,25.7819,-1.178
160010,308.084,307.599,25.7819,-1.178
160020,308.084,307.599,29.5407,-1.178
160030,308.084,307.599,25.823,-1.178
160040,308.084,307.599,25.823,-1.178
160050,308.084,307.599,25.823,-1.178
160060,308.084,307.86,25.823,-1.178
160070,308.05,307.86,25.823,-1.178
160080,308.37,307.86,25.823,-1.178
160090,308.37,307.86,25.823,-1.178
160100,308.37,308.212,90.6557,-1.178
160110,308.37,308.212,13.4452,-1.178
160120,310.163,308.212,13.4452,-5.42989
160130,308.617,308.212,13.4452,-1.178
160140,308.318,308.212,13.4452,-1.178
160150,308.318,308.212,13.4452,-1.178
160160,308.804,308.747,104.139,-1.178
160170,308.804,308.747,104.139,-1.178
160180,308.804,308.747,104.139,-1.178
160190,308.804,308.747,104.139,-1.178
160200,308.804,308.747,104.139,-1.178
160210,308.804,308.752,116.375,-1.178
160220,308.804,308.752,116.375,-1.178
160230,308.804,308.752,118.193,-1.178
160240,308.915,308.752,118.193,-3.36303
160250,308.915,308.752,46.8588,-1.178
160260,309.488,308.258,46.8588,-5.42989
160270,308.613,308.303,46.8588,-1.178
160280,308.939,308.479,46.8588,-1.178
160290,308.79,308.479,46.8588,-1.178
160300,308.938,308.479,46.8588,-1.178
160310,308.938,308.479,46.8588,-1.178
160320,308.938,308.479,78.9466,-3.36303
160330,308.938,308.265,78.9466,-3.36303
160340,308.938,308.722,78.9466,-1.178
160350,308.938,308.722,12.1194,-1.178
160360,308.938,308.722,12.1194,-1.178
160370,309.269,308.722,54.499,-3.36303
160380,309.269,308.722,54.499,-3.36303
160390,309.467,308.722,54.499,-3.36303
160400,309.467,308.722,54.499,-3.36303
160410,309.467,308.722,54.499,-3.36303
160420,308.734,308.722,54.499,-1.178
160430,308.855,308.722,13.8843,-1.178
160440,308.855,308.722,81.562,-1.178
160450,308.855,308.722,55.9634,-1.178
160460,308.855,308.722,67.9419,-1.178
160470,308.789,308.722,67.9419,-1.178
160480,308.789,308.722,67.9419,-1.178
160490,308.581,308.231,67.9419,-1.178
160500,308.581,308.231,67.9419,-1.178
160510,308.365,308.231,67.9419,-1.178
160520,308.394,308.231,67.9419,-1.178
160530,308.394,308.231,57.8858,-1.178
160540,308.394,308.231,57.8858,-1.178
160550,308.643,308.231,57.8858,-1.178
160560,308.643,308.231,54.0167,-1.178
160570,308.643,308.231,54.0167,-1.178
160580,308.643,308.579,57.3577,-1.178
160590,308.643,308.329,57.3577,-1.178
160600,308.643,308.329,5.8137,-1.178
160610,308.643,308.6,47.7363,-1.178
160620,308.643,308.267,47.7363,-1.178
160630,308.643,308.267,55.9475,-1.178
160640,308.392,308.267,55.9475,-1.178
160650,308.271,308.267,55.9475,-1.178
160660,308.271,308.267,5.51869,-1.178
160670,308.271,308.267,61.6449,-1.178
160680,308.271,308.267,70.8546,-1.178
160690,308.603,308.267,32.1492,-1.178
160700,308.603,308.267,32.1492,-1.178
160710,308.603,308.127,32.1492,-1.178
160720,308.603,307.639,32.1492,-3.36303
160730,308.265,307.175,30.852,-3.36303
160740,308.265,307.42,30.852,-3.36303
160750,308.265,307.42,30.852,-3.36303
160760,308.265,307.327,30.852,-3.36303
160770,308.265,307.802,19.0868,-1.178
160780,308.265,307.802,19.0868,-1.178
160790,308.167,307.807,4.89273,-1.178
160800,308.167,307.807,43.9473,-1.178
160810,308.167,307.689,43.9473,-1.178
160820,308.167,307.689,9.82273,-1.178
160830,308.167,307.689,9.82273,-1.178
160840,308.831,307.437,9.82273,-3.36303
160850,308.831,307.437,9.82273,-3.36303
160860,308.339,307.437,2.50582,-3.36303
160870,308.339,306.944,2.50582,-3.36303
160880,307.454,306.944,21.3981,-1.178
160890,307.454,306.944,5.47504,-1.178
160900,307.454,306.944,5.47504,-1.178
160910,307.454,307.093,5.47504,-1.178
160920,306.566,306.313,26.4831,-1.178
160930,307.329,306.313,26.4831,-3.36303
160940,307.329,306.313,26.4831,-3.36303
160950,307.368,306.313,26.4831,-3.36303
160960,307.368,307.292,113.819,-1.178
160970,307.368,307.292,113.819,-1.178
160980,307.368,307.292,52.806,-1.178
160990,307.67,307.385,52.806,-1.178
161000,308.138,307.385,52.806,-3.36303
161010,308.138,307.385,52.806,-3.36303
161020,308.138,307.254,45.8917,-3.36303
161030,307.862,307.254,45.8917,-3.36303
161040,307.862,307.847,45.8917,-1.178
161050,307.862,307.847,45.8917,-1.178
161060,307.862,307.847,114.794,-1.178
161070,307.862,307.847,114.794,-1.178
161080,307.862,307.136,25.1423,-3.36303
161090,307.199,307.136,25.1423,-1.178
161100,307.421,307.136,25.1423,-1.178
161110,307.421,307.136,31.3201,-1.178
161120,307.421,307.136,74.3232,-1.178
161130,307.421,306.996,74.3232,-3.36303
161140,307.424,307.339,74.3232,-1.178
161150,307.424,307.339,74.3232,-1.178
161160,307.424,307.339,74.3232,-1.178
161170,307.424,307.339,74.3232,-1.178
161180,307.424,307.339,74.3232,-1.178
161190,307.424,307.339,74.3232,-1.178
161200,307.513,307.339,74.3232,-1.178
161210,307.513,307.339,76.6362,-1.178
161220,307.513,307.339,76.6362,-1.178
161230,307.513,307.339,76.6362,-1.178
161240,307.513,307.441,76.6362,-1.178
161250,307.513,307.441,76.6362,-1.178
161260,307.513,307.503,64.196,-1.178
161270,307.513,307.503,30.9123,-1.178
161280,307.981,307.503,30.9123,-1.178
161290,307.981,307.24,52.6342,-3.36303
161300,307.981,307.24,52.6342,-3.36303
161310,307.981,307.616,52.6342,-1.178
161320,307.981,307.616,52.6342,-1.178
161330,307.806,307.616,65.249,-1.178
161340,307.806,307.616,53.0174,-1.178
161350,308.012,307.616,53.0174,-1.178
161360,308.012,307.616,53.0174,-1.178
161370,308.531,307.792,40.7135,-3.36303
161380,308.531,307.792,40.7135,-3.36303
161390,308.428,307.792,41.4857,-3.36303
161400,308.428,307.792,41.4857,-3.36303
161410,308.03,307.792,41.4857,-1.178
161420,308.03,307.792,41.4857,-1.178
161430,308.03,307.792,58.1628,-1.178
161440,308.03,307.792,50.7391,-1.178
161450,308.03,307.792,35.5021,-1.178
161460,307.804,307.792,30.8148,-1.178
161470,307.819,307.792,44.086,-1.178
161480,307.819,307.792,79.0647,-1.178
161490,307.819,307.572,65.5453,-1.178
161500,307.819,307.572,65.5453,-1.178
161510,307.819,307.572,65.5453,-1.178
161520,307.683,307.391,65.5453,-1.178
161530,307.683,307.391,65.5453,-1.178
161540,307.683,307.391,65.5453,-1.178
161550,307.602,307.391,48.1642,-1.178
161560,307.566,307.391,0.800516,-1.178
161570,307.566,307.391,0.800516,-1.178
161580,306.984,306.947,0.800516,-1.178
161590,306.66,306.482,0.800516,-1.178
161600,306.66,306.646,0.800516,-1.178
161610,307.192,305.646,4.04275,-3.36303
161620,306.097,305.646,74.9544,-3.36303
161630,306.211,305.646,58.6445,-3.36303
161640,305.79,305.646,58.6445,-1.178
161650,305.79,305.646,5.23164,-1.178
161660,305.79,305.646,96.0199,-1.178
161670,305.733,305.646,96.0199,-1.178
161680,305.733,305.646,62.6306,-1.178
161690,305.733,305.646,62.6306,-1.178
161700,305.915,305.231,66.673,-3.36303
161710,305.274,305.231,66.673,-1.178
161720,305.274,305.231,66.673,-1.178
161730,305.274,305.231,66.673,-1.178
161740,305.274,305.231,11.9799,-1.178
161750,305.274,305.231,107.304,-1.178
161760,305.274,305.231,107.304,-1.178
161770,305.274,305.231,64.217,-1.178
161780,305.274,305.231,64.217,-1.178
161790,305.274,305.231,109.703,-1.178
161800,305.274,305.231,126.562,-1.178
161810,305.274,305.231,85.0603,-1.178
161820,305.274,305.231,85.0603,-1.178
161830,305.416,305.231,85.0603,-1.178
161840,305.491,305.231,85.0603,-1.178
161850,305.491,305.231,85.0603,-1.178
161860,305.301,305.231,85.574,-1.178
161870,305.301,305.231,85.574,-1.178
161880,305.301,305.231,80.8058,-1.178
161890,305.301,305.231,95.3594,-1.178
161900,305.301,305.231,95.3594,-1.178
161910,305.301,305.231,102.021,-1.178
161920,305.459,305.231,102.021,-3.36303
161930,305.459,305.231,103.488,-3.36303
161940,305.459,305.162,102.987,-3.36303
161950,305.459,303.204,102.987,-7.49676
161960,305.492,303.204,89.7293,-7.49676
161970,304.593,303.003,58.5663,-5.42989
161980,303.699,303.003,58.5663,-3.36303
161990,303.914,303.077,58.5663,-3.36303
162000,303.516,303.077,19.729,-1.178
162010,303.554,303.034,22.6166,-1.178
162020,303.554,303.034,22.6166,-1.178
162030,303.554,302.966,22.6166,-1.178
162040,303.314,302.966,5.37314,-1.178
162050,303.314,302.966,64.3731,-1.178
162060,303.314,302.966,64.3731,-1.178
162070,303.314,302.966,64.3731,-1.178
162080,303.314,302.966,64.3731,-1.178
162090,303.314,302.966,1.30736,-1.178
162100,303.314,303.308,1.30736,-1.178
162110,303.314,302.775,17.5857,-1.178
162120,303.314,302.775,17.5857,-1.178
162130,302.918,302.775,17.5857,-1.178
162140,302.918,302.396,86.8645,-3.36303
162150,302.918,302.396,83.6467,-3.36303
162160,302.918,302.396,83.6467,-3.36303
162170,302.735,302.22,83.6467,-3.36303
162180,302.735,302.47,83.6467,-1.178
162190,302.735,302.47,83.6467,-1.178
162200,302.735,302.47,83.6467,-1.178
162210,302.735,302.47,83.6467,-1.178
162220,302.735,302.47,82.815,-1.178
162230,302.735,302.47,4.96355,-1.178
162240,302.722,302.47,4.96355,-1.178
162250,302.711,302.47,4.96355,-1.178
162260,302.711,301.355,4.96355,-3.36303
162270,302.711,302.1,4.96355,-1.178
162280,302.711,302.1,17.9525,-1.178
162290,303.077,301.671,17.9525,-3.36303
162300,302.06,301.24,17.9525,-3.36303
162310,302.06,301.24,11.5254,-3.36303
162320,302.06,301.647,35.4085,-1.178
162330,302.06,301.647,35.4085,-1.178
162340,302.074,301.647,35.4085,-1.178
162350,302.074,301.647,54.8815,-1.178
162360,299.92,299.78,54.8815,-1.178
162370,299.92,299.78,54.8815,-1.178
162380,299.92,299.78,54.8815,-1.178
162390,300.002,299.78,54.8815,-1.178
162400,300.002,299.78,25.2909,-1.178
162410,300.002,299.982,25.2909,-1.178
162420,300.002,299.982,74.1451,-1.178
162430,300.002,299.982,54.1031,-1.178
162440,300.002,299.794,54.1031,-1.178
162450,300.002,299.794,54.1031,-1.178
162460,300.002,299.794,5.48895,-1.178
162470,300.002,299.794,5.48895,-1.178
162480,300.254,299.794,5.48895,-1.178
162490,300.254,298.846,42.5437,-5.42989
162500,299.656,298.846,42.5437,-3.36303
162510,299.538,298.846,54.0987,-3.36303
162520,299.538,298.846,54.0987,-3.36303
162530,299.811,298.846,54.0987,-3.36303
162540,299.811,299.49,54.0987,-1.178
162550,299.645,299.49,54.0987,-1.178
162560,299.895,299.689,54.0987,-1.178
162570,299.895,299.689,54.0987,-1.178
162580,299.895,299.689,54.0987,-1.178
162590,299.895,299.689,54.0987,-1.178
162600,300.11,299.689,54.0987,-1.178
162610,300.003,299.906,24.7543,-1.178
162620,300.003,299.906,24.7543,-1.178
162630,300.003,299.566,24.7543,-1.178
162640,300.42,299.983,24.7543,-1.178
162650,300.42,299.869,24.7543,-1.178
162660,300.42,300.087,4.02148,-1.178
162670,300.42,300.087,27.6645,-1.178
162680,300.42,299.306,27.6645,-3.36303
162690,300.42,299.306,40.049,-3.36303
162700,300.42,300.303,40.049,-1.178
162710,300.052,299.797,40.049,-1.178
162720,299.998,299.797,40.049,-1.178
162730,299.998,299.649,40.049,-1.178
162740,299.998,299.649,40.049,-1.178
162750,299.998,299.649,69.1627,-1.178
162760,299.998,299.649,4.13945,-1.178
162770,299.998,299.649,11.7009,-1.178
162780,299.998,298.952,93.6015,-7.49676
162790,300.805,298.925,72.0194,-7.49676
162800,300.411,298.925,14.6598,-5.42989
162810,300.411,298.779,167.585,-7.49676
162820,298.852,297.997,167.585,-7.49676
162830,297.74,296.871,167.585,-7.49676
162840,299.486,296.769,97.5372,-7.49676
162850,299.576,297.029,97.5372,-7.49676
162860,299.576,299.477,17.7882,-1.178
162870,300.027,299.477,3.28463,-1.178
162880,298.891,298.503,3.28463,-1.178
162890,298.891,298.503,3.28463,-1.178
162900,298.891,297.707,3.28463,-3.36303
162910,298.891,298.801,3.28463,-1.178
162920,298.891,298.801,118.961,-1.178
162930,298.891,298.801,118.961,-1.178
162940,298.891,298.801,118.961,-1.178
162950,299.134,298.801,118.961,-5.42989
162960,299.134,298.94,118.961,-3.36303
162970,299.134,298.94,118.961,-3.36303
162980,299.241,298.94,8.05506,-1.178
162990,299.241,298.94,8.05506,-1.178
163000,299.241,298.894,8.05506,-1.178
163010,298.898,298.894,8.05506,-1.178
163020,298.898,298.894,8.05506,-1.178
163030,298.898,298.894,8.05506,-1.178
163040,299.01,298.984,45.5111,-1.178
163050,299.314,298.984,45.5111,-1.178
163060,299.314,298.984,45.5111,-1.178
163070,299.314,298.984,45.5111,-1.178
163080,299.314,298.984,45.5111,-1.178
163090,299.603,298.984,0.657965,-1.178
163100,299.603,298.984,0.657965,-1.178
163110,299.603,298.984,0.657965,-1.178
163120,299.291,298.984,0.657965,-1.178
163130,299.281,299.21,3.39782,-1.178
163140,299.281,299.21,3.39782,-1.178
163150,299.281,298.889,28.4331,-1.178
163160,299.314,298.889,28.4331,-1.178
163170,299.314,298.889,43.1997,-1.178
163180,299.314,298.889,43.1997,-1.178
163190,299.132,298.889,31.9883,-1.178
163200,299.132,298.889,31.9883,-1.178
163210,299.025,298.889,67.1601,-1.178
163220,299.025,298.889,67.1601,-1.178
163230,299.025,298.889,105.5,-1.178
163240,299.01,298.889,105.5,-1.178
163250,299.01,298.889,105.5,-1.178
163260,299.01,298.889,105.5,-1.178
163270,299.01,298.889,105.5,-1.178
163280,299.01,298.889,105.5,-1.178
163290,299.01,298.889,105.5,-1.178
163300,299.01,298.965,105.5,-1.178
163310,299.027,298.965,105.5,-1.178
163320,299.027,298.965,90.8587,-1.178
163330,299.027,298.965,90.8587,-1.178
163340,298.971,298.965,62.9662,-1.178
163350,298.971,298.965,62.9662,-1.178
163360,298.971,298.965,1.96638,-1.178
163370,298.971,298.965,1.96638,-1.178
163380,298.971,298.965,48.6336,-1.178
163390,298.971,298.965,48.6336,-1.178
163400,298.971,298.965,129.821,-1.178
163410,298.971,298.965,129.821,-1.178
163420,298.971,298.965,129.821,-1.178
163430,298.971,298.965,129.821,-1.178
163440,298.971,298.965,127.834,-1.178
163450,298.971,298.965,127.834,-1.178
163460,298.971,298.965,127.834,-1.178
163470,298.971,298.965,18.0705,-1.178
163480,298.971,298.965,18.0705,-1.178
163490,298.971,298.965,62.9003,-1.178
163500,299.13,298.965,62.9003,-1.178
163510,299.214,298.965,62.9003,-1.178
163520,299.207,298.965,62.9003,-1.178
163530,299.207,297.92,39.5205,-5.42989
163540,298.442,298.368,39.5205,-1.178
163550,298.468,298.368,31.0643,-1.178
163560,298.468,298.368,46.7485,-1.178
163570,298.468,298.368,46.7485,-1.178
163580,298.468,298.04,0.37764,-1.178
163590,298.468,298.04,0.37764,-1.178
163600,298.468,298.04,0.37764,-1.178
163610,298.468,297.148,0.37764,-3.36303
163620,297.502,295.267,0.37764,-5.42989
163630,295.333,295.267,0.37764,-1.178
163640,295.333,295.267,0.37764,-1.178
163650,295.333,295.267,121.421,-1.178
163660,295.333,295.267,118.792,-1.178
163670,295.333,295.267,122.995,-1.178
163680,295.333,295.267,122.995,-1.178
163690,295.333,295.267,73.1727,-1.178
163700,295.333,295.267,73.1727,-1.178
163710,295.333,295.267,73.1727,-1.178
163720,295.333,295.267,73.1727,-1.178
163730,295.333,295.267,11.9492,-1.178
163740,295.333,295.267,5.93674,-1.178
163750,295.219,294.7,5.93674,-1.178
163760,295.771,294.7,25.8351,-3.36303
163770,295.483,294.7,25.8351,-3.36303
163780,295.483,294.7,25.8351,-3.36303
163790,295.403,294.7,25.8351,-3.36303
163800,295.403,294.7,25.8351,-3.36303
163810,295.403,295.137,25.8351,-1.178
163820,295.401,295.277,83.0657,-1.178
163830,295.401,295.277,83.0657,-1.178
163840,295.401,295.277,83.0657,-1.178
163850,295.401,295.277,83.0657,-1.178
163860,295.401,295.277,64.561,-1.178
163870,295.401,295.277,81.5443,-1.178
163880,295.401,295.277,106.556,-1.178
163890,295.401,295.33,38.1999,-1.178
163900,295.401,295.33,11.0766,-1.178
163910,295.401,294.94,11.0766,-1.178
163920,295.106,294.94,11.0766,-1.178
163930,295.106,294.94,44.3983,-1.178
163940,295.106,295.094,44.3983,-1.178
163950,295.106,295.094,70.7384,-1.178
163960,295.106,295.094,70.7384,-1.178
163970,295.106,295.094,70.7384,-1.178
163980,295.581,295.094,92.4115,-3.36303
163990,295.581,295.094,92.4115,-3.36303
164000,295.137,295.094,92.4115,-1.178
164010,295.137,295.094,92.4115,-1.178
164020,295.137,294.867,3.98981,-1.178
164030,295.137,294.747,3.98981,-1.178
164040,295.137,294.747,3.98981,-1.178
164050,295.137,294.747,3.98981,-1.178
164060,295.137,294.747,59.2701,-1.178
164070,295.137,294.747,59.2701,-1.178
164080,295.137,294.747,59.2701,-1.178
164090,295.137,294.917,61.5677,-1.178
164100,295.137,294.917,61.5677,-1.178
164110,295.139,294.917,93.285,-1.178
164120,295.139,294.917,93.285,-1.178
164130,295.139,294.917,83.9023,-1.178
164140,295.139,294.917,41.411,-1.178
164150,295.349,295.239,41.411,-1.178
164160,295.349,295.104,41.411,-1.178
164170,295.349,295.104,41.411,-1.178
164180,295.308,294.974,41.411,-1.178
164190,295.538,295.238,41.411,-1.178
164200,295.538,295.238,41.411,-1.178
164210,295.538,295.238,70.5256,-1.178
164220,295.538,295.238,70.5256,-1.178
164230,295.403,295.238,46.2381,-1.178
164240,295.403,295.238,52.5187,-1.178
164250,295.403,295.238,52.5187,-1.178
164260,295.403,295.238,52.5187,-1.178
164270,297.502,295.123,15.9193,-5.42989
164280,296.209,295.921,56.9795,-1.178
164290,296.209,295.921,56.9795,-1.178
164300,296.209,295.921,56.9795,-1.178
164310,296.209,295.921,8.09534,-1.178
164320,296.209,295.921,80.7551,-1.178
164330,296.209,295.921,80.7551,-1.178
164340,296.086,295.921,22.1874,-1.178
164350,296.086,295.921,63.1344,-1.178
164360,296.086,295.921,93.7469,-1.178
164370,296.086,295.921,93.7469,-1.178
164380,296.086,295.921,93.7469,-1.178
164390,296.086,295.921,65.9496,-1.178
164400,296.086,295.921,65.9496,-1.178
164410,296.067,295.921,65.9496,-1.178
164420,296.067,295.921,52.3875,-1.178
164430,296.067,295.182,52.3875,-3.36303
164440,296.067,295.802,52.3875,-1.178
164450,296.067,295.802,52.3875,-1.178
164460,296.067,295.802,52.3875,-1.178
164470,295.891,295.802,76.6479,-1.178
164480,295.891,295.802,41.0361,-1.178
164490,295.891,295.802,41.0361,-1.178
164500,296.211,295.802,41.0361,-1.178
164510,296.211,295.802,41.0361,-1.178
164520,296.211,295.802,56.7023,-1.178
164530,296.211,295.802,56.7023,-1.178
164540,296.211,296.029,82.7098,-1.178
164550,296.159,296.029,82.7098,-1.178
164560,296.159,296.029,89.0871,-1.178
164570,296.159,295.769,89.0871,-3.36303
164580,296.159,295.769,40.3586,-1.178
164590,296.159,295.769,40.3586,-1.178
164600,296.159,295.769,40.3586,-1.178
164610,296.159,296.103,40.3586,-1.178
164620,296.159,296.103,26.5325,-1.178
164630,296.159,295.967,26.5325,-1.178
164640,296.447,295.967,7.62424,-1.178
164650,296.426,295.967,7.62424,-1.178
164660,296.608,295.967,7.62424,-1.178
164670,296.493,296.169,7.62424,-1.178
164680,296.553,296.169,7.62424,-1.178
164690,296.553,296.354,7.62424,-1.178
164700,296.553,296.206,21.6027,-1.178
164710,297.013,296.206,21.6027,-3.36303
164720,296.804,296.206,21.6027,-1.178
164730,296.804,296.206,1.74446,-1.178
164740,296.804,296.121,1.74446,-1.178
164750,296.272,296.121,1.74446,-1.178
164760,296.272,296.121,1.74446,-1.178
164770,296.293,296.121,1.74446,-1.178
164780,296.293,295.964,43.4304,-1.178
164790,296.293,295.964,43.4304,-1.178
164800,296.293,296.026,7.26383,-1.178
164810,296.293,296.026,7.26383,-1.178
164820,296.293,296.026,17.0743,-1.178
164830,296.293,296.026,17.0743,-1.178
164840,296.293,296.026,17.0743,-1.178
164850,296.364,296.026,57.5958,-1.178
164860,296.388,296.026,57.5958,-1.178
164870,296.388,296.026,57.5958,-1.178
164880,296.359,296.026,57.5958,-1.178
164890,296.359,296.026,57.5958,-1.178
164900,296.359,296.317,57.5958,-1.178
164910,296.359,296.317,57.5958,-1.178
164920,296.359,296.317,57.5958,-1.178
164930,296.73,296.317,55.0614,-1.178
164940,296.73,296.317,55.0614,-1.178
164950,296.73,296.317,55.0614,-1.178
164960,296.73,296.317,14.3309,-1.178
164970,296.73,296.317,14.3309,-1.178
164980,296.73,296.317,14.3309,-1.178
164990,296.73,296.317,14.3309,-1.178
165000,296.73,296.317,7.95672,-1.178
165010,296.73,295.435,7.95672,-3.36303
165020,296.73,295.435,7.95672,-3.36303
165030,295.611,295.511,53.5218,-1.178
165040,295.611,295.511,53.5218,-1.178
165050,295.611,295.379,53.5218,-1.178
165060,295.526,295.379,9.82569,-1.178
165070,295.526,295.379,9.82569,-1.178
165080,295.526,295.379,9.82569,-1.178
165090,295.526,295.379,9.82569,-1.178
165100,295.526,295.379,9.82569,-1.178
165110,295.526,295.379,9.82569,-1.178
165120,295.526,295.067,9.82569,-1.178
165130,295.343,295.067,9.82569,-1.178
165140,295.343,294.91,9.82569,-1.178
165150,295.343,294.91,9.82569,-1.178
165160,295.343,294.91,13.7287,-1.178
165170,295.343,295.262,13.7287,-1.178
165180,295.545,295.262,13.7287,-1.178
165190,295.76,295.262,13.7287,-1.178
165200,295.405,294.443,13.7287,-3.36303
165210,295.405,294.443,13.7287,-3.36303
165220,295.561,294.443,13.7287,-3.36303
165230,294.883,294.443,13.7287,-1.178
165240,294.883,294.443,13.7287,-1.178
165250,294.524,294.443,118.081,-1.178
165260,294.524,294.443,118.081,-1.178
165270,294.524,294.443,27.7449,-1.178
165280,294.524,294.443,27.7449,-1.178
165290,294.524,294.443,87.0186,-1.178
165300,294.524,294.443,87.0186,-1.178
165310,294.524,294.443,30.0823,-1.178
165320,294.524,294.443,30.0823,-1.178
165330,294.524,294.476,30.0823,-1.178
165340,294.524,294.476,113.968,-1.178
165350,294.524,294.476,113.968,-1.178
165360,294.524,294.476,127.329,-1.178
165370,294.524,294.476,127.329,-1.178
165380,294.524,294.476,127.329,-1.178
165390,294.524,294.517,127.329,-1.178
165400,294.524,294.517,114.68,-1.178
165410,294.524,294.517,114.68,-1.178
165420,294.524,294.517,114.68,-1.178
165430,294.524,294.517,10.5087,-1.178
165440,294.524,293.975,10.5087,-1.178
165450,294.583,294.437,10.5087,-1.178
165460,294.583,294.437,5.15935,-1.178
165470,294.583,294.437,107.986,-1.178
165480,294.583,294.213,37.5435,-1.178
165490,294.583,294.213,27.8332,-1.178
165500,294.583,294.342,27.8332,-1.178
165510,294.519,294.342,6.28516,-1.178
165520,294.519,294.342,8.03633,-1.178
165530,295.88,295.375,8.03633,-1.178
165540,296.185,295.375,48.3326,-3.36303
165550,296.185,295.375,48.3326,-3.36303
165560,296.344,295.375,48.3326,-3.36303
165570,295.454,294.102,51.1509,-5.42989
165580,295.698,294.921,190.589,-7.49676
165590,294.674,294.07,190.589,-7.49676
165600,294.674,293.501,190.589,-7.49676
165610,294.674,293.205,3.63283,-3.36303
165620,294.674,293.205,3.63283,-3.36303
165630,294.659,293.205,5.10776,-3.36303
165640,294.659,293.483,5.10776,-3.36303
165650,293.995,293.483,5.10776,-1.178
165660,293.995,293.483,5.10776,-1.178
165670,293.995,293.885,5.10776,-1.178
165680,293.995,293.957,5.10776,-1.178
165690,293.995,293.957,5.10776,-1.178
165700,293.995,293.957,5.10776,-1.178
165710,293.995,293.957,5.10776,-1.178
165720,293.995,293.957,5.10776,-1.178
165730,294.625,293.957,5.10776,-1.178
165740,294.625,293.957,5.10776,-1.178
165750,293.907,293.104,5.10776,-3.36303
165760,293.907,292.493,8.23847,-3.36303
165770,293.907,292.7,8.23847,-3.36303
165780,293.907,292.388,8.23847,-3.36303
165790,292.968,290.665,8.23847,-5.42989
165800,292.968,290.402,8.23847,-5.42989
165810,292.968,291.589,8.23847,-3.36303
165820,292.968,291.921,8.23847,-3.36303
165830,293.155,291.921,21.5585,-3.36303
165840,293.155,292.249,21.5585,-3.36303
165850,293.327,292.403,21.5585,-3.36303
165860,293.128,293.008,21.5585,-1.178
165870,293.128,293.008,99.7091,-1.178
165880,293.024,293.008,52.7204,-1.178
165890,293.024,293.008,52.7204,-1.178
165900,293.024,292.647,52.7204,-1.178
165910,293.024,292.647,52.7204,-1.178
165920,293.024,292.647,52.7204,-1.178
165930,293.024,292.647,52.7204,-1.178
165940,293.024,292.647,52.7204,-1.178
165950,293.024,292.647,52.7204,-1.178
165960,293.024,292.605,52.7204,-1.178
165970,292.627,292.605,52.7204,-1.178
165980,292.627,291.829,52.7204,-3.36303
165990,292.766,291.829,82.2692,-5.42989
166000,291.801,291.331,82.2692,-3.36303
166010,293.833,291.331,72.8611,-7.49676
166020,291.794,291.331,14.809,-1.178
166030,291.794,291.331,42.6548,-1.178
166040,291.752,291.331,42.6548,-1.178
166050,292.042,291.65,42.6548,-1.178
166060,292.042,291.712,42.6548,-1.178
166070,292.042,291.712,49.2867,-1.178
166080,292.042,291.712,71.7854,-1.178
166090,292.042,291.712,71.7854,-1.178
166100,292.042,291.712,28.8101,-1.178
166110,292.042,291.776,23.2317,-1.178
166120,292.042,291.776,55.789,-1.178
166130,292.042,291.776,55.789,-1.178
166140,292.042,291.776,8.99857,-1.178
166150,292.042,291.776,8.99857,-1.178
166160,292.042,291.465,8.99857,-1.178
166170,292.042,291.465,8.99857,-1.178
166180,292.042,291.465,5.63273,-1.178
166190,292.042,291.529,5.63273,-1.178
166200,292.042,291.529,5.63273,-1.178
166210,292.042,291.318,5.63273,-3.36303
166220,291.551,291.459,5.63273,-1.178
166230,291.67,291.459,5.63273,-1.178
166240,291.67,291.459,5.63273,-1.178
166250,291.67,291.459,14.4538,-1.178
166260,291.67,291.459,14.4538,-1.178
166270,292.42,291.459,22.4159,-3.36303
166280,291.661,291.459,22.4159,-1.178
166290,291.669,291.459,22.4159,-1.178
166300,291.669,291.459,22.4159,-1.178
166310,291.545,291.459,22.4159,-1.178
166320,291.545,291.459,22.4159,-1.178
166330,291.987,291.631,22.4159,-1.178
166340,291.987,291.631,22.4159,-1.178
166350,291.523,291.504,22.4159,-1.178
166360,291.973,291.399,22.4159,-1.178
166370,291.973,291.932,59.3552,-1.178
166380,291.973,291.784,100.479,-1.178
166390,291.973,291.784,100.479,-1.178
166400,291.973,291.784,95.5486,-1.178
166410,291.973,291.784,95.5486,-1.178
166420,291.973,291.784,72.7039,-1.178
166430,291.973,291.784,72.7039,-1.178
166440,291.973,291.256,62.8512,-3.36303
166450,291.973,291.256,62.8512,-3.36303
166460,291.973,291.626,62.8512,-1.178
166470,291.973,291.626,62.8512,-1.178
166480,291.682,291.626,6.77022,-1.178
166490,292.162,291.626,6.77022,-1.178
166500,292.162,291.626,6.77022,-1.178
166510,292.162,291.626,71.9599,-3.36303
166520,292.266,291.927,71.9599,-1.178
166530,292.266,291.927,71.9599,-1.178
166540,292.266,291.927,48.8896,-1.178
166550,292.266,291.927,48.8896,-1.178
166560,292.266,291.927,48.8896,-1.178
166570,292.266,291.927,48.8896,-1.178
166580,292.266,291.927,48.8896,-1.178
166590,292.266,292.047,48.8896,-1.178
166600,292.266,292.047,61.9587,-1.178
166610,292.266,292.047,61.9587,-1.178
166620,292.266,291.912,61.9587,-1.178
166630,292.266,291.912,10.8573,-1.178
166640,292.266,292.126,10.8573,-1.178
166650,292.266,292.126,10.8573,-1.178
166660,292.266,291.91,10.8573,-1.178
166670,292.266,291.91,10.8573,-1.178
166680,292.425,291.91,10.8573,-1.178
166690,293.026,292.264,10.8573,-3.36303
166700,292.329,292.264,10.8573,-1.178
166710,292.329,292.264,83.8341,-1.178
166720,292.329,292.264,83.8341,-1.178
166730,292.329,292.264,83.8341,-1.178
166740,292.329,292.081,83.8341,-1.178
166750,292.329,292.081,83.8341,-1.178
166760,292.329,292.081,83.8341,-1.178
166770,292.329,292.081,83.8341,-1.178
166780,292.329,292.081,83.8341,-1.178
166790,292.329,292.081,83.8341,-1.178
166800,292.329,292.081,83.8341,-1.178
166810,292.329,292.169,83.8341,-1.178
166820,292.329,292.169,92.5528,-1.178
166830,292.329,292.169,71.6212,-1.178
166840,292.329,292.169,71.6212,-1.178
166850,292.329,292.169,71.6212,-1.178
166860,292.329,291.993,71.6212,-1.178
166870,292.329,291.993,71.6212,-1.178
166880,292.329,291.993,3.07054,-1.178
166890,292.329,291.697,47.5378,-3.36303
166900,292.329,291.933,47.5378,-1.178
166910,292.329,291.933,26.3001,-1.178
166920,292.204,290.762,26.3001,-5.42989
166930,291.083,290.762,75.4422,-1.178
166940,291.083,290.762,33.9527,-1.178
166950,291.061,290.762,33.9527,-1.178
166960,291.061,290.762,25.0988,-1.178
166970,291.061,291.031,25.0988,-1.178
166980,291.042,291.031,101.417,-1.178
166990,291.163,291.031,101.417,-1.178
167000,291.163,291.031,94.2546,-1.178
167010,291.163,291.031,94.2546,-1.178
167020,291.163,290.974,94.2546,-1.178
167030,291.163,290.974,94.2546,-1.178
167040,291.163,290.974,82.2522,-1.178
167050,291.163,290.907,82.2522,-1.178
167060,291.163,290.907,82.2522,-1.178
167070,291.163,290.907,82.2522,-1.178
167080,291.163,291.08,82.2522,-1.178
167090,291.163,291.08,4.57803,-1.178
167100,291.163,291.08,4.57803,-1.178
167110,291.163,291.08,65.7893,-1.178
167120,291.163,291.08,65.7893,-1.178
167130,291.163,291.08,62.2216,-1.178
167140,291.198,290.854,62.2216,-1.178
167150,291.014,290.854,62.2216,-1.178
167160,291.014,290.854,80.9864,-1.178
167170,290.891,290.854,80.9864,-1.178
167180,290.891,290.854,82.9449,-1.178
167190,290.978,290.854,20.1704,-1.178
167200,290.978,290.854,65.3413,-1.178
167210,291.249,290.854,27.5892,-1.178
167220,291.249,290.854,27.5892,-1.178
167230,291.249,290.854,27.5892,-1.178
167240,291.249,290.69,27.5892,-1.178
167250,291.249,290.69,27.5892,-1.178
167260,291.14,290.69,27.5892,-1.178
167270,291.14,290.69,48.2372,-1.178
167280,291.14,290.69,48.2372,-1.178
167290,291.14,290.69,48.2372,-1.178
167300,291.14,290.69,48.2372,-1.178
167310,291.14,290.69,48.2372,-1.178
167320,291.09,290.69,48.2372,-1.178
167330,291.09,291.041,48.2372,-1.178
167340,291.09,291.041,21.5803,-1.178
167350,291.09,291.041,49.3744,-1.178
167360,291.09,290.877,49.3744,-1.178
167370,291.09,290.877,49.3744,-1.178
167380,291.09,290.877,37.1232,-1.178
167390,291.954,290.877,37.1232,-3.36303
167400,290.887,290.877,130.363,-1.178
167410,290.887,290.877,36.0027,-1.178
167420,290.887,290.76,37.0095,-1.178
167430,290.887,290.76,37.0095,-1.178
167440,290.887,290.674,37.0095,-1.178
167450,290.887,290.674,74.2135,-1.178
167460,290.718,290.674,74.2135,-1.178
167470,290.967,290.674,74.2135,-1.178
167480,290.967,290.674,35.9905,-1.178
167490,290.967,290.864,35.9905,-1.178
167500,291.245,290.864,6.53872,-1.178
167510,291.245,290.864,6.53872,-1.178
167520,291.245,290.993,6.53872,-1.178
167530,291.245,290.993,78.5077,-1.178
167540,291.231,290.993,78.5077,-1.178
167550,291.661,290.993,78.5077,-3.36303
167560,291.443,290.993,78.5077,-3.36303
167570,291.396,291.144,78.5077,-1.178
167580,291.396,291.144,78.5077,-1.178
167590,291.396,291.144,78.5077,-1.178
167600,291.396,291.144,78.5077,-1.178
167610,291.396,291.144,78.5077,-1.178
167620,291.396,291.365,78.5077,-1.178
167630,291.396,291.367,89.4445,-1.178
167640,291.396,291.367,89.4445,-1.178
167650,291.372,291.367,58.7929,-1.178
167660,291.372,291.367,75.2246,-1.178
167670,291.372,291.367,75.2246,-1.178
167680,291.372,291.132,114.997,-3.36303
167690,291.372,291.132,114.997,-3.36303
167700,290.384,289.627,114.997,-7.49676
167710,290.384,289.091,47.7339,-5.42989
167720,290.384,290.224,47.7339,-1.178
167730,290.384,290.224,65.8829,-1.178
167740,290.384,290.224,65.8829,-1.178
167750,290.347,290.224,65.8829,-1.178
167760,290.347,290.224,65.8829,-1.178
167770,290.347,290.224,65.8829,-1.178
167780,290.347,290.224,43.2637,-1.178
167790,290.347,290.224,23.6706,-1.178
167800,290.734,290.714,23.6706,-1.178
167810,290.734,290.714,23.6706,-1.178
167820,290.905,290.317,23.6706,-1.178
167830,291.216,290.876,23.6706,-1.178
167840,291.216,290.876,9.60645,-1.178
167850,293.565,292.336,9.60645,-3.36303
167860,292.583,292.336,43.3484,-1.178
167870,292.665,291.932,43.3484,-3.36303
167880,292.665,291.932,43.3484,-3.36303
167890,292.665,292.42,43.3484,-1.178
167900,292.665,292.42,43.3484,-1.178
167910,292.665,292.42,43.3484,-1.178
167920,292.665,292.42,43.3484,-1.178
167930,292.665,292.492,43.3484,-1.178
167940,292.665,292.492,43.3484,-1.178
167950,292.665,292.492,43.3484,-1.178
167960,292.665,292.492,43.3484,-1.178
167970,292.527,292.492,43.3484,-1.178
167980,292.527,292.492,43.3484,-1.178
167990,292.698,292.492,43.3484,-1.178
168000,292.698,292.492,1.50552,-1.178
168010,294.047,292.492,1.50552,-3.36303
168020,294.047,292.913,1.50552,-3.36303
168030,293.796,292.913,1.50552,-3.36303
168040,294.107,293.937,1.71389,-1.178
168050,294.424,293.831,1.71389,-1.178
168060,294.424,293.831,1.71389,-1.178
168070,294.424,291.936,1.71389,-5.42989
168080,292.679,291.749,10.4825,-3.36303
168090,292.679,291.874,20.9813,-3.36303
168100,292.679,291.934,20.9813,-3.36303
168110,293.273,291.934,7.42141,-3.36303
168120,293.273,291.934,7.42141,-3.36303
168130,292.646,291.934,7.42141,-3.36303
168140,292.272,291.812,76.2243,-3.36303
168150,292.272,291.812,76.2243,-3.36303
168160,292.272,291.812,76.2243,-3.36303
168170,292.15,292.117,76.2243,-1.178
168180,292.15,292.117,76.2243,-1.178
168190,292.15,292.117,40.8614,-1.178
168200,292.327,292.117,68.4016,-1.178
168210,292.385,292.117,10.5267,-1.178
168220,292.978,292.117,10.5267,-3.36303
168230,292.978,292.117,59.6697,-3.36303
168240,292.978,292.117,59.6697,-3.36303
168250,292.978,292.078,48.2394,-3.36303
168260,292.978,292.44,48.2394,-3.36303
168270,292.978,292.44,27.7428,-1.178
168280,292.978,292.524,27.7428,-1.178
168290,292.978,292.794,27.7428,-1.178
168300,292.978,292.794,65.6678,-1.178
168310,292.978,292.794,10.5506,-1.178
168320,293.81,292.794,10.5506,-3.36303
168330,292.97,292.794,83.5153,-1.178
168340,292.97,292.794,68.583,-1.178
168350,292.97,292.794,53.2293,-1.178
168360,292.97,292.794,75.9179,-1.178
168370,292.97,292.794,75.9179,-1.178
168380,292.97,292.794,75.9179,-1.178
168390,292.97,292.794,75.9179,-1.178
168400,292.97,292.794,49.5536,-1.178
168410,292.97,292.794,49.5536,-1.178
168420,292.97,292.794,49.5536,-1.178
168430,292.97,292.794,64.9293,-1.178
168440,292.975,292.794,64.9293,-1.178
168450,292.975,292.794,64.9293,-1.178
168460,292.975,292.794,77.5377,-1.178
168470,292.813,292.794,77.5377,-1.178
168480,292.813,292.637,85.3645,-1.178
168490,292.641,292.637,85.3645,-1.178
168500,292.641,292.637,85.3645,-1.178
168510,292.641,292.637,70.8927,-1.178
168520,292.641,292.637,70.8927,-1.178
168530,292.641,292.637,17.5662,-1.178
168540,292.641,292.637,121.111,-1.178
168550,292.641,292.637,121.111,-1.178
168560,292.641,292.637,116.981,-1.178
168570,292.641,292.637,116.981,-1.178
168580,292.641,292.609,128.929,-1.178
168590,292.641,292.609,87.5211,-1.178
168600,292.641,292.609,49.1396,-1.178
168610,292.641,292.609,105.781,-1.178
168620,292.641,292.609,126.586,-1.178
168630,292.641,292.609,126.586,-1.178
168640,292.641,292.609,126.586,-1.178
168650,292.641,292.609,126.586,-1.178
168660,292.641,292.63,111.089,-1.178
168670,292.641,292.517,111.089,-1.178
168680,292.641,292.517,111.089,-1.178
168690,292.641,292.517,111.089,-1.178
168700,292.641,292.517,38.9619,-1.178
168710,292.641,292.517,96.8919,-1.178
168720,292.641,292.517,119.228,-3.36303
168730,292.641,292.517,75.8737,-1.178
168740,292.641,292.517,75.8737,-1.178
168750,292.641,292.517,75.8737,-1.178
168760,292.641,292.517,75.8737,-1.178
168770,292.641,292.517,75.8737,-1.178
168780,292.641,292.517,75.8737,-1.178
168790,292.641,292.522,75.8737,-1.178
168800,292.641,292.522,75.8737,-1.178
168810,292.641,292.522,101.084,-1.178
168820,292.641,292.522,101.084,-1.178
168830,292.641,292.522,23.4112,-1.178
168840,292.881,292.405,23.4112,-1.178
168850,292.881,292.427,23.4112,-1.178
168860,292.511,292.427,23.4112,-1.178
168870,292.511,292.427,11.2298,-1.178
168880,292.09,291.864,11.2298,-1.178
168890,292.485,291.864,11.2298,-1.178
168900,292.485,291.864,11.2298,-1.178
168910,292.485,291.864,11.2298,-1.178
168920,292.485,291.864,11.2298,-1.178
168930,292.485,291.864,11.2298,-1.178
168940,292.485,292.156,10.7247,-1.178
168950,292.163,292.156,10.7247,-1.178
168960,292.163,292.156,66.2918,-1.178
168970,292.163,291.815,66.2918,-1.178
168980,292.441,291.815,66.2918,-3.36303
168990,292.441,291.815,12.7108,-1.178
169000,292.441,291.932,12.7108,-1.178
169010,292.441,291.932,12.7108,-1.178
169020,292.441,292.241,12.7108,-1.178
169030,293.15,292.651,12.7108,-1.178
169040,293.055,292.466,12.7108,-1.178
169050,293.055,292.466,7.94697,-1.178
169060,293.055,292.702,7.94697,-1.178
169070,293.916,293.787,7.94697,-1.178
169080,293.87,293.787,7.94697,-1.178
169090,293.87,293.787,34.6158,-1.178
169100,293.87,293.787,34.6158,-1.178
169110,293.87,293.787,34.6158,-1.178
169120,293.921,293.66,34.6158,-1.178
169130,293.921,293.66,48.5762,-1.178
169140,293.921,293.75,48.5762,-1.178
169150,293.789,293.75,48.5762,-1.178
169160,293.789,293.75,120.382,-1.178
169170,293.789,293.75,120.382,-1.178
169180,293.789,293.75,120.382,-1.178
169190,293.789,293.602,36.1242,-1.178
169200,293.789,293.602,84.8795,-1.178
169210,293.789,293.602,84.8795,-1.178
169220,293.649,293.602,84.8795,-1.178
169230,293.649,293.602,84.8795,-1.178
169240,293.737,293.602,84.8795,-1.178
169250,293.737,293.602,66.3815,-1.178
169260,293.737,293.602,66.3815,-1.178
169270,293.737,293.602,66.3815,-1.178
169280,293.737,293.602,66.3815,-1.178
169290,293.737,293.602,13.0329,-1.178
169300,293.737,293.602,41.6101,-1.178
169310,293.737,293.602,71.2393,-1.178
169320,293.737,293.5,57.9045,-1.178
169330,293.737,293.347,57.9045,-1.178
169340,293.737,292.887,57.9045,-3.36303
169350,293.954,292.887,41.0719,-3.36303
169360,293.954,293.706,41.0719,-1.178
169370,294.008,293.706,41.0719,-1.178
169380,293.993,293.859,25.2954,-1.178
169390,293.993,293.859,79.0878,-1.178
169400,293.993,293.859,79.0878,-1.178
169410,293.993,293.859,58.439,-1.178
169420,293.993,293.571,57.9382,-3.36303
169430,293.993,293.571,46.7336,-1.178
169440,293.993,293.571,46.7336,-1.178
169450,293.723,293.571,46.7336,-1.178
169460,293.723,293.324,46.7336,-1.178
169470,293.723,293.324,46.7336,-1.178
169480,293.69,293.324,46.7336,-1.178
169490,293.655,293.405,46.7336,-1.178
169500,293.655,293.405,44.9842,-1.178
169510,293.655,293.405,31.4386,-1.178
169520,292.698,292.009,31.4386,-3.36303
169530,292.545,292.009,25.2406,-1.178
169540,292.564,292.009,25.2406,-1.178
169550,292.564,292.246,12.7821,-1.178
169560,292.564,292.044,12.7821,-1.178
169570,292.564,292.044,12.7821,-1.178
169580,292.564,292.044,12.7821,-1.178
169590,293.499,292.044,12.7821,-3.36303
169600,293.499,292.344,12.7821,-3.36303
169610,292.872,292.344,12.7821,-1.178
169620,292.872,292.344,12.7821,-1.178
169630,292.808,292.344,12.7821,-1.178
169640,292.808,292.718,12.7821,-1.178
169650,292.808,292.718,9.56273,-1.178
169660,292.808,292.718,88.2093,-1.178
169670,292.808,292.718,98.9133,-1.178
169680,292.808,292.718,98.9133,-1.178
169690,292.907,292.718,98.9133,-1.178
169700,292.907,292.718,77.359,-1.178
169710,292.907,292.797,77.359,-1.178
169720,292.907,292.797,89.4202,-1.178
169730,292.907,292.797,89.4202,-1.178
169740,292.914,292.797,97.7707,-1.178
169750,292.914,292.797,97.7707,-1.178
169760,292.914,292.797,97.7707,-1.178
169770,292.914,292.896,97.7707,-1.178
169780,292.914,292.896,97.7707,-1.178
169790,292.914,292.896,103.871,-1.178
169800,292.914,292.896,103.871,-1.178
169810,292.914,292.896,103.871,-1.178
169820,292.914,292.896,103.871,-1.178
169830,292.914,292.896,65.909,-1.178
169840,293.003,292.896,65.909,-1.178
169850,293.003,292.896,65.909,-1.178
169860,293.003,292.896,65.909,-1.178
169870,293.003,292.896,100.501,-1.178
169880,293.003,292.896,86.985,-1.178
169890,293.003,292.806,53.8274,-1.178
169900,293.003,292.89,53.8274,-1.178
169910,293.003,292.89,53.8274,-1.178
169920,293.003,292.89,53.8274,-1.178
169930,293.003,292.89,53.8274,-1.178
169940,293.003,292.599,26.5405,-1.178
169950,293.075,292.599,26.5405,-1.178
169960,293.075,292.599,26.5405,-1.178
169970,293.075,292.599,26.5405,-1.178
169980,293.575,292.599,26.5405,-3.36303
169990,293.53,292.599,26.5405,-3.36303
170000,293.094,292.762,53.7317,-1.178
170010,293.094,292.762,53.7317,-1.178
170020,293.094,292.762,53.7317,-1.178
170030,292.862,292.762,53.7317,-1.178
170040,292.862,292.212,3.47595,-1.178
170050,292.862,292.212,3.47595,-1.178
170060,292.862,292.273,3.47595,-1.178
170070,292.862,292.528,3.47595,-1.178
170080,292.862,292.528,41.1334,-1.178
170090,292.862,292.859,128.193,-1.178
170100,292.862,292.859,128.193,-1.178
170110,292.862,292.859,100.206,-1.178
170120,292.862,292.859,68.6057,-1.178
170130,292.862,292.859,93.6313,-1.178
170140,292.862,292.859,95.1239,-1.178
170150,292.966,292.859,22.9619,-1.178
170160,292.966,292.859,22.9619,-1.178
170170,292.966,292.789,22.9619,-1.178
170180,292.966,292.789,18.0108,-1.178
170190,293.178,292.789,18.0108,-1.178
170200,292.936,292.789,18.0108,-1.178
170210,293.008,292.789,18.0108,-1.178
170220,292.823,292.789,18.0108,-1.178
170230,292.823,292.789,18.0108,-1.178
170240,292.823,292.789,34.1585,-1.178
170250,292.823,292.45,34.1585,-1.178
170260,292.823,292.45,34.1585,-1.178
170270,292.863,292.45,34.1585,-1.178
170280,292.863,292.218,34.1585,-3.36303
170290,292.863,292.142,34.1585,-3.36303
170300,292.933,292.142,50.3643,-3.36303
170310,292.933,292.142,17.2041,-3.36303
170320,293.095,292.142,41.6771,-3.36303
170330,293.01,292.142,41.6771,-3.36303
170340,293.278,292.62,73.0603,-3.36303
170350,293.278,292.62,73.0603,-3.36303
170360,293.278,292.62,97.8754,-5.42989
170370,293.92,293.45,97.8754,-5.42989
170380,293.764,293.45,97.8754,-3.36303
170390,293.764,292.961,8.34077,-3.36303
170400,293.178,292.961,8.34077,-1.178
170410,293.178,293.086,31.2837,-1.178
170420,293.229,293.086,31.2837,-1.178
170430,293.229,293.086,31.2837,-1.178
170440,293.229,293.086,75.8711,-1.178
170450,293.229,293.086,75.8711,-1.178
170460,293.229,292.974,75.8711,-1.178
170470,293.229,292.974,46.1158,-1.178
170480,292.343,292.26,46.1158,-1.178
170490,292.343,292.26,46.1158,-1.178
170500,292.343,292.227,46.1158,-1.178
170510,292.343,292.227,46.1158,-1.178
170520,292.642,292.227,46.1158,-1.178
170530,292.642,292.227,46.1158,-1.178
170540,292.642,292.227,56.5256,-1.178
170550,292.536,292.227,56.5256,-1.178
170560,292.536,292.227,56.5256,-1.178
170570,292.536,292.15,56.5256,-1.178
170580,292.431,292.401,56.5256,-1.178
170590,292.431,292.052,56.5256,-1.178
170600,292.431,292.327,56.5256,-1.178
170610,292.431,292.327,56.5256,-1.178
170620,292.431,292.327,103.549,-1.178
170630,292.431,292.327,59.5322,-1.178
170640,292.431,292.316,59.5322,-1.178
170650,292.431,292.316,59.5322,-1.178
170660,292.404,292.316,59.5322,-1.178
170670,292.582,292.316,59.5322,-1.178
170680,292.582,292.316,82.6026,-1.178
170690,292.582,292.316,82.6026,-1.178
170700,292.582,292.316,59.7236,-1.178
170710,292.484,292.449,59.7236,-1.178
170720,292.84,292.479,59.7236,-1.178
170730,292.84,292.479,44.9622,-1.178
170740,292.84,292.479,24.1688,-1.178
170750,292.808,292.479,24.1688,-1.178
170760,292.808,292.403,24.1688,-1.178
170770,293.664,293.258,24.1688,-1.178
170780,293.701,293.522,116.805,-3.36303
170790,293.675,293.522,50.2774,-1.178
170800,294.21,293.522,76.0605,-3.36303
170810,294.252,293.522,100.71,-5.42989
170820,294.252,293.522,67.8157,-3.36303
170830,293.628,293.522,67.8157,-1.178
170840,293.628,293.572,67.8157,-1.178
170850,293.628,293.572,20.1542,-1.178
170860,293.726,293.205,20.1542,-1.178
170870,293.726,293.689,20.1542,-1.178
170880,293.726,293.689,80.0484,-1.178
170890,293.726,293.689,80.0484,-1.178
170900,293.726,293.445,111.001,-3.36303
170910,293.726,293.445,111.001,-3.36303
170920,293.726,293.445,5.15191,-1.178
170930,293.726,293.445,76.9602,-1.178
170940,293.726,293.445,76.9602,-1.178
170950,293.726,293.492,76.9602,-1.178
170960,293.726,293.492,76.9602,-1.178
170970,294.587,293.492,43.6088,-3.36303
170980,294.587,293.492,43.6088,-3.36303
170990,294.587,293.492,43.6088,-3.36303
171000,294.587,293.492,43.6088,-3.36303
171010,294.587,293.492,43.6088,-3.36303
171020,294.372,293.492,20.336,-3.36303
171030,294.008,293.492,20.336,-1.178
171040,294.008,293.492,20.336,-1.178
171050,294.092,293.9,20.336,-1.178
171060,294.092,293.9,32.6432,-1.178
171070,294.102,293.9,32.6432,-1.178
171080,294.102,293.9,80.1063,-1.178
171090,294.102,293.9,50.6764,-1.178
171100,294.102,293.9,50.6764,-1.178
171110,294.102,293.9,50.6764,-1.178
171120,294.102,292.897,22.5292,-3.36303
171130,294.102,292.897,22.5292,-3.36303
171140,293.662,292.897,22.5292,-3.36303
171150,293.662,292.561,22.5292,-3.36303
171160,293.662,293.135,31.4056,-1.178
171170,293.662,293.135,31.4056,-1.178
171180,293.662,293.327,31.4056,-1.178
171190,294.074,293.299,31.4056,-3.36303
171200,293.561,293.299,12.6278,-1.178
171210,293.411,292.259,12.6278,-3.36303
171220,293.003,292.259,54.7679,-3.36303
171230,293.003,292.259,54.7679,-3.36303
171240,292.88,292.259,59.2485,-3.36303
171250,293.513,292.259,59.2485,-5.42989
171260,293.513,293.358,59.2485,-1.178
171270,293.513,293.358,106.66,-1.178
171280,293.513,293.358,114.721,-3.36303
171290,293.513,293.358,114.721,-3.36303
171300,293.513,293.358,114.721,-3.36303
171310,293.513,293.358,114.721,-3.36303
171320,293.512,293.358,114.721,-3.36303
171330,293.48,293.358,29.4057,-1.178
171340,293.48,293.334,29.4057,-1.178
171350,293.48,293.334,29.4057,-1.178
171360,293.645,293.334,8.84352,-1.178
171370,293.645,293.334,66.5403,-1.178
171380,293.645,293.334,66.5403,-1.178
171390,293.645,293.438,66.5403,-1.178
171400,293.645,293.438,66.5403,-1.178
171410,293.645,293.438,65.2576,-1.178
171420,293.645,293.355,0.881737,-1.178
171430,293.645,293.355,0.881737,-1.178
171440,293.388,293.355,18.0227,-1.178
171450,293.388,293.355,35.1815,-1.178
171460,293.388,293.355,59.1573,-1.178
171470,293.388,293.355,109.767,-1.178
171480,293.388,293.355,109.767,-1.178
171490,293.388,293.355,45.3322,-1.178
171500,293.388,293.355,38.2962,-1.178
171510,293.388,293.355,38.2962,-1.178
171520,293.388,293.355,38.2962,-1.178
171530,293.388,293.355,119.993,-1.178
171540,293.388,293.355,33.142,-1.178
171550,293.388,293.355,33.142,-1.178
171560,293.388,293.355,33.142,-1.178
171570,293.388,293.355,33.142,-1.178
171580,293.388,293.355,33.142,-1.178
171590,293.388,293.355,119.387,-1.178
171600,293.388,293.355,119.387,-1.178
171610,293.388,293.355,119.387,-1.178
171620,293.388,293.355,119.387,-1.178
171630,293.388,293.355,69.9552,-1.178
171640,293.388,293.355,69.9552,-1.178
171650,293.388,293.355,69.9552,-1.178
171660,293.388,293.355,30.0735,-1.178
171670,293.702,292.643,30.0735,-3.36303
171680,293.702,292.458,30.0735,-3.36303
171690,293.702,293.639,30.0735,-1.178
171700,293.959,293.639,30.0735,-1.178
171710,293.959,293.639,53.216,-1.178
171720,293.959,293.639,55.7168,-1.178
171730,293.959,293.639,45.2293,-1.178
171740,293.959,293.639,45.2293,-1.178
171750,293.959,293.639,45.2293,-1.178
171760,293.959,293.639,55.6306,-1.178
171770,293.959,293.639,14.7119,-1.178
171780,294.087,293.639,14.7119,-1.178
171790,293.949,293.639,14.7119,-1.178
171800,293.949,293.869,14.7119,-1.178
171810,293.949,293.869,14.7119,-1.178
171820,294.048,293.869,14.7119,-1.178
171830,293.894,293.869,48.7726,-1.178
171840,293.894,293.869,48.7726,-1.178
171850,293.894,293.869,48.7726,-1.178
171860,294.272,294.124,48.7726,-1.178
171870,294.462,294.124,48.7726,-1.178
171880,294.462,294.124,107.204,-3.36303
171890,294.462,294.124,107.204,-3.36303
171900,294.462,294.124,107.204,-3.36303
171910,294.243,294.124,107.204,-1.178
171920,294.243,294.124,1.24757,-1.178
171930,294.243,293.87,1.24757,-1.178
171940,294.211,293.87,1.24757,-1.178
171950,294.902,294.36,13.683,-1.178
171960,294.902,294.36,13.683,-1.178
171970,294.902,294.36,13.683,-1.178
171980,294.902,294.36,5.42275,-1.178
171990,294.902,294.36,23.8791,-1.178
172000,294.706,294.36,23.8791,-1.178
172010,294.441,294.36,119.189,-1.178
172020,294.441,294.36,119.189,-1.178
172030,294.441,294.36,119.189,-1.178
172040,294.441,294.36,119.189,-1.178
172050,294.441,294.36,119.189,-1.178
172060,294.441,294.36,119.189,-1.178
172070,294.441,292.875,119.189,-7.49676
172080,292.547,292.197,4.86123,-1.178
172090,292.51,292.197,102.735,-3.36303
172100,292.229,292.197,92.7222,-1.178
172110,292.229,292.197,92.7222,-1.178
172120,292.229,292.014,92.7222,-1.178
172130,292.229,292.014,11.0035,-1.178
172140,292.229,292.014,11.0035,-1.178
172150,292.229,292.014,11.0035,-1.178
172160,292.229,291.608,11.0035,-1.178
172170,292.229,291.989,36.7891,-1.178
172180,292.255,291.888,36.7891,-1.178
172190,292.255,291.888,36.7891,-1.178
172200,292.255,291.888,36.7891,-1.178
172210,291.933,291.888,43.5112,-1.178
172220,291.933,291.888,54.5038,-1.178
172230,292.191,291.888,5.91507,-1.178
172240,292.191,292.159,8.7206,-1.178
172250,292.191,292.159,107.255,-1.178
172260,292.191,292.159,19.999,-1.178
172270,292.191,292.159,19.999,-1.178
172280,292.191,292,85.3985,-1.178
172290,292.191,292,85.3985,-1.178
172300,292.191,292,24.8284,-1.178
172310,292.073,292,24.8284,-1.178
172320,292.073,292,12.5225,-1.178
172330,292.109,291.953,58.0224,-1.178
172340,292.109,292.103,50.0337,-1.178
172350,292.275,292.103,50.0337,-1.178
172360,292.22,292.103,57.8778,-1.178
172370,292.22,292.182,57.8778,-1.178
172380,292.22,292.182,69.4603,-1.178
172390,292.228,292.094,69.4603,-1.178
172400,292.228,292.228,69.4603,-1.178
172410,292.413,292.151,69.4603,-1.178
172420,292.413,292.151,69.4603,-1.178
172430,292.413,292.151,69.4603,-1.178
172440,292.413,292.151,69.4603,-1.178
172450,292.413,292.219,97.3427,-1.178
172460,292.413,292.219,68.6104,-1.178
172470,292.413,292.219,179.738,-7.49676
172480,293.847,292.219,131.989,-7.49676
172490,293.77,292.01,103.273,-7.49676
172500,294.541,293.925,103.273,-5.42989
172510,294.541,293.925,40.6163,-3.36303
172520,295.024,294.414,34.3672,-3.36303
172530,295.024,294.706,39.7243,-1.178
172540,295.024,294.706,39.7243,-1.178
172550,295.024,294.706,39.7243,-1.178
172560,295.024,294.706,65.7345,-1.178
172570,295.024,294.673,3.58541,-1.178
172580,295.024,294.669,3.58541,-1.178
172590,295.169,294.855,21.7557,-1.178
172600,295.169,294.867,21.7557,-1.178
172610,295.169,294.867,4.86029,-1.178
172620,295.169,294.867,4.86029,-1.178
172630,294.904,294.867,4.86029,-1.178
172640,294.904,294.867,4.86029,-1.178
172650,294.904,294.397,4.86029,-1.178
172660,294.759,294.397,4.86029,-1.178
172670,294.759,294.397,4.86029,-1.178
172680,294.759,294.229,4.86029,-1.178
172690,294.759,294.229,4.86029,-1.178
172700,294.759,294.229,4.86029,-1.178
172710,294.302,294.229,4.86029,-1.178
172720,294.302,294.229,5.61662,-1.178
172730,294.302,294.229,117.926,-1.178
172740,294.302,294.229,117.926,-1.178
172750,294.302,294.229,117.926,-1.178
172760,294.302,294.229,62.7488,-1.178
172770,294.302,293.213,82.5568,-5.42989
172780,294.302,293.213,82.5568,-5.42989
172790,293.734,293.213,82.5568,-3.36303
172800,293.734,293.213,82.5568,-3.36303
172810,293.734,293.213,82.5568,-3.36303
172820,293.447,293.358,82.5568,-1.178
172830,293.447,293.358,82.5568,-1.178
172840,293.447,293.358,14.0208,-1.178
172850,293.447,292.986,8.66081,-1.178
172860,293.447,292.986,8.66081,-1.178
172870,293.447,292.986,66.8102,-3.36303
172880,293.447,292.986,66.8102,-3.36303
172890,293.447,292.986,66.8102,-3.36303
172900,293.447,292.989,43.6813,-1.178
172910,293.447,292.989,43.6813,-1.178
172920,293.447,292.989,23.4863,-1.178
172930,293.447,292.989,22.6232,-1.178
172940,293.447,293.296,26.1009,-1.178
172950,293.488,293.296,26.1009,-1.178
172960,293.534,293.296,26.1009,-1.178
172970,293.863,293.331,26.1009,-1.178
172980,293.851,293.331,26.1009,-1.178
172990,293.851,293.331,26.1009,-1.178
173000,293.457,293.331,65.1951,-1.178
173010,294.759,294.709,160.098,-7.49676
173020,295.473,294.937,3.23453,-1.178
173030,295.473,294.937,33.8914,-1.178
173040,295.473,294.973,33.8914,-1.178
173050,295.241,294.973,38.931,-1.178
173060,295.241,294.973,8.39138,-1.178
173070,295.041,294.899,8.39138,-1.178
173080,295.041,294.728,11.2911,-1.178
173090,295.041,294.728,73.8638,-1.178
173100,294.802,294.728,73.8638,-1.178
173110,294.802,294.728,73.8638,-1.178
173120,294.898,294.459,73.8638,-3.36303
173130,294.929,294.459,73.8638,-3.36303
173140,294.929,294.459,73.8638,-3.36303
173150,294.929,294.459,58.1546,-3.36303
173160,294.929,294.579,40.483,-1.178
173170,294.929,294.633,40.483,-1.178
173180,294.929,294.713,74.5269,-1.178
173190,294.929,294.548,74.5269,-3.36303
173200,295.194,294.548,74.5269,-3.36303
173210,295.023,294.629,74.5269,-3.36303
173220,295.023,294.762,74.5269,-1.178
173230,295.243,294.762,18.103,-1.178
173240,294.967,294.902,18.103,-1.178
173250,295.133,294.902,50.0923,-1.178
173260,295.133,294.902,14.1791,-1.178
173270,295.133,294.902,14.1791,-1.178
173280,295.133,294.902,72.1708,-1.178
173290,295.133,294.902,72.1708,-1.178
173300,295.133,294.902,72.1708,-1.178
173310,295.133,294.902,72.1708,-1.178
173320,295.133,294.902,72.1708,-1.178
173330,295.133,294.902,23.6821,-1.178
173340,295.133,294.902,23.6821,-1.178
173350,295.133,294.902,23.6821,-1.178
173360,295.133,294.902,23.6821,-1.178
173370,295.133,294.902,62.3124,-1.178
173380,295.133,294.902,111.942,-3.36303
173390,295.161,294.902,111.942,-3.36303
173400,295.161,294.902,91.1931,-3.36303
173410,295.161,294.902,91.1931,-3.36303
173420,295.161,294.902,91.1931,-3.36303
173430,295.161,294.881,50.9893,-1.178
173440,295.161,294.881,50.9893,-1.178
173450,295.161,294.955,50.9893,-1.178
173460,295.056,294.9,50.9893,-1.178
173470,295.056,294.78,65.0224,-1.178
173480,295.056,294.78,83.7435,-1.178
173490,295.056,294.78,31.6124,-1.178
173500,295.313,294.78,31.6124,-1.178
173510,295.313,294.938,31.6124,-1.178
173520,295.313,294.938,0.718242,-1.178
173530,295.149,294.719,0.718242,-1.178
173540,295.149,294.45,0.718242,-1.178
173550,295.149,294.45,0.718242,-1.178
173560,294.952,294.264,0.718242,-1.178
173570,294.645,294.264,0.718242,-1.178
173580,294.294,293.691,0.718242,-1.178
173590,294.294,293.691,0.718242,-1.178
173600,294.093,294.062,29.8286,-1.178
173610,294.093,293.317,29.8286,-3.36303
173620,293.497,293.317,29.8286,-1.178
173630,293.497,293.317,37.835,-1.178
173640,293.441,293.317,37.835,-1.178
173650,293.441,293.317,35.5272,-1.178
173660,293.441,293.317,35.5272,-1.178
173670,293.441,292.716,0.806661,-3.36303
173680,293.315,292.716,0.806661,-1.178
173690,294.957,293.81,0.806661,-3.36303
173700,295.008,293.81,0.806661,-3.36303
173710,294.292,293.874,0.806661,-1.178
173720,294.292,293.874,51.7858,-1.178
173730,294.132,293.874,34.5626,-1.178
173740,294.801,293.874,48.2751,-3.36303
173750,294.801,293.978,48.2751,-3.36303
173760,294.801,294.46,48.2751,-1.178
173770,294.801,294.46,48.2751,-1.178
173780,295.319,294.46,132.884,-7.49676
173790,293.832,292.774,132.884,-7.49676
173800,293.832,293.237,97.3082,-5.42989
173810,293.821,293.237,97.3082,-5.42989
173820,293.401,293.237,97.3082,-1.178
173830,293.401,293.237,97.3082,-1.178
173840,293.401,293.237,97.3082,-1.178
173850,293.401,293.237,97.3082,-1.178
173860,293.407,293.237,36.2884,-1.178
173870,293.407,293.237,36.2884,-1.178
173880,293.407,292.963,36.2884,-1.178
173890,293.407,292.963,36.2884,-1.178
173900,294.126,292.963,36.2884,-3.36303
173910,294.126,292.963,36.2884,-3.36303
173920,294.126,292.955,11.8086,-3.36303
173930,293.247,292.912,57.2711,-1.178
173940,293.247,292.912,57.2711,-1.178
173950,293.247,292.912,57.2711,-1.178
173960,293.182,292.966,57.2711,-1.178
173970,293.182,292.966,57.2711,-1.178
173980,293.182,292.966,57.2711,-1.178
173990,293.182,293.115,107.904,-1.178
174000,293.182,293.115,98.1127,-1.178
174010,293.182,293.115,98.1127,-1.178
174020,293.182,293.115,102.728,-1.178
174030,293.167,293.115,112.163,-1.178
174040,293.479,293.115,0.991156,-1.178
174050,293.153,292.545,0.991156,-1.178
174060,293.153,292.545,0.991156,-1.178
174070,293.153,292.545,0.991156,-1.178
174080,293.153,292.545,0.991156,-1.178
174090,293.153,292.859,10.9418,-1.178
174100,293.153,293.129,10.9418,-1.178
174110,293.153,293.129,25.1997,-1.178
174120,293.045,292.994,25.1997,-1.178
174130,293.045,292.994,25.1997,-1.178
174140,292.923,291.947,25.1997,-3.36303
174150,292.091,291.947,25.1997,-1.178
174160,292.091,291.947,25.1997,-1.178
174170,292.127,291.947,25.1997,-1.178
174180,292.339,291.858,25.1997,-1.178
174190,292.339,291.858,25.1997,-1.178
174200,292.339,291.858,34.7428,-1.178
174210,292.339,291.858,34.7428,-1.178
174220,292.339,291.858,34.7428,-1.178
174230,292.329,291.811,34.7428,-1.178
174240,292.329,292.161,2.21647,-1.178
174250,292.329,292.161,40.4005,-1.178
174260,292.329,292.161,65.3715,-1.178
174270,292.329,292.161,65.3715,-1.178
174280,292.329,292.161,58.6689,-1.178
174290,292.949,292.161,58.6689,-3.36303
174300,292.949,292.161,19.5676,-3.36303
174310,292.949,292.035,19.5676,-3.36303
174320,293.119,292.035,31.9071,-3.36303
174330,293.892,293.492,31.9071,-1.178
174340,293.678,293.492,31.9071,-1.178
174350,293.678,293.492,10.9359,-1.178
174360,293.678,293.492,10.9359,-1.178
174370,293.478,293.101,2.40471,-1.178
174380,293.474,293.122,2.40471,-1.178
174390,293.172,293.122,5.74542,-1.178
174400,293.172,293.122,5.74542,-1.178
174410,292.134,291.714,3.44916,-1.178
174420,292.134,291.714,3.44916,-1.178
174430,292.134,291.507,3.44916,-1.178
174440,291.794,291.507,10.7895,-1.178
174450,291.95,291.507,10.7895,-1.178
174460,291.95,291.507,10.7895,-1.178
174470,291.95,291.91,113.937,-1.178
174480,292.108,291.91,64.719,-1.178
174490,292.108,291.91,98.9653,-1.178
174500,292.108,291.91,98.9653,-1.178
174510,292.108,291.91,98.9653,-1.178
174520,292.108,291.91,98.9653,-1.178
174530,292.108,291.91,98.9653,-1.178
174540,292.108,291.91,98.9653,-1.178
174550,292.108,291.91,13.9858,-1.178
174560,292.108,291.876,13.9858,-1.178
174570,292.108,291.808,13.9858,-1.178
174580,292.108,291.808,13.9858,-1.178
174590,291.924,291.47,13.9858,-1.178
174600,291.924,291.47,7.20639,-1.178
174610,291.924,291.47,7.20639,-1.178
174620,291.808,291.47,62.2444,-1.178
174630,291.808,291.47,62.2444,-1.178
174640,291.808,291.47,47.9995,-1.178
174650,291.808,291.707,47.9995,-1.178
174660,291.808,291.707,67.704,-1.178
174670,291.808,291.707,15.2582,-1.178
174680,291.808,291.707,109.093,-1.178
174690,291.808,291.707,109.093,-1.178
174700,291.801,291.707,109.093,-1.178
174710,291.801,291.707,88.3761,-1.178
174720,291.897,291.707,88.3761,-1.178
174730,291.897,291.707,4.2885,-1.178
174740,291.897,291.357,4.2885,-1.178
174750,291.897,291.357,7.45229,-1.178
174760,291.897,291.357,32.4866,-1.178
174770,291.476,291.2,22.9031,-1.178
174780,291.476,291.118,22.9031,-1.178
174790,291.274,291.118,22.9031,-1.178
174800,291.274,290.855,52.213,-1.178
174810,291.274,290.855,11.6826,-1.178
174820,291.274,290.855,11.6826,-1.178
174830,291.274,290.855,11.6826,-1.178
174840,290.904,290.855,11.6826,-1.178
174850,291.41,291.103,11.6826,-1.178
174860,291.41,291.103,69.644,-1.178
174870,291.41,291.103,69.644,-1.178
174880,291.152,291.048,69.644,-1.178
174890,291.152,291.048,69.644,-1.178
174900,291.266,291.048,67.6058,-1.178
174910,291.266,291.048,47.6368,-1.178
174920,291.266,291.048,62.3774,-1.178
174930,291.266,291.048,10.2317,-1.178
174940,291.266,291.048,10.2317,-1.178
174950,291.266,291.048,10.2317,-1.178
174960,290.87,290.847,10.2317,-1.178
174970,290.87,290.847,10.2317,-1.178
174980,290.87,290.847,10.2317,-1.178
174990,291.243,290.847,57.6407,-1.178
175000,291.243,290.847,17.0243,-1.178
175010,291.2,290.847,2.51395,-1.178
175020,291.464,290.847,2.51395,-1.178
175030,291.003,290.847,59.6242,-1.178
175040,290.973,290.847,59.6242,-1.178
175050,291.179,290.847,59.6242,-1.178
175060,291.009,290.847,59.6242,-1.178
175070,291.009,290.847,17.7302,-1.178
175080,291.009,290.847,102.948,-1.178
175090,291.009,290.847,96.7657,-1.178
175100,291.146,290.847,28.4521,-1.178
175110,291.41,290.847,28.4521,-1.178
175120,291.41,291.368,28.4521,-1.178
175130,291.41,290.908,28.4521,-1.178
175140,291.199,290.908,28.4521,-1.178
175150,291.263,290.866,28.4521,-1.178
175160,291.009,290.561,1.18428,-1.178
175170,291.009,290.504,1.18428,-1.178
175180,291.009,290.869,77.1625,-1.178
175190,291.009,290.869,24.5372,-1.178
175200,291.009,290.869,90.1066,-1.178
175210,291.009,290.869,31.1057,-1.178
175220,291.009,290.951,31.1057,-1.178
175230,291.467,290.951,31.9414,-1.178
175240,291.467,290.951,31.9414,-1.178
175250,291.467,290.951,31.9414,-1.178
175260,291.467,291.123,51.0237,-1.178
175270,291.467,291.123,51.0237,-1.178
175280,292.631,291.123,51.0237,-5.42989
175290,290.529,290.288,51.0237,-1.178
175300,290.529,290.525,113.91,-1.178
175310,290.529,290.496,113.91,-1.178
175320,290.529,290.496,113.91,-1.178
175330,290.529,290.496,24.9368,-1.178
175340,290.529,290.496,24.9368,-1.178
175350,290.529,289.382,24.9368,-3.36303
175360,289.429,289.382,24.9368,-1.178
175370,289.517,289.382,24.9368,-1.178
175380,289.517,289.421,45.0731,-1.178
175390,289.613,289.421,45.0731,-1.178
175400,289.613,289.265,4.86024,-1.178
175410,289.613,289.265,4.86024,-1.178
175420,289.942,289.265,4.86024,-1.178
175430,289.942,289.265,4.86024,-1.178
175440,289.942,288.626,4.86024,-3.36303
175450,289.082,288.666,4.86024,-1.178
175460,289.082,288.885,4.86024,-1.178
175470,289.271,288.885,4.86024,-1.178
175480,289.271,288.885,4.86024,-1.178
175490,289.271,288.885,4.86024,-1.178
175500,289.271,288.12,4.86024,-3.36303
175510,289.271,288.12,4.86024,-3.36303
175520,289.271,288.395,4.86024,-3.36303
175530,289.271,288.395,39.2253,-3.36303
175540,289.376,288.401,39.2253,-3.36303
175550,289.287,289.16,39.2253,-1.178
175560,289.287,289.16,47.283,-1.178
175570,289.225,289.199,47.283,-1.178
175580,289.225,289.199,71.2449,-1.178
175590,289.225,289.199,4.42398,-1.178
175600,290.312,289.199,11.133,-3.36303
175610,290.312,289.199,8.70209,-3.36303
175620,289.222,289.199,8.70209,-1.178
175630,289.222,289.199,2.07513,-1.178
175640,289.222,289.199,2.07513,-1.178
175650,289.875,289.199,33.771,-3.36303
175660,289.875,289.199,33.771,-3.36303
175670,289.875,289.199,33.771,-3.36303
175680,289.875,289.199,33.771,-3.36303
175690,289.875,289.579,33.771,-1.178
175700,289.875,289.579,33.771,-1.178
175710,289.875,289.579,33.771,-1.178
175720,289.875,289.579,33.771,-1.178
175730,289.875,289.579,33.771,-1.178
175740,289.875,289.579,33.771,-1.178
175750,289.875,289.579,33.771,-1.178
175760,289.875,288.678,33.771,-3.36303
175770,289.875,288.678,33.771,-3.36303
175780,289.212,288.678,33.771,-1.178
175790,289.212,288.678,33.771,-1.178
175800,289.212,288.8,33.771,-1.178
175810,289.212,288.8,22.3631,-1.178
175820,289.057,288.8,24.3643,-1.178
175830,288.827,288.8,30.9436,-1.178
175840,288.827,288.8,41.7711,-1.178
175850,288.827,288.8,1.31846,-1.178
175860,289.127,288.8,1.31846,-1.178
175870,289.127,288.979,7.33106,-1.178
175880,289.189,288.979,7.33106,-1.178
175890,289.189,288.971,7.33106,-1.178
175900,288.988,288.892,7.33106,-1.178
175910,289.382,289.377,7.33106,-1.178
175920,289.382,289.377,7.33106,-1.178
175930,289.44,289.377,7.33106,-1.178
175940,289.44,288.959,35.5557,-1.178
175950,289.44,288.959,35.5557,-1.178
175960,289.44,289.219,94.4452,-1.178
175970,289.44,289.409,94.4452,-1.178
175980,289.44,289.409,94.4452,-1.178
175990,289.44,289.409,94.4452,-1.178
176000,289.44,289.409,94.4452,-1.178
176010,289.44,289.409,94.4452,-1.178
176020,289.44,289.409,101.615,-1.178
176030,289.44,289.409,26.2602,-1.178
176040,289.44,289.409,74.6871,-1.178
176050,289.44,289.379,74.6871,-1.178
176060,289.44,289.379,74.6871,-1.178
176070,289.44,289.379,74.6871,-1.178
176080,289.592,289.379,74.6871,-1.178
176090,289.592,289.379,74.6871,-1.178
176100,289.592,289.379,74.6871,-1.178
176110,289.592,289.379,74.6871,-1.178
176120,289.592,289.379,91.7246,-1.178
176130,289.592,289.379,23.315,-1.178
176140,289.592,289.365,23.315,-1.178
176150,289.592,289.365,88.5204,-1.178
176160,289.592,289.365,88.5204,-1.178
176170,289.592,289.297,88.5204,-3.36303
176180,289.403,289.297,107.541,-1.178
176190,289.403,289.297,107.541,-1.178
176200,289.403,289.336,107.541,-1.178
176210,289.403,289.336,94.5323,-1.178
176220,289.403,289.336,21.234,-1.178
176230,289.403,289.336,87.6621,-1.178
176240,289.403,289.336,84.9067,-1.178
176250,289.403,289.336,84.9067,-1.178
176260,289.37,289.336,3.39644,-1.178
176270,289.697,289.336,16.5676,-1.178
176280,289.697,289.336,38.0217,-1.178
176290,289.582,289.336,38.0217,-1.178
176300,289.582,289.336,26.1777,-1.178
176310,289.564,289.336,26.1777,-1.178
176320,289.564,289.336,59.1838,-1.178
176330,289.564,289.305,25.4074,-1.178
176340,289.564,289.305,34.7263,-1.178
176350,289.564,287.84,22.2195,-5.42989
176360,287.981,287.84,2.84215,-1.178
176370,288.445,287.84,10.4673,-1.178
176380,288.445,287.84,10.4673,-1.178
176390,288.445,287.84,10.4673,-1.178
176400,288.445,287.939,13.2955,-1.178
176410,288.445,288.368,72.6092,-1.178
176420,288.925,288.368,6.60626,-1.178
176430,288.954,288.368,7.98281,-1.178
176440,288.954,288.368,12.499,-1.178
176450,288.954,288.368,12.499,-1.178
176460,288.954,288.368,12.499,-1.178
176470,288.954,288.819,12.499,-1.178
176480,289.094,288.819,14.0987,-1.178
176490,288.665,288.431,14.0987,-1.178
176500,288.665,288.175,14.0987,-1.178
176510,288.665,288.175,14.0987,-1.178
176520,288.665,288.175,5.14909,-1.178
176530,287.587,287.393,5.14909,-1.178
176540,287.745,287.393,7.34453,-1.178
176550,288.014,287.763,7.34453,-1.178
176560,288.014,287.763,7.34453,-1.178
176570,287.869,287.812,7.34453,-1.178
176580,289.706,287.772,7.34453,-5.42989
176590,289.706,287.772,7.34453,-5.42989
176600,290.093,287.772,7.34453,-5.42989
176610,288.266,288.214,7.34453,-1.178
176620,288.266,288.214,7.34453,-1.178
176630,288.266,288.214,7.34453,-1.178
176640,288.266,288.214,7.34453,-1.178
176650,288.29,288.214,7.13037,-1.178
176660,288.29,287.997,7.13037,-1.178
176670,288.29,287.997,51.3846,-1.178
176680,288.29,287.997,51.3846,-1.178
176690,288.29,287.997,51.3846,-1.178
176700,288.29,287.858,51.3846,-1.178
176710,288.29,287.858,51.3846,-1.178
176720,288.29,287.87,46.7234,-1.178
176730,288.29,287.87,46.7234,-1.178
176740,288.29,287.87,5.37975,-1.178
176750,288.081,287.829,5.37975,-1.178
176760,288.081,287.829,29.3078,-1.178
176770,288.081,287.829,29.3078,-1.178
176780,287.979,287.829,64.9051,-1.178
176790,287.857,287.829,64.9051,-1.178
176800,287.857,287.829,64.9051,-1.178
176810,287.857,287.829,18.0933,-1.178
176820,287.857,287.829,18.0933,-1.178
176830,288.102,288.082,18.0933,-1.178
176840,289.01,288.082,32.31,-3.36303
176850,288.445,288.082,32.31,-1.178
176860,289.566,289.038,32.31,-1.178
176870,289.566,289.038,32.31,-1.178
176880,289.282,289.038,32.31,-1.178
176890,289.287,289.248,32.31,-1.178
176900,289.287,289.248,108.7,-1.178
176910,289.287,289.248,14.739,-1.178
176920,289.287,288.452,14.739,-3.36303
176930,289.395,288.218,32.8261,-3.36303
176940,288.7,288.218,32.8261,-1.178
176950,288.7,288.218,32.8261,-1.178
176960,288.521,288.124,32.8261,-1.178
176970,288.521,288.385,52.6272,-1.178
176980,288.601,288.385,52.6272,-1.178
176990,289.936,289.303,12.5124,-1.178
177000,289.936,289.303,12.5124,-1.178
177010,289.936,289.888,12.5124,-1.178
177020,289.936,289.362,12.5124,-1.178
177030,289.936,289.362,12.5124,-1.178
177040,290.135,289.649,12.5124,-1.178
177050,289.995,289.649,12.5124,-1.178
177060,289.995,289.649,41.3894,-1.178
177070,289.375,289.138,41.3894,-1.178
177080,289.176,289.138,41.3894,-1.178
177090,289.176,289.138,125.763,-1.178
177100,289.176,289.138,127.327,-1.178
177110,289.176,289.138,127.327,-1.178
177120,289.176,289.138,62.3457,-1.178
177130,289.176,289.138,62.3457,-1.178
177140,289.176,289.138,62.3457,-1.178
177150,289.176,289.138,29.3173,-1.178
177160,289.176,289.138,121.105,-1.178
177170,289.176,289.138,121.105,-1.178
177180,289.176,289.138,121.105,-1.178
177190,290.196,288.919,52.6952,-5.42989
177200,290.196,288.989,38.0541,-5.42989
177210,290.196,288.989,34.8401,-3.36303
177220,290.753,288.989,34.8401,-5.42989
177230,290.911,288.989,34.8401,-5.42989
177240,290.911,290.674,174.297,-7.49676
177250,292,290.674,174.297,-7.49676
177260,291.944,291.014,174.297,-7.49676
177270,291.944,291.014,154.702,-7.49676
177280,292.503,290.577,154.702,-7.49676
177290,291.872,291.604,103.825,-3.36303
177300,291.758,291.604,103.825,-1.178
177310,291.758,291.604,103.825,-1.178
177320,291.758,291.604,103.825,-1.178
177330,291.758,291.604,103.825,-1.178
177340,291.758,291.604,103.825,-1.178
177350,291.758,291.604,103.825,-1.178
177360,291.758,291.604,103.825,-1.178
177370,291.758,291.604,103.825,-1.178
177380,291.758,291.604,78.2924,-1.178
177390,291.901,291.604,78.2924,-1.178
177400,291.901,291.604,84.1372,-3.36303
177410,291.901,291.604,84.1372,-3.36303
177420,291.983,291.825,84.1372,-1.178
177430,291.983,291.825,84.1372,-1.178
177440,291.983,291.825,84.1372,-1.178
177450,291.983,291.825,84.1372,-1.178
177460,291.983,291.825,84.1372,-1.178
177470,291.983,291.825,37.4099,-1.178
177480,291.983,291.825,65.2094,-1.178
177490,291.983,291.825,65.2094,-1.178
177500,291.983,291.629,67.2769,-1.178
177510,291.983,291.629,67.2769,-1.178
177520,291.983,291.629,67.2769,-1.178
177530,292.2,291.629,67.2769,-3.36303
177540,292.2,291.629,51.3123,-3.36303
177550,291.964,291.727,51.3123,-1.178
177560,291.964,291.813,51.3123,-1.178
177570,292.101,291.813,51.3123,-1.178
177580,292.101,291.813,34.4454,-1.178
177590,292.288,291.813,34.4454,-1.178
177600,292.288,292.122,34.4454,-1.178
177610,292.288,292.122,34.4454,-1.178
177620,292.288,292.208,38.6527,-1.178
177630,292.288,292.208,38.6527,-1.178
177640,292.604,292.208,38.6527,-1.178
177650,292.604,292.208,38.6527,-1.178
177660,292.604,292.208,38.6527,-1.178
177670,292.604,292.567,21.0052,-1.178
177680,292.604,292.567,126.583,-1.178
177690,292.604,292.567,126.583,-1.178
177700,292.604,292.567,125.383,-1.178
177710,292.604,292.567,125.383,-1.178
177720,292.604,292.567,63.6023,-1.178
177730,292.604,292.567,19.7514,-1.178
177740,292.418,292.223,19.7514,-1.178
177750,292.418,291.911,19.7514,-1.178
177760,292.202,290.239,19.7514,-5.42989
177770,292.202,291.13,24.1418,-3.36303
177780,292.202,291.13,24.1418,-3.36303
177790,292.202,291.13,24.1418,-3.36303
177800,292.202,291.68,24.1418,-1.178
177810,292.202,291.754,43.6514,-1.178
177820,292.202,291.754,43.6514,-1.178
177830,292.202,291.61,43.6514,-3.36303
177840,291.639,291.61,1.37795,-1.178
177850,291.639,291.61,29.7145,-1.178
177860,291.743,291.61,29.7145,-1.178
177870,292.001,291.709,29.7145,-1.178
177880,292.001,291.709,29.7145,-1.178
177890,292.001,291.709,29.7145,-1.178
177900,292.001,291.709,29.7145,-1.178
177910,292.001,291.709,29.7145,-1.178
177920,292.001,291.709,29.7145,-1.178
177930,292.001,291.332,29.7145,-3.36303
177940,292.133,291.332,29.7145,-3.36303
177950,292.133,290.956,29.7145,-3.36303
177960,291.843,290.956,29.7145,-3.36303
177970,292.264,291.995,29.3838,-1.178
177980,292.264,291.995,75.2299,-1.178
177990,292.264,291.995,75.2299,-1.178
178000,292.264,291.759,75.2299,-3.36303
178010,291.788,291.759,75.2299,-1.178
178020,291.788,291.759,75.2299,-1.178
178030,291.788,291.759,75.2299,-1.178
178040,291.788,291.759,75.2299,-1.178
178050,291.788,291.759,75.2299,-1.178
178060,291.839,291.759,111.001,-1.178
178070,291.839,291.759,111.001,-1.178
178080,291.839,291.759,111.001,-1.178
178090,291.839,291.827,111.001,-1.178
178100,291.839,291.827,94.7037,-1.178
178110,291.984,291.827,33.7404,-1.178
178120,291.984,291.827,21.7017,-1.178
178130,291.984,291.827,35.0139,-1.178
178140,292.115,291.827,81.2078,-1.178
178150,292.115,291.827,81.2078,-1.178
178160,292.115,291.827,81.2078,-1.178
178170,292.115,291.827,81.2078,-1.178
178180,292.414,291.827,81.2078,-3.36303
178190,291.567,291.08,81.2078,-3.36303
178200,291.567,291.08,81.2078,-3.36303
178210,291.567,291.08,11.1091,-1.178
178220,291.567,291.08,11.1091,-1.178
178230,291.567,291.471,82.438,-1.178
178240,291.567,291.471,82.438,-1.178
178250,291.567,291.471,82.438,-1.178
178260,292.046,291.471,82.438,-3.36303
178270,292.046,291.471,84.86,-3.36303
178280,290.856,290.711,33.1573,-1.178
178290,290.856,290.748,95.8407,-1.178
178300,290.856,290.748,95.8407,-1.178
178310,290.856,290.748,95.8407,-1.178
178320,290.856,290.748,95.8407,-1.178
178330,290.856,290.748,102.951,-1.178
178340,290.856,290.748,14.8682,-1.178
178350,290.856,290.713,11.3367,-1.178
178360,290.877,290.713,20.4664,-1.178
178370,290.877,290.377,22.5512,-1.178
178380,290.445,290.377,36.8229,-1.178
178390,290.445,290.377,36.8229,-1.178
178400,290.445,290.339,62.1327,-1.178
178410,290.445,290.339,62.1327,-1.178
178420,290.445,290.339,17.8928,-1.178
178430,290.445,290.028,17.8928,-1.178
178440,289.991,289.948,32.6733,-1.178
178450,289.991,289.948,32.6733,-1.178
178460,289.991,289.948,59.4007,-1.178
178470,290.195,289.948,59.4007,-1.178
178480,290.195,289.948,59.4007,-1.178
178490,290.195,290.069,59.4007,-1.178
178500,289.94,289.675,59.4007,-1.178
178510,289.94,289.675,59.4007,-1.178
178520,289.882,289.675,59.4007,-1.178
178530,289.882,289.675,37.6112,-1.178
178540,289.678,289.675,37.6112,-1.178
178550,290.685,290.617,30.5922,-1.178
178560,290.685,290.617,30.5922,-1.178
178570,291.278,290.135,30.5922,-3.36303
178580,291.278,290.135,30.5922,-3.36303
178590,292.857,291.476,30.5922,-5.42989
178600,291.557,291.476,30.5922,-1.178
178610,291.557,291.476,115.862,-1.178
178620,291.557,291.476,107.907,-1.178
178630,291.557,291.476,107.907,-1.178
178640,291.557,291.476,20.5701,-1.178
178650,291.936,291.476,1.80986,-1.178
178660,291.936,291.628,1.80986,-1.178
178670,291.936,291.628,8.67806,-1.178
178680,291.936,291.628,59.2496,-1.178
178690,291.936,291.628,67.1936,-1.178
178700,291.64,291.628,67.1936,-1.178
178710,291.64,291.628,67.1936,-1.178
178720,291.64,291.628,67.1936,-1.178
178730,291.64,291.628,67.1936,-1.178
178740,291.845,291.628,70.9083,-1.178
178750,291.845,291.628,70.9083,-1.178
178760,291.845,291.788,70.9083,-1.178
178770,291.979,291.788,70.9083,-1.178
178780,291.979,291.809,70.9083,-1.178
178790,291.979,291.809,17.7072,-1.178
178800,292.338,291.809,17.7072,-1.178
178810,292.472,291.215,17.7072,-3.36303
178820,292.472,291.686,17.7072,-3.36303
178830,292.472,291.545,131.543,-7.49676
178840,291.989,291.397,182.635,-7.49676
178850,291.989,291.397,13.051,-1.178
178860,291.989,291.397,13.051,-1.178
178870,291.989,291.419,13.051,-1.178
178880,291.822,291.419,6.86305,-1.178
178890,291.822,291.419,6.86305,-1.178
178900,291.822,291.419,6.86305,-1.178
178910,291.822,291.419,6.86305,-1.178
178920,291.703,291.419,6.86305,-1.178
178930,292.095,291.419,6.86305,-1.178
178940,292.095,291.644,6.86305,-1.178
178950,292.095,291.644,6.86305,-1.178
178960,291.779,291.644,66.1355,-1.178
178970,291.779,291.644,72.4009,-1.178
178980,291.779,291.644,72.4009,-1.178
178990,291.779,291.644,72.4009,-1.178
179000,291.779,291.644,51.2126,-1.178
179010,291.779,291.638,51.2126,-1.178
179020,291.779,291.638,83.9502,-1.178
179030,291.779,291.638,97.9165,-1.178
179040,291.779,291.638,97.9165,-1.178
179050,291.779,291.638,97.9165,-1.178
179060,291.779,291.48,97.9165,-3.36303
179070,291.779,291.676,97.9165,-1.178
179080,291.779,291.676,101.948,-1.178
179090,291.779,291.676,101.948,-1.178
179100,291.779,291.676,101.948,-1.178
179110,291.779,291.676,10.0911,-1.178
179120,292.256,292.251,70.5318,-1.178
179130,292.256,292.251,99.8659,-1.178
179140,292.256,292.251,131.54,-1.178
179150,292.256,292.251,56.5807,-1.178
179160,292.256,292.251,82.1918,-1.178
179170,292.256,292.251,82.1918,-1.178
179180,292.256,292.251,82.1918,-1.178
179190,292.256,292.251,56.16,-1.178
179200,292.256,292.251,35.8182,-1.178
179210,292.256,292.251,35.8182,-1.178
179220,292.256,292.251,131.712,-1.178
179230,292.256,292.251,119.551,-1.178
179240,292.256,292.251,48.9975,-1.178
179250,292.256,292.251,118.888,-1.178
179260,292.256,292.251,118.888,-1.178
179270,292.256,292.251,118.888,-1.178
179280,292.256,292.251,118.888,-1.178
179290,292.256,292.251,128.502,-1.178
179300,292.256,292.251,128.502,-1.178
179310,292.256,292.251,128.502,-1.178
179320,292.256,292.251,9.47314,-1.178
179330,292.256,291.613,9.47314,-1.178
179340,292.104,291.546,9.47314,-1.178
179350,292.104,291.546,9.47314,-1.178
179360,292.104,291.546,9.47314,-1.178
179370,292.104,291.97,3.00439,-1.178
179380,292.104,291.97,3.00439,-1.178
179390,292.104,291.97,3.00439,-1.178
179400,292.104,291.97,3.00439,-1.178
179410,292.206,290.141,3.00439,-5.42989
179420,290.827,290.725,3.00439,-1.178
179430,290.827,290.725,54.3066,-1.178
179440,290.827,290.725,54.3066,-1.178
179450,290.827,290.515,54.3066,-1.178
179460,290.827,290.449,54.3066,-1.178
179470,290.827,290.449,54.3066,-1.178
179480,290.827,290.449,54.3066,-1.178
179490,290.615,290.449,54.3066,-1.178
179500,290.615,289.971,71.4136,-3.36303
179510,290.615,290.12,0.625563,-1.178
179520,290.555,289.213,0.625563,-3.36303
179530,290.255,290.123,44.944,-1.178
179540,290.818,288.613,44.944,-7.49676
179550,288.622,288.613,44.944,-1.178
179560,288.622,288.613,44.944,-1.178
179570,288.622,288.613,44.944,-1.178
179580,288.622,288.613,99.2598,-1.178
179590,288.622,288.613,85.4484,-1.178
179600,288.622,288.613,85.4484,-1.178
179610,288.719,288.597,85.4484,-1.178
179620,288.719,288.597,91.1642,-1.178
179630,288.719,288.597,91.1642,-1.178
179640,288.719,288.597,57.6064,-1.178
179650,288.719,288.597,57.6064,-1.178
179660,288.746,288.597,37.0296,-1.178
179670,288.746,288.597,37.0296,-1.178
179680,288.934,288.482,37.0296,-1.178
179690,288.934,288.482,7.85988,-1.178
179700,288.74,288.482,7.85988,-1.178
179710,289.402,288.482,7.85988,-3.36303
179720,289.402,288.099,7.85988,-3.36303
179730,289.049,287.047,7.85988,-5.42989
179740,289.125,286.889,7.85988,-5.42989
179750,288.001,287.438,7.85988,-1.178
179760,288.001,287.438,7.85988,-1.178
179770,287.454,287.438,114.52,-1.178
179780,287.454,287.438,114.52,-1.178
179790,287.454,287.438,114.52,-1.178
179800,287.454,287.438,61.029,-1.178
179810,287.454,287.438,90.2473,-1.178
179820,287.454,287.438,90.2473,-1.178
179830,287.454,287.438,128.563,-1.178
179840,287.454,287.438,128.563,-1.178
179850,287.496,287.438,82.5001,-1.178
179860,287.496,287.438,63.6397,-1.178
179870,287.496,287.229,63.6397,-1.178
179880,287.496,287.229,63.6397,-1.178
179890,287.496,287.229,65.912,-1.178
179900,287.496,287.229,65.912,-1.178
179910,287.496,287.126,65.912,-1.178
179920,287.606,287.126,65.912,-3.36303
179930,287.606,286.907,46.8976,-3.36303
179940,287.606,286.998,46.8976,-3.36303
179950,287.606,286.998,46.8976,-3.36303
179960,287.606,286.998,46.8976,-3.36303
179970,287.606,287.012,46.8976,-3.36303
179980,287.606,287.012,6.62862,-1.178
179990,287.166,287.012,6.62862,-1.178
180000,287.166,287.012,93.3387,-1.178
180010,287.166,287.012,93.3387,-1.178
180020,287.166,287.012,69.2718,-1.178
180030,287.166,286.896,69.2718,-1.178
180040,287.166,286.896,69.2718,-1.178
180050,287.166,286.896,69.2718,-1.178
180060,287.364,287.144,69.2718,-1.178
180070,287.364,287.144,76.8183,-1.178
180080,287.364,287.144,76.8183,-1.178
180090,287.445,286.904,76.8183,-3.36303
180100,287.445,287.435,76.8183,-1.178
180110,287.445,287.435,76.8183,-1.178
180120,287.445,287.435,118.148,-1.178
180130,287.445,287.435,118.148,-1.178
180140,287.445,287.435,13.4569,-1.178
180150,287.445,287.435,103.515,-1.178
180160,287.445,287.435,75.694,-1.178
180170,287.47,287.435,75.694,-1.178
180180,287.47,287.435,75.694,-1.178
180190,287.47,287.435,112.209,-1.178
180200,287.477,287.435,112.209,-1.178
180210,287.365,287.096,10.3465,-1.178
180220,287.365,287.096,10.3465,-1.178
180230,287.365,287.096,10.3402,-1.178
180240,287.365,286.848,10.3402,-1.178
180250,287.365,286.848,10.3402,-1.178
180260,287.351,287.15,10.3402,-1.178
180270,287.536,287.15,10.3402,-1.178
180280,287.536,287.15,3.94936,-1.178
180290,287.536,287.15,5.56468,-1.178
180300,287.722,287.15,5.56468,-1.178
180310,287.722,287.15,5.56468,-1.178
180320,287.722,287.15,5.56468,-1.178
180330,287.219,287.15,5.56468,-1.178
180340,287.219,285.683,5.56468,-3.36303
180350,286.658,285.623,2.40565,-3.36303
180360,285.73,284.289,2.40565,-3.36303
180370,284.711,284.289,2.40565,-1.178
180380,284.711,284.116,2.40565,-1.178
180390,284.711,284.116,38.7246,-3.36303
180400,284.913,284.116,38.7246,-3.36303
180410,284.913,283.735,38.7246,-5.42989
180420,284.031,283.735,38.7246,-1.178
180430,283.933,283.735,74.8349,-1.178
180440,283.933,283.735,73.0216,-1.178
180450,283.933,283.735,73.0216,-1.178
180460,283.933,283.735,73.0216,-1.178
180470,283.933,283.735,73.0216,-1.178
180480,283.964,283.735,73.0216,-1.178
180490,283.964,283.735,23.2096,-1.178
180500,283.964,283.911,34.5624,-1.178
180510,283.964,283.911,31.926,-1.178
180520,283.964,283.911,120.148,-1.178
180530,284.159,283.911,37.0087,-1.178
180540,284.159,283.911,37.0087,-1.178
180550,284.159,283.911,50.9955,-1.178
180560,284.159,283.911,50.9955,-1.178
180570,284.159,283.911,50.9955,-1.178
180580,284.315,283.911,50.9955,-1.178
180590,284.315,283.911,50.9955,-1.178
180600,284.258,283.911,50.9955,-1.178
180610,284.258,284.213,50.9955,-1.178
180620,284.258,284.213,114.346,-1.178
180630,284.258,284.213,82.2997,-1.178
180640,284.258,284.213,82.2997,-1.178
180650,284.258,284.213,30.3246,-1.178
180660,284.59,284.213,30.3246,-1.178
180670,284.59,284.213,88.6003,-3.36303
180680,284.59,284.213,88.6003,-3.36303
180690,284.59,284.213,88.6003,-3.36303
180700,284.59,284.213,14.4598,-1.178
180710,284.59,284.213,89.4743,-3.36303
180720,284.479,284.213,89.4743,-3.36303
180730,284.479,284.213,89.4743,-3.36303
180740,284.479,284.099,89.4743,-3.36303
180750,284.479,284.099,59.2044,-1.178
180760,284.364,284.099,59.2044,-1.178
180770,284.432,284.099,59.2044,-1.178
180780,284.265,284.099,4.92065,-1.178
180790,284.265,283.645,4.92065,-1.178
180800,284.182,283.848,4.92065,-1.178
180810,284.264,283.848,29.5275,-1.178
180820,284.264,283.779,29.5275,-1.178
180830,284.154,283.779,29.5275,-1.178
180840,284.523,283.983,29.5275,-1.178
180850,284.524,283.983,29.2936,-1.178
180860,284.524,283.983,29.2936,-1.178
180870,285.644,285.084,29.2936,-1.178
180880,285.644,285.084,29.2936,-1.178
180890,285.644,285.084,29.2936,-1.178
180900,285.644,285.084,29.2936,-1.178
180910,285.644,285.084,29.2936,-1.178
180920,285.644,285.409,29.2936,-1.178
180930,285.746,285.413,29.2936,-1.178
180940,285.746,285.625,29.2936,-1.178
180950,286.008,285.625,29.2936,-1.178
180960,284.415,284.369,29.2936,-1.178
180970,285.149,284.369,46.1136,-3.36303
180980,285.149,284.478,46.1136,-3.36303
180990,285.1,284.478,46.1136,-3.36303
181000,285.147,284.478,46.1136,-3.36303
181010,285.147,284.14,46.1136,-3.36303
181020,285.147,284.954,44.4309,-1.178
181030,285.147,284.917,41.147,-1.178
181040,285.147,284.917,50.1427,-1.178
181050,285.147,284.917,50.1427,-1.178
181060,285.242,284.917,50.1427,-1.178
181070,285.242,284.917,50.1427,-1.178
181080,285.242,285.03,50.1427,-1.178
181090,285.242,285.03,52.6412,-1.178
181100,285.554,285.03,5.0043,-1.178
181110,285.554,285.186,5.0043,-1.178
181120,285.554,285.493,5.0043,-1.178
181130,285.554,285.493,67.6994,-1.178
181140,285.554,285.493,67.6994,-1.178
181150,285.554,285.493,23.2159,-1.178
181160,285.554,285.493,23.2159,-1.178
181170,286.506,285.493,23.2159,-3.36303
181180,286.506,284.331,23.2159,-5.42989
181190,286.506,285.333,24.9542,-3.36303
181200,286.903,285.444,24.9542,-5.42989
181210,286.48,286.242,24.9542,-1.178
181220,286.48,286.169,91.5369,-3.36303
181230,286.48,286.169,91.5369,-3.36303
181240,286.48,286.154,6.30109,-1.178
181250,286.48,286.154,6.94472,-1.178
181260,286.48,286.154,6.94472,-1.178
181270,286.48,286.154,46.0255,-1.178
181280,286.48,286.154,46.0255,-1.178
181290,286.48,286.154,44.2963,-1.178
181300,286.37,286.154,44.2963,-1.178
181310,286.394,286.034,44.2963,-1.178
181320,286.394,286.034,9.09634,-1.178
181330,287.496,286.258,9.09634,-3.36303
181340,286.444,286.258,9.09634,-1.178
181350,286.567,285.939,9.09634,-1.178
181360,286.567,285.939,9.09634,-1.178
181370,286.273,285.939,9.09634,-1.178
181380,286.273,285.939,9.09634,-1.178
181390,286.273,285.939,9.09634,-1.178
181400,286.122,285.939,89.4116,-1.178
181410,286.122,285.939,89.4116,-1.178
181420,286.122,285.939,89.4116,-1.178
181430,286.122,285.939,89.4116,-1.178
181440,286.122,285.672,89.4116,-3.36303
181450,286.122,285.724,0.110299,-1.178
181460,286.122,285.724,0.110299,-1.178
181470,286.122,285.644,0.110299,-1.178
181480,285.932,285.644,0.110299,-1.178
181490,285.932,285.259,0.110299,-1.178
181500,286.332,285.92,0.110299,-1.178
181510,286.332,285.92,54.6476,-1.178
181520,286.332,286.274,54.6476,-1.178
181530,287.123,286.274,54.6476,-3.36303
181540,286.509,286.274,54.6476,-1.178
181550,286.834,286.274,22.0227,-1.178
181560,286.834,286.274,23.7073,-1.178
181570,286.834,286.247,23.7073,-1.178
181580,286.834,286.247,23.7073,-1.178
181590,286.834,286.247,23.7073,-1.178
181600,286.474,286.247,15.0208,-1.178
181610,286.474,286.247,8.38884,-1.178
181620,286.474,286.247,8.38884,-1.178
181630,286.655,286.247,8.38884,-1.178
181640,286.642,286.247,8.38884,-1.178
181650,286.642,284.826,23.3532,-5.42989
181660,286.002,285.359,23.3532,-3.36303
181670,286.235,285.359,62.0382,-3.36303
181680,286.235,285.359,62.0382,-3.36303
181690,286.233,285.359,62.0382,-3.36303
181700,286.186,286.171,62.0382,-1.178
181710,286.186,286.171,62.0382,-1.178
181720,286.186,286.171,62.0382,-1.178
181730,286.186,286.171,22.6689,-1.178
181740,286.186,286.171,22.6689,-1.178
181750,286.186,286.171,22.6689,-1.178
181760,286.186,286.171,4.3058,-1.178
181770,286.258,286.171,54.9171,-1.178
181780,286.258,286.171,54.9171,-1.178
181790,286.258,285.339,54.9171,-3.36303
181800,286.258,285.339,54.9171,-3.36303
181810,286.258,285.732,54.9171,-3.36303
181820,286.258,286.172,54.9171,-1.178
181830,286.258,286.172,54.9171,-1.178
181840,286.258,286.172,54.9171,-1.178
181850,286.275,286.172,96.7901,-1.178
181860,286.275,286.172,96.7901,-1.178
181870,286.313,286.172,96.7901,-1.178
181880,286.313,286.172,96.7901,-1.178
181890,286.313,286.172,96.7901,-1.178
181900,286.313,286.172,45.7868,-1.178
181910,286.537,286.172,45.7868,-1.178
181920,286.537,285.966,86.4667,-3.36303
181930,286.315,286.074,86.4667,-1.178
181940,286.306,286.074,86.4667,-1.178
181950,286.306,286.074,57.2514,-1.178
181960,286.306,286.074,42.1195,-1.178
181970,286.306,286.074,79.2817,-1.178
181980,286.306,286.074,45.1646,-1.178
181990,286.306,286.074,3.5964,-1.178
182000,286.306,286.074,3.5964,-1.178
182010,286.306,286.074,25.546,-1.178
182020,286.306,286.074,98.8407,-3.36303
182030,286.306,286.074,105.697,-3.36303
182040,286.244,286.074,50.1373,-1.178
182050,286.173,286.074,50.1373,-1.178
182060,286.173,286.074,104.989,-1.178
182070,286.173,286.074,54.5639,-1.178
182080,286.192,286.147,54.5639,-1.178
182090,286.192,285.303,54.5639,-3.36303
182100,285.897,284.736,54.5639,-5.42989
182110,284.759,284.736,54.5639,-1.178
182120,284.759,284.736,9.29827,-1.178
182130,284.759,284.736,9.29827,-1.178
182140,285.208,284.987,73.7047,-1.178
182150,285.268,284.942,31.5978,-1.178
182160,285.268,284.942,7.78138,-1.178
182170,285.268,284.869,7.78138,-1.178
182180,285.268,284.869,38.6105,-1.178
182190,285.268,284.869,38.6105,-1.178
182200,285.268,284.869,57.8385,-1.178
182210,285.193,284.869,57.8385,-1.178
182220,285.106,284.869,57.8385,-1.178
182230,285.106,284.869,27.3988,-1.178
182240,287.269,284.257,27.3988,-7.49676
182250,285.021,284.257,27.3988,-3.36303
182260,285.021,283.819,27.3988,-3.36303
182270,285.021,283.819,27.3988,-3.36303
182280,285.021,284.902,27.3988,-1.178
182290,285.021,284.902,27.3988,-1.178
182300,285.021,284.781,27.3988,-1.178
182310,285.021,284.818,72.9313,-1.178
182320,285.021,284.765,72.9313,-1.178
182330,285.021,284.964,19.0718,-1.178
182340,284.977,284.964,19.0718,-1.178
182350,285.254,285.061,45.7411,-1.178
182360,285.254,285.061,45.7411,-1.178
182370,285.254,285.061,45.7411,-1.178
182380,285.177,285.061,35.4735,-1.178
182390,285.249,285.061,44.5374,-1.178
182400,285.249,285.061,44.5374,-1.178
182410,285.249,285.061,44.5374,-1.178
182420,285.249,285.061,95.1419,-1.178
182430,285.249,285.061,95.1419,-1.178
182440,285.249,285.061,95.1419,-1.178
182450,285.249,285.061,95.1419,-1.178
182460,285.249,285.09,46.5415,-1.178
182470,285.249,285.132,94.0661,-1.178
182480,285.249,285.132,94.0661,-1.178
182490,285.249,285.17,94.0661,-1.178
182500,285.249,285.17,70.7816,-1.178
182510,285.249,285.095,70.7816,-1.178
182520,285.249,285.095,70.7816,-1.178
182530,285.249,285.095,70.7816,-1.178
182540,285.249,285.095,70.7816,-1.178
182550,285.249,285.095,95.0099,-1.178
182560,285.249,285.095,95.0099,-1.178
182570,285.249,285.095,37.0418,-1.178
182580,285.249,285.095,37.0418,-1.178
182590,285.293,285.095,37.0418,-1.178
182600,285.293,285.226,37.0418,-1.178
182610,285.439,285.226,37.0418,-1.178
182620,285.439,285.226,78.767,-1.178
182630,285.439,285.226,12.7558,-1.178
182640,285.439,284.917,12.7558,-1.178
182650,285.439,284.917,12.7558,-1.178
182660,285.439,284.917,12.7558,-1.178
182670,285.439,284.917,25.1814,-1.178
182680,285.439,283.658,25.1814,-5.42989
182690,285.439,283.658,28.7576,-5.42989
182700,285.514,283.658,42.1834,-5.42989
182710,284.722,284,42.1834,-3.36303
182720,284.13,284,42.1834,-1.178
182730,284.121,284,44.0472,-1.178
182740,284.121,283.921,44.0472,-1.178
182750,284.121,283.988,35.0596,-1.178
182760,284.121,283.988,35.0596,-1.178
182770,284.121,283.988,35.0596,-1.178
182780,284.514,283.988,35.0596,-1.178
182790,284.514,283.988,3.68437,-1.178
182800,284.514,284.187,3.68437,-1.178
182810,284.514,284.187,20.9496,-1.178
182820,284.514,284.187,69.0476,-1.178
182830,284.883,284.181,69.0476,-3.36303
182840,284.883,284.484,0.88924,-1.178
182850,284.71,284.484,0.88924,-1.178
182860,284.71,284.484,55.3735,-1.178
182870,284.71,284.484,45.3446,-1.178
182880,284.71,284.127,9.73516,-1.178
182890,284.71,284.497,23.9497,-1.178
182900,284.876,284.497,23.9497,-1.178
182910,284.683,284.497,23.9497,-1.178
182920,284.683,284.497,23.9497,-1.178
182930,284.683,284.497,99.8814,-1.178
182940,284.683,284.497,99.8814,-1.178
182950,284.683,284.497,99.8814,-1.178
182960,285.07,284.497,20.5768,-1.178
182970,285.07,284.497,20.5768,-1.178
182980,284.648,284.497,20.5768,-1.178
182990,285.081,284.497,20.5768,-1.178
183000,284.961,284.497,20.5768,-1.178
183010,284.961,284.497,20.5768,-1.178
183020,284.968,284.789,29.2749,-1.178
183030,284.968,284.789,29.2749,-1.178
183040,285.017,284.789,29.2749,-1.178
183050,285.017,284.789,97.6047,-3.36303
183060,284.861,284.493,23.789,-1.178
183070,284.861,284.323,31.5143,-1.178
183080,285.611,284.323,31.5143,-5.42989
183090,286.69,285.156,145.6,-7.49676
183100,286.692,285.156,9.46859,-5.42989
183110,286.522,285.156,9.46859,-3.36303
183120,286.522,285.156,9.46859,-3.36303
183130,286.522,285.156,0.882103,-3.36303
183140,286.505,285.156,0.882103,-3.36303
183150,286.505,285.474,0.882103,-3.36303
183160,286.505,286.168,0.456679,-1.178
183170,286.937,286.364,0.456679,-1.178
183180,286.937,286.764,0.456679,-1.178
183190,286.937,286.764,68.2015,-1.178
183200,286.937,286.598,68.2015,-1.178
183210,286.937,286.678,68.2015,-1.178
183220,286.937,286.707,68.2015,-1.178
183230,286.937,286.707,68.2015,-1.178
183240,286.937,286.707,16.385,-1.178
183250,286.766,286.707,16.385,-1.178
183260,286.766,286.707,16.385,-1.178
183270,286.835,286.707,16.385,-1.178
183280,286.835,286.755,16.0066,-1.178
183290,286.835,286.755,17.9966,-1.178
183300,286.835,286.755,108.777,-1.178
183310,286.835,286.755,108.777,-1.178
183320,286.835,286.755,108.777,-1.178
183330,286.835,286.768,108.777,-1.178
183340,286.835,286.555,100.098,-3.36303
183350,287.049,286.573,160.723,-7.49676
183360,287.049,286.573,112.862,-5.42989
183370,287.049,286.664,18.8124,-1.178
183380,287.233,286.664,18.8124,-1.178
183390,287.233,286.664,18.8124,-1.178
183400,286.737,286.664,18.8124,-1.178
183410,286.737,285.018,18.8124,-5.42989
183420,287.143,286.936,18.8124,-1.178
183430,287.143,286.936,1.74452,-1.178
183440,287.143,286.936,1.74452,-1.178
183450,287.099,286.936,1.74452,-1.178
183460,287.099,286.455,1.74452,-1.178
183470,287.099,286.455,1.74452,-1.178
183480,286.804,286.455,1.74452,-1.178
183490,286.77,286.455,1.74452,-1.178
183500,286.561,286.455,1.74452,-1.178
183510,286.561,286.455,103.288,-1.178
183520,286.561,286.455,46.7009,-1.178
183530,286.561,286.455,46.7009,-1.178
183540,286.561,286.455,43.824,-1.178
183550,287.118,286.455,43.824,-3.36303
183560,286.969,286.655,43.824,-1.178
183570,286.969,286.655,36.5512,-1.178
183580,286.969,286.655,36.5512,-1.178
183590,287.03,286.655,162.964,-7.49676
183600,287.03,286.655,61.198,-1.178
183610,287.03,286.742,18.8679,-1.178
183620,287.03,286.742,43.6381,-1.178
183630,287.03,286.742,43.6381,-1.178
183640,287.03,286.742,43.6381,-1.178
183650,287.341,286.742,20.3787,-1.178
183660,287.106,286.742,20.3787,-1.178
183670,287.106,286.742,61.3271,-1.178
183680,287.106,286.742,61.3271,-1.178
183690,287.106,286.742,47.3994,-1.178
183700,287.106,286.948,47.3994,-1.178
183710,287.106,286.948,67.0466,-1.178
183720,287.106,286.948,67.0466,-1.178
183730,287.106,286.948,67.0466,-1.178
183740,287.106,286.948,67.0466,-1.178
183750,287.106,286.948,13.0855,-1.178
183760,287.106,286.948,13.0855,-1.178
183770,287.106,286.948,52.6638,-1.178
183780,287.106,286.948,52.6638,-1.178
183790,287.106,286.993,52.6638,-1.178
183800,287.278,286.993,52.6638,-1.178
183810,287.278,287.259,68.2966,-1.178
183820,287.278,287.259,53.4659,-1.178
183830,287.393,287.296,84.6331,-1.178
183840,287.393,287.296,84.6331,-1.178
183850,287.393,286.802,7.52423,-1.178
183860,287.462,286.802,7.52423,-1.178
183870,287.462,286.802,7.52423,-1.178
183880,287.462,287.362,7.52423,-1.178
183890,287.462,287.005,7.52423,-1.178
183900,287.462,286.995,7.52423,-1.178
183910,287.462,286.995,7.52423,-1.178
183920,287.462,286.995,7.52423,-1.178
183930,287.462,286.995,18.0273,-1.178
183940,287.199,286.995,68.4136,-1.178
183950,287.291,286.995,68.4136,-1.178
183960,287.318,286.995,81.7502,-3.36303
183970,287.011,286.995,81.7502,-1.178
183980,287.011,286.995,13.6297,-1.178
183990,287.453,286.995,11.9804,-1.178
184000,287.453,286.995,12.7785,-1.178
184010,287.594,286.995,13.7807,-1.178
184020,287.594,287.262,13.7807,-1.178
184030,287.546,287.045,13.7807,-1.178
184040,287.135,287.045,13.7807,-1.178
184050,287.135,287.045,13.7807,-1.178
184060,287.135,287.045,80.9332,-1.178
184070,287.448,287.045,18.2331,-1.178
184080,287.316,287.045,18.2331,-1.178
184090,287.316,287.045,14.8287,-1.178
184100,287.316,286.955,14.8287,-1.178
184110,287.316,287.276,80.0537,-1.178
184120,287.316,287.052,80.0537,-1.178
184130,287.316,287.052,80.0537,-1.178
184140,287.316,287.052,80.0537,-1.178
184150,287.316,287.052,16.3699,-1.178
184160,287.109,287.052,28.5998,-1.178
184170,287.195,287.052,28.5998,-1.178
184180,287.195,287.052,28.5998,-1.178
184190,287.195,287.052,28.5998,-1.178
184200,287.195,287.052,28.5998,-1.178
184210,287.195,287.052,64.0912,-1.178
184220,287.195,287.052,78.422,-1.178
184230,287.195,286.669,53.5135,-3.36303
184240,286.93,286.669,8.54316,-1.178
184250,287.171,286.669,37.1372,-1.178
184260,287.171,286.669,37.1372,-1.178
184270,287.171,286.669,37.1372,-1.178
184280,287.171,286.669,37.1372,-1.178
184290,287.171,286.669,5.26864,-1.178
184300,287.171,286.669,35.5865,-1.178
184310,287.171,286.669,35.5865,-1.178
184320,286.99,286.669,35.5865,-1.178
184330,286.99,286.669,72.115,-1.178
184340,286.99,286.669,72.115,-1.178
184350,286.99,286.669,64.014,-1.178
184360,286.99,286.669,64.533,-1.178
184370,286.99,286.669,64.533,-1.178
184380,286.99,286.669,64.533,-1.178
184390,286.99,286.669,64.533,-1.178
184400,286.99,286.669,25.1476,-1.178
184410,287.165,286.669,25.1476,-1.178
184420,287.165,286.669,25.1476,-1.178
184430,287.165,286.669,25.1476,-1.178
184440,287.165,286.669,25.1476,-1.178
184450,287.249,286.669,10.0202,-1.178
184460,287.249,286.669,10.0202,-1.178
184470,287.249,286.669,10.0202,-1.178
184480,288.044,286.669,10.0202,-3.36303
184490,288.044,287.466,10.0202,-1.178
184500,288.044,287.466,10.0202,-1.178
184510,288.044,287.492,10.0202,-1.178
184520,288.044,287.661,10.0202,-1.178
184530,288.044,287.661,10.0202,-1.178
184540,288.044,287.661,10.0202,-1.178
184550,288.044,287.621,46.5938,-1.178
184560,288.044,287.781,70.8396,-1.178
184570,288.044,287.781,25.5504,-1.178
184580,288.077,288.003,25.5504,-1.178
184590,288.077,288.003,25.5504,-1.178
184600,288.077,288.003,100.355,-1.178
184610,288.077,288.003,100.355,-1.178
184620,288.077,288.003,107.765,-1.178
184630,288.099,288.003,107.765,-1.178
184640,288.099,288.003,107.765,-1.178
184650,288.099,288.003,29.1769,-1.178
184660,289.073,287.229,34.0964,-5.42989
184670,289.076,288.701,34.0964,-1.178
184680,289.076,288.701,52.7854,-1.178
184690,288.745,288.701,52.7854,-1.178
184700,288.766,288.701,123.799,-1.178
184710,288.766,288.701,123.799,-1.178
184720,288.766,288.701,123.799,-1.178
184730,288.766,288.701,123.799,-1.178
184740,289.262,288.701,26.9604,-1.178
184750,289.262,288.701,26.9604,-1.178
184760,289.262,288.774,13.7794,-1.178
184770,289.262,288.774,22.5175,-1.178
184780,289.262,288.774,22.5175,-1.178
184790,289.262,288.774,22.5175,-1.178
184800,290.335,288.774,169.196,-7.49676
184810,290.33,289.081,69.3993,-5.42989
184820,289.515,288.792,190.356,-7.49676
184830,288.734,287.601,172.107,-7.49676
184840,288.734,287.601,28.9922,-3.36303
184850,288.734,287.601,28.9922,-3.36303
184860,287.832,287.601,28.9922,-1.178
184870,287.832,287.601,28.9922,-1.178
184880,287.832,287.601,28.9922,-1.178
184890,287.832,287.601,42.4878,-1.178
184900,287.749,287.43,42.4878,-1.178
184910,287.749,287.43,42.4878,-1.178
184920,287.749,287.43,72.3136,-1.178
184930,287.749,287.43,25.3959,-1.178
184940,287.619,287.221,25.3959,-1.178
184950,287.667,287.221,25.3959,-1.178
184960,287.751,287.221,25.3959,-1.178
184970,287.751,287.221,7.54169,-1.178
184980,287.751,287.246,7.54169,-1.178
184990,287.751,286.479,7.54169,-3.36303
185000,287.751,287.25,7.54169,-1.178
185010,287.751,287.25,7.54169,-1.178
185020,287.751,287.25,35.0378,-1.178
185030,287.751,287.25,26.6662,-1.178
185040,288.106,287.25,26.6662,-3.36303
185050,288.106,287.116,26.6662,-3.36303
185060,288.106,287.572,26.6662,-1.178
185070,288.106,287.572,26.6662,-1.178
185080,288.106,287.572,26.6662,-1.178
185090,287.851,287.572,26.4141,-1.178
185100,287.632,287.572,31.1444,-1.178
185110,288.114,287.572,31.7734,-1.178
185120,288.564,287.572,31.7734,-3.36303
185130,288.564,287.32,31.7734,-3.36303
185140,288.564,287.32,31.7734,-3.36303
185150,288.926,287.792,31.7734,-3.36303
185160,288.926,287.792,18.4023,-3.36303
185170,288.926,287.52,18.4023,-3.36303
185180,288.021,287.52,18.4023,-1.178
185190,288.021,287.52,22.7816,-1.178
185200,288.021,287.52,32.7583,-1.178
185210,288.021,287.52,32.7583,-1.178
185220,288.021,287.52,32.7583,-1.178
185230,288.021,287.52,32.7583,-1.178
185240,288.016,287.956,119.548,-1.178
185250,288.016,287.956,79.2446,-1.178
185260,288.016,287.956,79.2446,-1.178
185270,288.016,287.956,34.6408,-1.178
185280,288.224,287.956,34.6408,-1.178
185290,288.224,287.79,34.6408,-1.178
185300,288.224,287.79,39.6423,-1.178
185310,288.224,288.217,39.6423,-1.178
185320,288.224,288.217,83.3113,-1.178
185330,288.224,288.217,83.3113,-1.178
185340,288.37,288.217,83.3113,-1.178
185350,288.37,288.217,83.3113,-1.178
185360,288.37,288.217,24.2698,-1.178
185370,288.739,288.217,24.2698,-1.178
185380,288.739,288.217,24.2698,-1.178
185390,288.739,288.426,24.2698,-1.178
185400,288.739,288.522,61.6128,-1.178
185410,288.739,288.564,33.9644,-1.178
185420,288.739,288.687,33.9644,-1.178
185430,288.739,288.687,33.9644,-1.178
185440,288.739,288.687,33.9644,-1.178
185450,288.739,288.687,33.9644,-1.178
185460,289.436,288.687,5.4242,-3.36303
185470,289.739,289.24,5.4242,-1.178
185480,289.308,289.24,5.4242,-1.178
185490,289.308,288.767,5.4242,-1.178
185500,289.308,288.924,5.4242,-1.178
185510,289.308,288.924,102.413,-3.36303
185520,289.308,288.924,102.413,-3.36303
185530,289.308,289.295,102.413,-1.178
185540,289.308,289.295,130.033,-1.178
185550,289.308,289.295,130.033,-1.178
185560,289.308,289.295,130.033,-1.178
185570,289.308,289.295,130.033,-1.178
185580,289.308,289.295,130.033,-1.178
185590,289.308,289.295,130.033,-1.178
185600,289.308,289.295,130.033,-1.178
185610,289.308,289.295,130.033,-1.178
185620,289.308,289.295,130.033,-1.178
185630,289.308,289.295,130.033,-1.178
185640,289.308,289.295,130.033,-1.178
185650,289.308,289.295,7.07942,-1.178
185660,289.963,289.295,7.07942,-1.178
185670,289.963,289.545,7.07942,-1.178
185680,289.963,289.568,3.91638,-1.178
185690,289.967,289.348,3.91638,-1.178
185700,289.967,289.855,3.91638,-1.178
185710,289.967,289.855,3.91638,-1.178
185720,290.334,289.855,3.91638,-1.178
185730,289.81,289.772,112.422,-1.178
185740,289.838,289.772,112.422,-1.178
185750,289.838,289.772,112.422,-1.178
185760,289.838,289.772,112.422,-1.178
185770,289.828,289.772,112.422,-1.178
185780,289.828,289.772,112.422,-1.178
185790,289.887,289.772,69.8104,-1.178
185800,289.887,289.772,69.8104,-1.178
185810,289.887,289.772,31.0516,-1.178
185820,290.192,289.772,31.0516,-1.178
185830,290.192,289.772,31.0516,-1.178
185840,290.192,289.772,31.0516,-1.178
185850,290.003,289.772,31.0516,-1.178
185860,290.116,289.772,31.0516,-1.178
185870,290.134,289.772,23.2085,-1.178
185880,290.134,289.772,28.9256,-1.178
185890,290.134,289.772,61.2787,-1.178
185900,290.134,289.772,61.2787,-1.178
185910,290.134,289.772,58.6686,-1.178
185920,290.134,289.772,58.6686,-1.178
185930,290.134,289.968,51.8953,-1.178
185940,290.134,289.968,51.8953,-1.178
185950,290.176,289.87,51.8953,-1.178
185960,290.176,289.927,51.8953,-1.178
185970,290.176,289.895,51.8953,-1.178
185980,290.176,289.895,51.8953,-1.178
185990,290.176,289.895,51.8953,-1.178
186000,290.176,289.811,51.8953,-1.178
186010,290.176,289.811,51.8953,-1.178
186020,290.176,289.811,51.8953,-1.178
186030,290.176,289.811,51.8953,-1.178
186040,290.176,289.811,51.8953,-1.178
186050,290.176,289.811,51.8953,-1.178
186060,290.176,289.475,51.8953,-3.36303
186070,289.635,289.475,95.1816,-1.178
186080,289.635,289.475,95.1816,-1.178
186090,289.635,289.475,95.1816,-1.178
186100,289.662,289.475,95.1816,-1.178
186110,289.662,289.475,31.6387,-1.178
186120,289.494,289.475,31.6387,-1.178
186130,289.494,289.475,114.917,-1.178
186140,289.494,289.475,83.787,-1.178
186150,289.494,289.475,83.787,-1.178
186160,289.494,289.475,83.787,-1.178
186170,289.494,289.475,83.787,-1.178
186180,289.494,289.357,83.787,-1.178
186190,289.494,289.357,83.787,-1.178
186200,289.494,289.357,55.5511,-1.178
186210,289.494,289.357,17.2792,-1.178
186220,289.504,289.357,72.1743,-1.178
186230,289.649,289.357,72.1743,-1.178
186240,289.649,289.357,72.1743,-1.178
186250,289.649,289.357,72.1743,-1.178
186260,290.174,289.357,52.7917,-3.36303
186270,290.607,289.357,44.041,-5.42989
186280,289.458,289.357,44.041,-1.178
186290,289.458,289.357,76.8089,-1.178
186300,289.458,289.357,76.8089,-1.178
186310,289.458,289.357,76.8089,-1.178
186320,289.458,289.357,24.8295,-1.178
186330,289.458,289.352,43.3955,-1.178
186340,289.434,289.352,38.1753,-1.178
186350,289.434,289.022,38.1753,-1.178
186360,289.434,289.022,38.1753,-1.178
186370,289.434,289.261,18.6778,-1.178
186380,289.434,289.161,18.6778,-1.178
186390,289.434,289.161,18.6778,-1.178
186400,289.483,289.161,2.006,-1.178
186410,289.483,289.161,57.7307,-1.178
186420,289.483,289.161,36.4042,-1.178
186430,289.483,289.285,36.4042,-1.178
186440,289.874,289.285,7.70505,-1.178
186450,289.455,289.285,7.70505,-1.178
186460,289.455,289.285,84.1029,-1.178
186470,289.455,289.285,84.1029,-1.178
186480,289.597,289.285,84.1029,-3.36303
186490,289.597,289.285,84.1029,-3.36303
186500,289.597,289.285,86.2289,-3.36303
186510,289.507,289.285,86.2289,-1.178
186520,289.507,289.285,43.0562,-1.178
186530,289.531,289.285,43.0562,-1.178
186540,289.531,289.351,43.0562,-1.178
186550,289.571,289.351,43.0562,-1.178
186560,289.571,289.351,10.2882,-1.178
186570,289.571,289.351,10.2882,-1.178
186580,289.571,289.351,10.2882,-1.178
186590,289.571,289.351,10.2882,-1.178
186600,289.571,289.254,51.2528,-1.178
186610,289.571,289.254,50.6669,-1.178
186620,289.282,289.016,50.6669,-1.178
186630,289.282,289.217,50.6669,-1.178
186640,289.282,289.217,28.9856,-1.178
186650,289.282,289.059,73.8949,-1.178
186660,289.282,289.059,1.13449,-1.178
186670,289.282,289.059,27.3809,-1.178
186680,289.076,289.059,27.3809,-1.178
186690,289.076,289.059,16.4653,-1.178
186700,287.9,287.718,16.4653,-1.178
186710,287.9,287.718,92.1142,-1.178
186720,288.039,287.718,62.2553,-1.178
186730,287.804,287.254,62.2553,-3.36303
186740,287.301,287.254,62.2553,-1.178
186750,287.628,287.424,56.0098,-1.178
186760,287.628,287.424,79.3543,-1.178
186770,287.628,287.424,79.3543,-1.178
186780,287.628,287.53,79.3543,-1.178
186790,287.628,287.422,79.3543,-1.178
186800,287.628,287.355,79.3543,-1.178
186810,287.628,287.355,79.3543,-1.178
186820,287.628,287.355,67.8943,-1.178
186830,287.628,287.355,83.4754,-1.178
186840,287.628,287.355,83.4754,-1.178
186850,287.628,287.355,83.4754,-1.178
186860,287.457,287.355,81.7385,-1.178
186870,287.926,287.353,81.7385,-3.36303
186880,287.926,287.353,81.7385,-3.36303
186890,289.195,287.353,81.7385,-7.49676
186900,287.967,287.353,81.7385,-3.36303
186910,287.967,287.666,18.0874,-1.178
186920,287.967,287.666,18.0874,-1.178
186930,288.129,287.4,18.0874,-3.36303
186940,288.129,287.4,18.0874,-3.36303
186950,288.071,286.664,15.4299,-3.36303
186960,288.071,286.664,15.4299,-3.36303
186970,288.071,287.818,56.972,-1.178
186980,287.814,287.745,36.0237,-1.178
186990,287.814,287.512,36.0237,-1.178
187000,287.814,286.43,36.0237,-5.42989
187010,286.911,286.43,36.0237,-1.178
187020,286.911,286.458,8.19136,-1.178
187030,286.911,286.458,8.19136,-1.178
187040,286.911,286.225,8.19136,-3.36303
187050,287.104,286.375,40.6222,-3.36303
187060,287.104,286.965,40.6222,-1.178
187070,287.104,286.965,94.2621,-1.178
187080,287.104,286.965,65.909,-1.178
187090,287.166,286.965,65.909,-1.178
187100,287.166,286.965,4.49094,-1.178
187110,287.166,286.965,4.49094,-1.178
187120,287.051,286.965,4.49094,-1.178
187130,287.051,286.965,108.5,-1.178
187140,287.051,286.965,108.5,-1.178
187150,287.051,286.965,116.376,-1.178
187160,287.377,286.971,21.4443,-1.178
187170,287.377,286.971,45.8225,-1.178
187180,287.377,287.102,45.8225,-1.178
187190,287.455,287.102,1.80127,-1.178
187200,287.534,287.102,1.80127,-1.178
187210,287.521,287.102,1.80127,-1.178
187220,287.675,287.102,1.80127,-1.178
187230,287.675,287.102,1.80127,-1.178
187240,287.675,287.102,1.80127,-1.178
187250,287.253,287.102,8.85442,-1.178
187260,287.253,287.102,8.85442,-1.178
187270,287.253,287.102,8.85442,-1.178
187280,287.216,287.102,78.5966,-1.178
187290,287.216,287.102,67.4282,-1.178
187300,287.216,287.102,48.2318,-1.178
187310,287.216,286.788,39.293,-1.178
187320,287.216,286.788,39.293,-1.178
187330,286.972,286.788,16.0148,-1.178
187340,288.348,286.788,16.0148,-5.42989
187350,288.348,286.788,47.0302,-5.42989
187360,288.348,286.975,47.0302,-5.42989
187370,288.348,287.508,47.0302,-3.36303
187380,288.348,287.508,51.7053,-3.36303
187390,288.464,287.886,51.7053,-3.36303
187400,288.263,287.886,51.7053,-1.178
187410,288.263,287.886,51.7053,-1.178
187420,288.263,287.886,71.1835,-3.36303
187430,288.115,287.886,71.1835,-1.178
187440,288.115,287.886,71.1835,-1.178
187450,288.115,287.886,71.1835,-1.178
187460,288.115,287.886,71.1835,-1.178
187470,288.115,287.886,120.448,-5.42989
187480,289.55,287.886,120.448,-7.49676
187490,290.253,288.431,120.448,-7.49676
187500,290.253,289.281,120.448,-7.49676
187510,290.253,288.107,133.6,-7.49676
187520,288.597,288.107,6.82584,-1.178
187530,288.375,288.107,6.82584,-1.178
187540,288.42,288.107,49.4048,-1.178
187550,288.42,288.107,49.4048,-1.178
187560,288.42,288.107,49.4048,-1.178
187570,288.42,288.107,49.4048,-1.178
187580,288.499,288.107,56.7666,-1.178
187590,288.499,288.107,4.87887,-1.178
187600,288.499,288.107,4.87887,-1.178
187610,288.499,288.107,60.2834,-1.178
187620,288.499,288.107,56.1228,-1.178
187630,288.499,288.107,46.5876,-1.178
187640,288.499,288.196,46.5876,-1.178
187650,288.499,288.079,42.3731,-1.178
187660,288.499,288.479,42.3731,-1.178
187670,289.437,288.479,55.0118,-3.36303
187680,289.437,288.488,55.0118,-3.36303
187690,288.839,288.635,55.0118,-1.178
187700,288.839,288.635,51.2913,-1.178
187710,288.916,288.008,46.1479,-3.36303
187720,288.136,288.008,46.1479,-1.178
187730,288.136,287.105,44.0827,-3.36303
187740,288.136,287.105,44.0827,-3.36303
187750,287.157,287.105,29.7706,-1.178
187760,287.157,287.105,29.7706,-1.178
187770,287.157,287.105,29.7706,-1.178
187780,287.157,287.105,29.7706,-1.178
187790,287.157,287.105,30.8918,-1.178
187800,289.031,287.486,30.8918,-5.42989
187810,287.889,287.486,30.8918,-1.178
187820,287.889,287.486,5.83409,-1.178
187830,288.121,287.486,5.83409,-1.178
187840,288.03,288.009,5.83409,-1.178
187850,288.457,288.009,5.83409,-1.178
187860,290.018,288.009,5.83409,-5.42989
187870,288.508,288.08,5.83409,-1.178
187880,288.446,287.427,5.83409,-3.36303
187890,288.446,287.892,5.83409,-1.178
187900,288.446,287.892,5.83409,-1.178
187910,288.636,288.402,42.167,-1.178
187920,288.636,288.402,68.4595,-1.178
187930,288.563,288.554,115.188,-1.178
187940,288.563,288.554,115.188,-1.178
187950,288.506,288.468,115.188,-1.178
187960,288.506,288.468,115.188,-1.178
187970,288.506,288.468,115.188,-1.178
187980,288.506,288.468,16.3552,-1.178
187990,288.506,288.468,44.7326,-1.178
188000,288.506,288.468,44.7326,-1.178
188010,288.506,288.152,44.7326,-1.178
188020,288.506,288.152,44.7326,-1.178
188030,288.506,288.152,44.7326,-1.178
188040,288.506,288.331,44.7326,-1.178
188050,288.506,288.331,44.7326,-1.178
188060,288.506,288.331,68.0296,-1.178
188070,288.638,288.505,68.0296,-1.178
188080,288.638,288.505,102.491,-1.178
188090,288.638,288.505,102.491,-1.178
188100,288.533,288.505,102.491,-1.178
188110,288.533,288.505,102.491,-1.178
188120,288.533,288.505,102.491,-1.178
188130,288.533,288.505,102.491,-1.178
188140,288.533,288.505,102.491,-1.178
188150,288.533,288.505,102.491,-1.178
188160,288.533,288.505,102.491,-1.178
188170,288.922,288.505,0.652016,-1.178
188180,288.768,288.505,0.652016,-1.178
188190,288.768,288.466,0.652016,-1.178
188200,288.768,288.466,69.3334,-1.178
188210,288.831,288.466,8.5171,-1.178
188220,288.831,288.466,43.8613,-1.178
188230,286.222,286.162,43.8613,-1.178
188240,286.222,286.162,7.47222,-1.178
188250,286.652,286.162,7.47222,-1.178
188260,286.652,286.497,104.739,-1.178
188270,286.652,286.497,104.739,-1.178
188280,286.652,286.497,34.5327,-1.178
188290,286.652,286.497,34.5327,-1.178
188300,286.652,286.497,57.8337,-1.178
188310,286.652,286.497,57.8337,-1.178
188320,286.566,286.497,103.191,-1.178
188330,286.625,286.497,60.8006,-1.178
188340,286.625,286.497,60.8006,-1.178
188350,287.223,286.598,60.8006,-3.36303
188360,287.223,286.598,60.8006,-3.36303
188370,287.223,286.598,60.8006,-3.36303
188380,287.223,286.888,60.8006,-1.178
188390,287.223,286.888,8.19672,-1.178
188400,287.223,286.999,65.9757,-1.178
188410,287.389,286.999,41.728,-1.178
188420,287.389,286.999,41.728,-1.178
188430,287.333,286.999,41.728,-1.178
188440,287.352,286.999,41.728,-1.178
188450,287.352,286.999,2.89573,-1.178
188460,287.352,286.999,5.73229,-1.178
188470,287.352,286.999,26.5138,-1.178
188480,287.005,286.999,26.5138,-1.178
188490,287.005,286.453,26.5138,-1.178
188500,287.047,286.453,82.5084,-3.36303
188510,287.047,286.453,82.5084,-3.36303
188520,287.047,286.453,82.5084,-3.36303
188530,287.047,286.453,82.5084,-3.36303
188540,287.047,286.934,82.5084,-1.178
188550,286.884,286.854,39.3166,-1.178
188560,286.884,286.854,66.0437,-1.178
188570,286.884,286.854,102.225,-1.178
188580,286.884,286.854,102.225,-1.178
188590,286.884,286.854,121.95,-1.178
188600,286.884,286.854,115.279,-1.178
188610,286.884,286.854,109.794,-1.178
188620,286.944,286.854,109.794,-1.178
188630,286.944,286.854,109.794,-1.178
188640,286.944,286.854,90.2162,-1.178
188650,286.944,286.854,22.3153,-1.178
188660,286.944,286.854,22.3153,-1.178
188670,286.944,286.854,5.5645,-1.178
188680,287.169,286.854,5.5645,-1.178
188690,287.169,286.854,71.62,-1.178
188700,287.169,286.86,71.62,-1.178
188710,287.085,286.86,71.62,-1.178
188720,287.085,286.837,71.62,-1.178
188730,286.941,286.837,110.815,-1.178
188740,286.941,286.837,110.815,-1.178
188750,286.941,286.837,29.8395,-1.178
188760,286.941,286.837,29.8395,-1.178
188770,286.941,286.837,29.8395,-1.178
188780,286.941,286.837,72.9885,-1.178
188790,286.941,286.837,14.1262,-1.178
188800,286.941,286.837,84.8178,-1.178
188810,286.941,286.837,84.8178,-1.178
188820,287.012,286.837,84.8178,-1.178
188830,287.012,286.837,26.0676,-1.178
188840,287.044,286.837,26.0676,-1.178
188850,287.044,286.571,26.0676,-1.178
188860,287.044,286.571,27.514,-1.178
188870,287.044,286.571,27.514,-1.178
188880,287.044,286.571,27.4972,-1.178
188890,286.81,286.571,27.4972,-1.178
188900,286.81,286.571,27.4972,-1.178
188910,286.81,286.741,27.4972,-1.178
188920,287.154,286.741,62.7356,-3.36303
188930,287.219,287.043,62.7356,-1.178
188940,287.219,287.043,62.7356,-1.178
188950,287.219,287.043,3.30362,-1.178
188960,287.219,287.043,3.30362,-1.178
188970,287.219,286.803,3.30362,-1.178
188980,287.273,287.169,3.30362,-1.178
188990,287.273,287.169,3.30362,-1.178
189000,287.273,286.895,3.30362,-1.178
189010,287.273,286.895,3.30362,-1.178
189020,287.273,286.895,58.9488,-1.178
189030,287.273,286.895,53.5641,-1.178
189040,287.053,286.895,53.5641,-1.178
189050,287.04,286.895,53.5641,-1.178
189060,287.04,286.895,65.8875,-1.178
189070,287.04,286.895,49.5361,-1.178
189080,287.214,286.895,49.5361,-1.178
189090,287.236,286.851,49.5361,-1.178
189100,287.236,286.851,49.5361,-1.178
189110,287.236,286.851,49.5361,-1.178
189120,287.236,286.851,11.3677,-1.178
189130,287.011,286.851,11.3677,-1.178
189140,287.011,286.604,11.3677,-1.178
189150,286.622,284.81,11.3677,-5.42989
189160,285.242,284.81,11.3677,-1.178
189170,285.354,285.213,11.3677,-1.178
189180,286.54,285.213,11.3677,-3.36303
189190,286.339,285.213,64.4664,-5.42989
189200,285.689,285.232,18.9462,-1.178
189210,285.958,285.232,18.9462,-3.36303
189220,285.361,285.351,18.9462,-1.178
189230,285.361,285.351,98.0827,-1.178
189240,285.361,285.351,28.7156,-1.178
189250,285.802,285.351,28.7156,-1.178
189260,286.004,285.047,39.6059,-3.36303
189270,285.456,285.047,39.6059,-1.178
189280,285.456,285.047,39.6059,-1.178
189290,285.456,285.047,39.6059,-1.178
189300,285.456,285.047,39.6059,-1.178
189310,285.456,285.047,39.6059,-1.178
189320,285.456,285.047,39.6059,-1.178
189330,285.44,285.171,39.6059,-1.178
189340,285.366,285.171,39.6059,-1.178
189350,285.366,284.864,39.6059,-1.178
189360,285.366,284.864,24.1034,-1.178
189370,284.871,284.864,1.11704,-1.178
189380,285.415,283.867,1.11704,-3.36303
189390,286.292,283.867,1.11704,-5.42989
189400,284.335,284.104,1.11704,-1.178
189410,284.958,284.104,1.11704,-3.36303
189420,284.397,282.985,64.66,-5.42989
189430,284.397,283.971,43.7985,-1.178
189440,284.397,283.971,43.7985,-1.178
189450,284.316,283.971,43.7985,-1.178
189460,284.316,283.971,43.7985,-1.178
189470,284.316,283.971,43.7985,-1.178
189480,284.213,283.971,43.7985,-1.178
189490,284.213,284.096,43.7985,-1.178
189500,284.213,284.096,43.7985,-1.178
189510,284.213,284.096,98.2807,-1.178
189520,284.213,284.096,98.2807,-1.178
189530,284.213,284.096,98.2807,-1.178
189540,284.213,284.096,98.2807,-1.178
189550,284.179,284.096,97.2905,-1.178
189560,284.179,284.096,83.4344,-1.178
189570,284.179,284.096,12.6775,-1.178
189580,284.179,284.096,112.858,-1.178
189590,284.127,284.096,112.858,-1.178
189600,284.127,284.096,112.858,-1.178
189610,284.127,283.96,64.0647,-1.178
189620,284.127,283.96,44.4423,-1.178
189630,284.127,283.895,44.4423,-1.178
189640,284.127,283.895,44.4423,-1.178
189650,284.127,283.895,44.4423,-1.178
189660,284.234,283.5,51.5555,-3.36303
189670,283.836,283.5,72.4794,-1.178
189680,283.836,283.5,11.4347,-1.178
189690,283.836,283.5,25.9043,-1.178
189700,283.836,283.5,25.9043,-1.178
189710,284.061,283.5,25.9043,-1.178
189720,284.061,283.5,25.9043,-1.178
189730,284.061,283.5,25.9043,-1.178
189740,284.061,283.5,25.9043,-1.178
189750,284.061,283.809,69.8211,-1.178
189760,284.061,283.809,7.22868,-1.178
189770,284.38,283.809,7.22868,-1.178
189780,284.38,283.809,7.22868,-1.178
189790,284.029,283.809,7.22868,-1.178
189800,284.029,283.809,7.22868,-1.178
189810,284.029,283.809,90.924,-1.178
189820,284.029,283.809,90.924,-1.178
189830,284.029,283.809,90.924,-1.178
189840,284.029,283.809,90.924,-1.178
189850,284.029,283.809,90.924,-1.178
189860,284.029,283.809,79.7056,-1.178
189870,284.029,283.809,79.7056,-1.178
189880,284.029,283.809,79.7056,-1.178
189890,284.029,283.809,79.7056,-1.178
189900,284.029,284.013,79.7056,-1.178
189910,284.029,284.013,25.2663,-1.178
189920,284.029,284.013,25.2663,-1.178
189930,284.029,284.013,25.2663,-1.178
189940,284.029,284.013,25.2663,-1.178
189950,284.469,284.013,25.2663,-1.178
189960,284.469,284.013,25.2663,-1.178
189970,284.469,284.013,25.2663,-1.178
189980,284.557,283.659,25.2663,-3.36303
189990,284.044,283.659,25.2663,-1.178
190000,284.044,284.007,25.2663,-1.178
190010,284.044,284.007,84.1162,-1.178
190020,284.044,284.007,109.739,-1.178
190030,284.044,284.007,109.739,-1.178
190040,284.044,284.007,109.739,-1.178
190050,284.044,284.007,87.1523,-1.178
190060,284.044,284.007,87.1523,-1.178
190070,284.044,283.887,87.1523,-1.178
190080,284.044,283.887,87.1523,-1.178
190090,284.044,283.931,87.1523,-1.178
190100,284.126,283.931,87.1523,-1.178
190110,284.09,283.931,87.1523,-1.178
190120,284.09,283.931,53.5887,-1.178
190130,283.927,283.554,0.771037,-1.178
190140,284.071,283.554,0.771037,-1.178
190150,284.071,283.554,58.6392,-3.36303
190160,284.071,283.554,36.1417,-1.178
190170,283.751,283.554,36.1417,-1.178
190180,283.751,283.554,83.4277,-1.178
190190,283.751,283.554,83.4277,-1.178
190200,284.448,283.554,83.4277,-5.42989
190210,285.612,283.554,13.6931,-5.42989
190220,284.442,283.554,13.6931,-3.36303
190230,284.442,283.979,13.6931,-1.178
190240,284.442,283.979,23.9718,-1.178
190250,284.442,284.142,23.9718,-1.178
190260,284.413,284.142,23.9718,-1.178
190270,284.413,284.142,23.9718,-1.178
190280,284.419,284.142,30.8385,-1.178
190290,284.419,284.142,29.077,-1.178
190300,284.419,284.142,13.4498,-1.178
190310,284.478,284.391,13.4498,-1.178
190320,284.478,284.391,28.3734,-1.178
190330,284.478,284.391,78.5203,-1.178
190340,284.478,284.391,87.2312,-1.178
190350,284.478,283.793,87.2312,-5.42989
190360,284.058,283.793,87.2312,-3.36303
190370,284.058,283.793,42.2693,-1.178
190380,284.592,283.793,42.2693,-3.36303
190390,284.109,283.793,42.2693,-1.178
190400,284.109,283.679,42.2693,-1.178
190410,284.109,283.679,42.2693,-1.178
190420,284.163,283.679,42.2693,-1.178
190430,284.163,283.679,42.2693,-1.178
190440,284.163,284.098,97.1118,-1.178
190450,284.163,284.082,111.828,-1.178
190460,284.163,284.082,111.828,-1.178
190470,284.163,284.082,111.828,-1.178
190480,284.163,284.082,111.828,-1.178
190490,284.163,284.082,82.5842,-1.178
190500,284.163,284.082,82.5842,-1.178
190510,284.163,284.082,82.5842,-1.178
190520,284.114,284.082,82.5842,-1.178
190530,284.114,284.082,109.151,-1.178
190540,284.114,284.082,109.151,-1.178
190550,284.114,284.082,109.151,-1.178
190560,284.114,284.082,109.151,-1.178
190570,284.114,284.082,100.007,-1.178
190580,284.114,284.082,100.007,-1.178
190590,284.127,284.082,111.037,-1.178
190600,284.127,284.082,111.037,-1.178
190610,284.127,284.082,111.037,-1.178
190620,284.127,284.082,111.037,-1.178
190630,284.127,284.082,23.3675,-1.178
190640,284.127,284.082,1.04624,-1.178
190650,284.127,284.082,82.1603,-1.178
190660,284.239,284.082,82.1603,-1.178
190670,284.239,284.082,102.633,-1.178
190680,284.239,284.082,102.633,-1.178
190690,284.239,284.082,102.633,-1.178
190700,284.239,284.082,100.32,-1.178
190710,284.239,284.006,100.32,-3.36303
190720,284.239,284.006,65.3536,-1.178
190730,284.239,284.006,30.2058,-1.178
190740,284.83,284.006,30.2058,-3.36303
190750,284.349,284.006,29.0179,-1.178
190760,284.343,283.973,29.0179,-1.178
190770,284.343,283.973,27.3072,-1.178
190780,284.958,283.973,27.3072,-3.36303
190790,284.958,283.973,58.3363,-5.42989
190800,284.885,283.973,58.3363,-3.36303
190810,284.885,284.738,80.4985,-1.178
190820,284.885,284.637,80.4985,-1.178
190830,284.885,284.637,80.4985,-1.178
190840,284.885,284.637,80.4985,-1.178
190850,284.885,284.637,80.4985,-1.178
190860,284.885,284.637,80.4985,-1.178
190870,284.885,284.637,80.4985,-1.178
190880,284.885,284.637,80.4985,-1.178
190890,284.885,284.637,80.4985,-1.178
190900,284.885,284.637,80.4985,-1.178
190910,284.885,284.637,80.4985,-1.178
190920,284.885,284.637,35.28,-1.178
190930,284.925,284.637,35.28,-1.178
190940,284.925,284.637,63.2162,-1.178
190950,284.925,284.637,43.2214,-1.178
190960,284.901,284.637,71.1907,-1.178
190970,284.901,284.637,71.1907,-1.178
190980,284.901,284.589,71.1907,-1.178
190990,284.901,284.349,71.1907,-3.36303
191000,284.901,284.349,55.1403,-3.36303
191010,284.901,284.349,55.1403,-3.36303
191020,284.901,284.349,55.1403,-3.36303
191030,284.664,284.238,67.8959,-3.36303
191040,284.664,284.238,67.8959,-3.36303
191050,284.664,284.432,67.8959,-1.178
191060,284.664,284.432,67.8959,-1.178
191070,284.664,284.432,67.8959,-1.178
191080,284.664,284.432,67.8959,-1.178
191090,284.664,284.432,67.8959,-1.178
191100,284.644,284.432,67.8959,-1.178
191110,284.666,284.432,3.92508,-1.178
191120,285.047,284.631,3.92508,-1.178
191130,285.047,284.631,40.2745,-1.178
191140,285.047,284.631,40.2745,-1.178
191150,284.919,284.631,40.2745,-1.178
191160,284.799,284.631,40.2745,-1.178
191170,284.857,284.329,40.2745,-3.36303
191180,284.89,284.807,17.7793,-1.178
191190,284.89,284.807,109.252,-1.178
191200,284.89,284.807,109.252,-1.178
191210,284.89,284.807,109.252,-1.178
191220,284.89,284.807,11.8345,-1.178
191230,284.89,284.278,11.8345,-1.178
191240,284.89,284.278,11.8345,-1.178
191250,284.89,284.697,11.8345,-1.178
191260,284.89,284.697,94.9761,-1.178
191270,284.89,284.697,36.9614,-1.178
191280,284.89,284.697,54.286,-1.178
191290,285.163,284.748,54.286,-1.178
191300,285.128,284.748,54.286,-1.178
191310,285.128,284.748,54.286,-1.178
191320,284.833,284.748,54.286,-1.178
191330,284.833,284.748,54.286,-1.178
191340,284.833,284.748,105.676,-1.178
191350,284.833,284.748,105.676,-1.178
191360,285.045,284.748,26.2228,-1.178
191370,285.045,284.748,26.2228,-1.178
191380,285.045,284.539,25.5552,-1.178
191390,285.155,284.872,47.3132,-1.178
191400,285.15,284.872,2.21811,-1.178
191410,285.15,284.872,2.21811,-1.178
191420,284.966,284.872,4.36594,-1.178
191430,284.966,284.872,4.36594,-1.178
191440,284.966,284.872,65.4296,-1.178
191450,284.966,284.881,65.4296,-1.178
191460,284.966,284.881,65.4296,-1.178
191470,284.966,284.695,65.4296,-1.178
191480,285.062,284.695,65.4296,-1.178
191490,285.062,284.695,47.3042,-1.178
191500,285.082,284.695,47.3042,-1.178
191510,285.082,284.695,16.9403,-1.178
191520,285.082,284.695,16.9403,-1.178
191530,285.082,284.695,49.416,-1.178
191540,285.082,284.956,32.1288,-1.178
191550,285.082,283.274,32.1288,-5.42989
191560,284.494,283.274,16.3738,-3.36303
191570,284.494,283.548,54.0322,-3.36303
191580,284.156,283.548,54.0322,-3.36303
191590,283.923,283.525,54.0322,-1.178
191600,283.923,283.525,43.7245,-1.178
191610,283.923,283.525,43.7245,-1.178
191620,283.923,283.525,43.7245,-1.178
191630,283.938,283.525,47.3892,-1.178
191640,283.938,282.882,47.3892,-3.36303
191650,283.388,282.882,4.43253,-1.178
191660,283.388,282.848,4.43253,-1.178
191670,283.388,282.848,4.43253,-1.178
191680,283.388,282.848,4.43253,-1.178
191690,283.388,282.848,4.43253,-1.178
191700,282.918,282.848,23.6984,-1.178
191710,282.918,282.756,23.6984,-1.178
191720,282.848,282.756,23.6984,-1.178
191730,282.848,282.756,9.88916,-1.178
191740,283.447,282.756,9.88916,-3.36303
191750,282.693,282.401,70.3023,-1.178
191760,282.693,282.401,7.88944,-1.178
191770,282.169,282.048,7.88944,-1.178
191780,282.169,282.048,7.88944,-1.178
191790,282.169,282.048,8.58991,-1.178
191800,282.169,281.56,8.58991,-1.178
191810,282.169,281.694,8.58991,-1.178
191820,282.169,280.657,8.58991,-3.36303
191830,281.129,280.657,8.58991,-1.178
191840,281.129,280.657,8.58991,-1.178
191850,281.129,280.964,8.58991,-1.178
191860,281.129,280.964,8.58991,-1.178
191870,281.504,280.964,8.58991,-1.178
191880,282.325,280.964,25.076,-5.42989
191890,281.427,280.964,3.85974,-1.178
191900,281.427,280.964,3.85974,-1.178
191910,281.427,281.032,8.44742,-1.178
191920,281.427,281.032,8.44742,-1.178
191930,281.427,281.032,8.44742,-1.178
191940,281.427,281.032,22.4006,-1.178
191950,281.427,281.032,22.4006,-1.178
191960,281.618,281.032,17.8525,-1.178
191970,281.618,281.032,17.8525,-1.178
191980,281.426,281.032,17.8525,-1.178
191990,281.426,281.032,17.8525,-1.178
192000,281.426,281.032,8.54431,-1.178
192010,281.426,281.032,38.3483,-1.178
192020,281.335,281.032,38.3483,-1.178
192030,281.335,281.032,38.3483,-1.178
192040,281.335,281.032,38.3483,-1.178
192050,281.335,281.032,38.3483,-1.178
192060,281.365,281.179,1.89217,-1.178
192070,281.697,280.997,1.89217,-1.178
192080,281.491,280.796,1.89217,-1.178
192090,281.491,280.796,1.89217,-1.178
192100,280.967,280.796,1.89217,-1.178
192110,280.967,280.938,56.4621,-1.178
192120,280.881,280.791,42.6239,-1.178
192130,280.881,280.791,42.6239,-1.178
192140,280.881,280.791,42.6239,-1.178
192150,280.881,280.791,26.8964,-1.178
192160,280.881,280.59,26.8964,-1.178
192170,280.881,280.59,33.2239,-1.178
192180,280.881,280.59,33.2239,-1.178
192190,280.683,280.59,7.17214,-1.178
192200,281.187,280.59,7.17214,-1.178
192210,281.187,280.59,7.17214,-1.178
192220,281.187,280.59,7.17214,-1.178
192230,280.911,280.59,7.17214,-1.178
192240,280.911,280.59,7.17214,-1.178
192250,280.785,280.59,7.17214,-1.178
192260,280.785,280.59,41.531,-1.178
192270,280.785,280.397,41.531,-1.178
192280,280.785,280.397,34.2024,-1.178
192290,280.785,280.616,4.19408,-1.178
192300,280.785,280.616,55.9892,-1.178
192310,280.785,280.616,55.9892,-1.178
192320,280.785,280.616,39.6946,-1.178
192330,280.785,280.616,39.6946,-1.178
192340,280.785,280.616,39.6946,-1.178
192350,280.847,280.616,39.6946,-1.178
192360,280.847,280.474,39.6946,-1.178
192370,280.847,280.474,39.6946,-1.178
192380,280.847,280.826,19.0218,-1.178
192390,280.847,280.334,19.0218,-1.178
192400,280.847,280.792,19.0218,-1.178
192410,280.847,280.792,19.0218,-1.178
192420,280.847,280.792,46.2478,-1.178
192430,281.742,281.497,21.2512,-1.178
192440,281.742,281.497,21.2512,-1.178
192450,281.742,281.497,21.2512,-1.178
192460,281.742,281.497,21.2512,-1.178
192470,281.742,281.565,21.2512,-1.178
192480,281.742,281.565,64.0521,-1.178
192490,281.742,281.565,53.9118,-1.178
192500,281.742,281.555,54.6775,-1.178
192510,281.697,281.555,54.6775,-1.178
192520,281.843,281.555,26.5872,-1.178
192530,281.843,280.884,26.5872,-3.36303
192540,282.011,281.573,46.353,-1.178
192550,282.011,281.573,46.353,-1.178
192560,282.011,281.573,46.353,-1.178
192570,281.809,281.573,46.353,-1.178
192580,281.809,281.573,46.353,-1.178
192590,281.809,281.573,46.353,-1.178
192600,281.809,281.64,46.353,-1.178
192610,281.809,281.64,46.353,-1.178
192620,281.809,281.64,47.193,-1.178
192630,281.809,281.475,47.193,-1.178
192640,281.809,281.475,47.193,-1.178
192650,281.809,281.475,54.7886,-1.178
192660,281.809,281.732,54.7886,-1.178
192670,281.809,281.653,101.099,-1.178
192680,281.809,281.653,101.099,-1.178
192690,281.809,281.653,101.099,-1.178
192700,281.809,281.653,43.8039,-1.178
192710,281.97,281.653,43.8039,-1.178
192720,281.97,281.627,43.8039,-1.178
192730,281.97,281.659,43.8039,-1.178
192740,281.97,281.659,43.8039,-1.178
192750,281.97,281.681,8.18183,-1.178
192760,281.982,281.681,8.18183,-1.178
192770,281.982,281.318,8.18183,-1.178
192780,281.982,281.318,8.18183,-1.178
192790,281.982,281.318,8.18183,-1.178
192800,281.982,281.604,3.53384,-1.178
192810,282.222,281.604,3.53384,-1.178
192820,282.222,281.604,7.35415,-1.178
192830,281.846,281.594,7.35415,-1.178
192840,281.846,281.564,7.35415,-1.178
192850,281.846,281.564,0.546562,-1.178
192860,282.629,281.564,0.546562,-3.36303
192870,282.629,282.037,0.546562,-1.178
192880,282.562,282.302,0.546562,-1.178
192890,282.666,282.302,0.974299,-1.178
192900,282.666,282.216,0.974299,-1.178
192910,282.666,281.386,0.974299,-3.36303
192920,284.004,281.386,0.974299,-5.42989
192930,282.153,281.386,0.974299,-3.36303
192940,281.563,281.268,30.0537,-1.178
192950,281.563,281.268,30.0537,-1.178
192960,281.544,281.268,30.0537,-1.178
192970,281.544,281.268,30.0537,-1.178
192980,281.544,281.1,7.40733,-1.178
192990,281.565,281.1,11.7638,-1.178
193000,281.565,280.637,36.9638,-3.36303
193010,281.817,280.637,36.9638,-3.36303
193020,280.666,280.036,19.2539,-3.36303
193030,280.666,279.459,19.2539,-3.36303
193040,280.666,280.559,106.722,-1.178
193050,280.62,280.559,92.7559,-1.178
193060,280.62,280.559,117.026,-1.178
193070,280.62,280.559,117.026,-1.178
193080,280.62,280.559,108.501,-1.178
193090,280.62,280.559,0.575646,-1.178
193100,280.62,280.559,100.381,-1.178
193110,280.62,280.559,6.30367,-1.178
193120,280.62,280.559,6.30367,-1.178
193130,280.62,280.559,6.30367,-1.178
193140,280.74,280.559,6.30367,-1.178
193150,280.74,280.559,96.5929,-1.178
193160,280.746,280.559,96.5929,-1.178
193170,280.746,280.559,96.5929,-1.178
193180,280.746,280.559,96.5929,-1.178
193190,280.599,280.559,65.4406,-1.178
193200,280.598,280.559,65.4406,-1.178
193210,280.598,280.559,65.4406,-1.178
193220,280.598,280.559,15.1137,-1.178
193230,280.598,280.559,15.1137,-1.178
193240,280.598,280.559,38.7093,-1.178
193250,280.598,280.559,80.3085,-1.178
193260,281.23,280.559,3.03151,-1.178
193270,281.23,281.151,3.03151,-1.178
193280,281.23,281.121,78.0121,-1.178
193290,281.23,281.121,78.0121,-1.178
193300,281.229,281.121,78.0121,-1.178
193310,281.229,281.121,107.934,-1.178
193320,281.343,281.121,80.0112,-1.178
193330,281.343,281.121,80.0112,-1.178
193340,281.343,281.121,58.0759,-1.178
193350,281.343,281.121,58.0759,-1.178
193360,281.343,281.121,11.9568,-1.178
193370,281.338,281.121,11.9568,-1.178
193380,281.244,281.121,91.0719,-1.178
193390,281.244,281.121,91.0719,-1.178
193400,281.244,281.121,91.0719,-1.178
193410,281.244,281.121,91.0719,-1.178
193420,281.244,281.121,91.0719,-1.178
193430,281.244,281.121,91.0719,-1.178
193440,281.211,281.121,47.3616,-1.178
193450,281.211,281.121,77.5701,-1.178
193460,281.291,281.121,77.5701,-1.178
193470,281.291,281.121,77.5701,-1.178
193480,281.291,281.121,30.8459,-1.178
193490,281.291,280.831,30.8459,-1.178
193500,281.31,280.831,30.8459,-1.178
193510,281.31,280.831,30.8459,-1.178
193520,280.962,280.853,30.8459,-1.178
193530,281.136,280.853,30.8459,-1.178
193540,280.855,280.853,30.8459,-1.178
193550,280.855,280.762,30.8459,-1.178
193560,281.476,278.985,30.8459,-7.49676
193570,280.596,278.543,114.764,-7.49676
193580,279.272,278.284,38.7718,-3.36303
193590,279.272,278.284,36.0348,-3.36303
193600,279.272,278.684,36.0348,-3.36303
193610,279.272,278.684,6.22853,-1.178
193620,278.717,278.684,6.22853,-1.178
193630,278.945,278.27,6.22853,-1.178
193640,278.832,278.27,7.24486,-1.178
193650,278.832,278.27,28.7217,-1.178
193660,278.832,278.27,28.7217,-1.178
193670,278.548,278.27,28.7217,-1.178
193680,278.35,278.27,28.7217,-1.178
193690,278.35,278.27,28.7217,-1.178
193700,278.35,277.787,28.7217,-1.178
193710,278.269,277.787,28.7217,-1.178
193720,278.269,277.787,19.7233,-1.178
193730,278.269,277.658,19.7233,-1.178
193740,278.269,276.951,19.7233,-3.36303
193750,277.161,276.264,19.7233,-3.36303
193760,277.161,276.288,19.7233,-3.36303
193770,277.161,276.288,19.7233,-3.36303
193780,277.389,276.192,19.7233,-3.36303
193790,276.983,276.237,19.7233,-3.36303
193800,277.186,276.266,19.7233,-3.36303
193810,277.604,276.266,19.7233,-3.36303
193820,277.2,276.39,19.7233,-3.36303
193830,276.56,276.39,19.7233,-1.178
193840,276.924,276.39,29.3904,-1.178
193850,276.924,276.39,29.3904,-1.178
193860,276.924,276.39,29.3904,-1.178
193870,276.924,275.975,1.34206,-3.36303
193880,276.802,275.975,1.34206,-3.36303
193890,276.855,276.793,52.8295,-1.178
193900,276.855,276.793,52.8295,-1.178
193910,276.978,276.793,39.7576,-1.178
193920,276.978,276.793,46.5013,-1.178
193930,276.978,276.793,10.215,-1.178
193940,276.978,276.793,10.215,-1.178
193950,276.978,276.912,93.362,-1.178
193960,276.978,276.912,22.9746,-1.178
193970,277.137,276.912,22.9746,-1.178
193980,277.137,276.912,11.8831,-1.178
193990,277.329,276.944,24.3873,-1.178
194000,277.329,276.944,24.3873,-1.178
194010,277.329,276.807,24.3873,-1.178
194020,277.853,277.292,19.3549,-1.178
194030,277.853,277.334,19.3549,-1.178
194040,277.853,277.334,19.3549,-1.178
194050,277.853,277.544,46.697,-1.178
194060,277.853,277.544,46.697,-1.178
194070,277.853,277.544,46.697,-1.178
194080,277.853,277.544,42.6308,-1.178
194090,277.853,277.544,42.6308,-1.178
194100,277.853,277.353,42.6308,-3.36303
194110,277.853,277.353,99.2926,-5.42989
194120,277.853,277.754,99.2926,-1.178
194130,277.853,277.754,99.2926,-1.178
194140,277.795,277.754,86.5596,-1.178
194150,277.795,277.754,36.138,-1.178
194160,277.888,277.754,72.7988,-1.178
194170,277.888,277.754,72.7988,-1.178
194180,278.417,277.92,72.7988,-3.36303
194190,278.417,277.92,50.0235,-3.36303
194200,278.417,277.92,50.0235,-3.36303
194210,278.417,277.119,50.0235,-5.42989
194220,278.738,277.119,50.0235,-5.42989
194230,278.738,278.723,50.0235,-1.178
194240,277.971,277.765,50.0235,-1.178
194250,277.971,277.765,34.8464,-1.178
194260,277.971,277.765,85.6126,-1.178
194270,277.971,277.765,85.6126,-1.178
194280,277.971,277.765,93.1115,-1.178
194290,277.971,277.765,93.1115,-1.178
194300,277.971,277.765,93.1115,-1.178
194310,277.971,277.773,93.1115,-1.178
194320,277.987,277.773,93.1115,-1.178
194330,277.987,277.773,93.1115,-1.178
194340,277.987,277.773,19.301,-1.178
194350,279.199,277.773,19.301,-5.42989
194360,278.502,277.773,54.099,-3.36303
194370,278.502,277.773,15.236,-3.36303
194380,278.502,277.773,15.236,-3.36303
194390,278.502,277.655,15.236,-3.36303
194400,278.502,278.046,15.236,-1.178
194410,278.502,278.046,15.236,-1.178
194420,278.764,278.046,15.236,-3.36303
194430,278.15,278.046,15.236,-1.178
194440,278.15,278.046,15.236,-1.178
194450,278.15,278.046,21.5228,-1.178
194460,278.15,278.046,4.74682,-1.178
194470,279.023,278.046,4.74682,-3.36303
194480,278.577,278.046,4.74682,-1.178
194490,278.577,278.046,14.2443,-1.178
194500,278.577,278.046,18.8935,-1.178
194510,278.39,278.046,42.631,-1.178
194520,278.392,278.046,41.8971,-1.178
194530,278.392,278.383,126.404,-1.178
194540,278.392,278.383,53.7673,-1.178
194550,278.392,278.383,53.7673,-1.178
194560,278.392,278.383,16.6477,-1.178
194570,278.878,278.383,16.6477,-1.178
194580,279.169,278.221,47.59,-3.36303
194590,279.305,278.168,2.50789,-3.36303
194600,278.338,278.168,2.50789,-1.178
194610,278.338,278.168,2.50789,-1.178
194620,278.338,278.168,2.50789,-1.178
194630,278.471,278.168,2.50789,-1.178
194640,278.471,278.168,2.50789,-1.178
194650,278.471,278.168,2.50789,-1.178
194660,278.509,278.168,2.50789,-1.178
194670,278.785,278.168,2.50789,-1.178
194680,278.785,277.715,23.6941,-3.36303
194690,278.785,277.953,23.6941,-3.36303
194700,278.785,277.953,12.7814,-3.36303
194710,278.251,277.948,38.5747,-1.178
194720,278.251,278.038,38.5747,-1.178
194730,278.252,277.337,27.6144,-3.36303
194740,278.252,277.854,27.6144,-1.178
194750,278.252,277.854,0.086656,-1.178
194760,277.972,277.854,16.0152,-1.178
194770,278.252,278.177,16.0152,-1.178
194780,278.252,278.177,16.0152,-1.178
194790,278.252,278.246,16.0152,-1.178
194800,278.42,278.246,27.6333,-1.178
194810,278.346,278.246,27.6333,-1.178
194820,278.346,278.246,27.6333,-1.178
194830,278.346,278.246,27.6333,-1.178
194840,278.432,278.064,27.6333,-1.178
194850,278.432,278.064,41.8746,-1.178
194860,278.432,278.064,1.99411,-1.178
194870,278.167,278.064,1.99411,-1.178
194880,278.167,278.064,1.99411,-1.178
194890,278.167,277.716,12.0472,-1.178
194900,278.129,277.716,12.0472,-1.178
194910,278.129,277.683,12.0472,-1.178
194920,278.128,277.683,32.2415,-1.178
194930,278.128,277.683,32.2415,-1.178
194940,278.128,277.683,32.2415,-1.178
194950,277.812,277.683,32.2415,-1.178
194960,277.812,277.683,32.2415,-1.178
194970,278.134,277.683,32.2415,-1.178
194980,278.134,277.683,32.2415,-1.178
194990,278.134,277.683,22.59,-1.178
195000,278.186,277.683,22.59,-1.178
195010,278.186,277.893,22.59,-1.178
195020,278.559,277.893,22.59,-3.36303
195030,278.559,277.893,43.7211,-3.36303
195040,278.559,277.893,43.7211,-3.36303
195050,278.559,277.893,31.2246,-3.36303
195060,278.559,278.21,31.2246,-1.178
195070,278.559,278.21,85.1709,-3.36303
195080,278.559,278.315,85.1709,-1.178
195090,278.559,278.405,85.1709,-1.178
195100,278.559,278.405,85.1709,-1.178
195110,278.559,278.405,91.9361,-1.178
195120,278.529,278.405,91.9361,-1.178
195130,278.529,278.405,91.9361,-1.178
195140,278.529,278.405,91.9361,-1.178
195150,278.529,278.405,91.9361,-1.178
195160,278.529,278.431,65.5375,-1.178
195170,279.437,278.431,65.5375,-5.42989
195180,278.539,278.3,65.5375,-1.178
195190,278.539,278.3,65.5375,-1.178
195200,278.539,278.3,65.5375,-1.178
195210,278.539,278.3,65.5375,-1.178
195220,278.539,278.22,65.5375,-1.178
195230,278.539,278.22,65.5375,-1.178
195240,278.539,278.22,65.5375,-1.178
195250,278.586,278.22,53.1532,-1.178
195260,278.586,278.2,53.1532,-1.178
195270,278.586,278.369,67.9048,-1.178
195280,278.723,278.369,11.7056,-1.178
195290,278.532,278.369,11.7056,-1.178
195300,278.915,278.369,11.7056,-1.178
195310,278.915,278.369,11.7056,-1.178
195320,278.915,278.369,11.7056,-1.178
195330,278.54,278.369,17.3595,-1.178
195340,278.918,278.369,12.4502,-1.178
195350,279.036,278.533,12.4502,-1.178
195360,279.036,278.901,12.4502,-1.178
195370,279.036,278.901,12.4502,-1.178
195380,279.649,278.901,12.4502,-3.36303
195390,279.437,279.255,12.4502,-1.178
195400,279.323,279.255,12.4502,-1.178
195410,279.323,278.912,23.3939,-1.178
195420,279.323,278.912,23.3939,-1.178
195430,279.323,279.169,48.8504,-1.178
195440,279.496,279.169,48.8504,-1.178
195450,279.496,279.169,45.6434,-1.178
195460,279.401,279.288,103.845,-1.178
195470,279.401,279.288,103.845,-1.178
195480,279.401,279.288,103.845,-1.178
195490,279.401,279.288,83.2199,-1.178
195500,279.401,279.288,83.2199,-1.178
195510,279.401,279.288,83.2199,-1.178
195520,279.401,279.288,83.2199,-1.178
195530,279.401,279.288,66.4241,-1.178
195540,279.401,279.288,66.4241,-1.178
195550,279.401,279.288,66.4241,-1.178
195560,279.527,279.288,76.45,-1.178
195570,279.668,279.387,71.828,-1.178
195580,279.668,279.387,60.7948,-1.178
195590,279.668,279.387,78.4609,-1.178
195600,279.668,279.387,58.5766,-1.178
195610,279.668,279.387,58.5766,-1.178
195620,279.668,279.387,58.5766,-1.178
195630,279.668,279.387,58.5766,-1.178
195640,279.668,279.387,58.5766,-1.178
195650,279.668,279.387,34.8388,-1.178
195660,279.668,279.222,34.8388,-1.178
195670,279.668,279.222,34.8388,-1.178
195680,279.668,279.222,34.8388,-1.178
195690,279.668,279.222,34.8388,-1.178
195700,279.829,279.222,10.3343,-1.178
195710,279.829,279.417,10.3343,-1.178
195720,279.829,279.417,10.3343,-1.178
195730,279.829,279.417,34.3156,-1.178
195740,279.829,279.417,34.3156,-1.178
195750,279.829,279.417,36.1284,-1.178
195760,279.829,279.417,36.1284,-1.178
195770,279.829,279.417,81.9619,-3.36303
195780,279.829,279.417,81.9619,-3.36303
195790,279.899,279.417,44.1975,-1.178
195800,280.018,279.417,14.6315,-1.178
195810,280.112,280.008,95.6027,-1.178
195820,280.112,279.977,40.1856,-1.178
195830,280.112,279.977,40.1856,-1.178
195840,280.112,279.977,20.4401,-1.178
195850,280.112,279.878,20.4401,-1.178
195860,280.112,279.878,20.4401,-1.178
195870,280.189,279.878,7.6273,-1.178
195880,280.537,279.871,7.6273,-1.178
195890,280.537,279.871,7.6273,-1.178
195900,280.058,279.871,7.6273,-1.178
195910,280.68,280.096,7.6273,-1.178
195920,280.68,280.096,7.6273,-1.178
195930,280.68,280.096,7.6273,-1.178
195940,280.512,280.096,7.6273,-1.178
195950,280.512,280.096,7.6273,-1.178
195960,280.512,279.59,56.5835,-3.36303
195970,280.512,279.59,52.5846,-3.36303
195980,280.363,279.59,52.5846,-3.36303
195990,279.858,279.645,52.5846,-1.178
196000,280.034,279.645,52.5846,-1.178
196010,280.034,279.963,52.5846,-1.178
196020,280.062,279.963,52.5846,-1.178
196030,280.062,279.963,48.3474,-1.178
196040,280.062,279.963,48.3474,-1.178
196050,280.986,280.017,48.3474,-3.36303
196060,280.561,280.454,48.3474,-1.178
196070,280.746,280.454,48.3474,-1.178
196080,280.879,280.454,48.3474,-1.178
196090,280.912,280.454,48.3474,-1.178
196100,280.912,280.454,48.3474,-1.178
196110,280.912,280.454,48.3474,-1.178
196120,280.569,280.454,48.3474,-1.178
196130,280.569,280.454,74.5324,-1.178
196140,280.569,280.454,21.8056,-1.178
196150,280.677,280.454,14.7422,-1.178
196160,280.677,280.275,29.3837,-1.178
196170,280.677,280.275,92.6317,-3.36303
196180,280.722,280.275,4.23039,-1.178
196190,280.951,280.871,4.23039,-1.178
196200,280.913,280.787,60.5177,-1.178
196210,280.913,280.787,56.5435,-1.178
196220,280.89,280.787,56.5435,-1.178
196230,281.026,280.787,56.5435,-1.178
196240,281.026,280.787,56.5435,-1.178
196250,281.026,280.787,56.5435,-1.178
196260,281.026,280.787,56.5435,-1.178
196270,281.026,280.787,56.5435,-1.178
196280,281.026,280.787,56.5435,-1.178
196290,281.54,280.614,26.6801,-3.36303
196300,281.199,280.614,26.6801,-3.36303
196310,281.199,280.614,55.8019,-3.36303
196320,281.199,280.614,10.7999,-1.178
196330,281.199,280.614,10.7999,-1.178
196340,281.199,280.614,11.536,-1.178
196350,282.372,280.977,11.536,-3.36303
196360,281.338,280.977,11.536,-1.178
196370,281.338,280.977,42.9188,-1.178
196380,281.062,280.71,42.9188,-1.178
196390,280.726,280.71,134.521,-3.36303
196400,280.726,280.71,121.571,-1.178
196410,280.726,280.71,56.9903,-1.178
196420,280.726,280.71,56.9903,-1.178
196430,280.726,280.71,56.9903,-1.178
196440,280.726,280.71,56.9903,-1.178
196450,280.74,280.71,56.9903,-1.178
196460,280.74,280.61,47.5046,-1.178
196470,280.74,280.61,47.5046,-1.178
196480,280.74,280.61,47.5046,-1.178
196490,280.79,280.61,47.5046,-1.178
196500,280.79,280.286,47.5046,-3.36303
196510,280.79,280.659,47.5046,-1.178
196520,280.79,280.659,3.08019,-1.178
196530,280.79,280.659,3.08019,-1.178
196540,280.79,280.659,3.08019,-1.178
196550,280.79,280.659,3.08019,-1.178
196560,280.79,280.282,3.08019,-1.178
196570,280.88,280.282,3.08019,-1.178
196580,280.938,280.035,3.08019,-3.36303
196590,281.367,279.823,3.08019,-3.36303
196600,279.949,279.829,57.9956,-1.178
196610,280.761,279.829,57.9956,-3.36303
196620,281.707,279.829,57.9956,-7.49676
196630,281.707,279.137,106.576,-7.49676
196640,279.945,279.485,111.501,-5.42989
196650,279.811,279.485,52.3381,-1.178
196660,279.905,279.485,52.3381,-1.178
196670,280.316,279.485,52.3381,-3.36303
196680,280.316,280.246,52.3381,-1.178
196690,280.316,280.246,84.6137,-1.178
196700,280.316,280.246,84.6137,-1.178
196710,280.316,280.211,84.6137,-1.178
196720,280.316,280.211,84.6137,-1.178
196730,280.316,280.211,84.6137,-1.178
196740,280.316,280.088,84.6137,-1.178
196750,280.316,280.088,84.6137,-1.178
196760,280.316,280.088,84.6137,-1.178
196770,280.316,280.088,84.6137,-1.178
196780,280.316,280.088,84.6137,-1.178
196790,280.316,280.088,84.6137,-1.178
196800,280.316,280.098,61.9627,-1.178
196810,280.316,280.098,61.9627,-1.178
196820,280.316,280.098,61.9627,-1.178
196830,280.165,280.098,77.4951,-1.178
196840,280.165,280.098,83.8029,-1.178
196850,280.165,280.098,92.7492,-1.178
196860,280.165,280.098,42.4286,-1.178
196870,280.165,280.098,0.414059,-1.178
196880,280.165,280.113,0.414059,-1.178
196890,280.165,280.113,53.3003,-1.178
196900,280.165,280.113,53.3003,-1.178
196910,280.165,280.113,53.3003,-1.178
196920,280.165,280.113,53.3003,-1.178
196930,280.165,280.113,52.6481,-1.178
196940,280.215,279.925,52.6481,-1.178
196950,280.369,280.172,52.6481,-1.178
196960,280.369,280.279,52.6481,-1.178
196970,280.369,280.279,57.8756,-1.178
196980,280.369,280.279,57.8756,-1.178
196990,280.369,280.279,57.8756,-1.178
197000,280.676,280.279,57.8756,-1.178
197010,280.676,280.279,57.8756,-1.178
197020,280.676,280.279,57.8756,-1.178
197030,280.676,280.279,57.8756,-1.178
197040,280.676,280.279,57.8756,-1.178
197050,280.292,280.279,57.8756,-1.178
197060,280.292,280.279,57.8756,-1.178
197070,280.292,280.279,55.1214,-1.178
197080,280.617,280.279,119.091,-5.42989
197090,280.617,280.279,19.7252,-1.178
197100,280.438,280.279,72.2665,-1.178
197110,280.438,280.279,74.879,-1.178
197120,280.492,280.279,74.879,-1.178
197130,280.492,280.279,77.3782,-1.178
197140,280.492,280.279,77.3782,-1.178
197150,280.492,280.279,77.3782,-1.178
197160,280.492,280.279,114.017,-3.36303
197170,280.492,280.279,114.017,-3.36303
197180,280.492,280.279,23.0658,-1.178
197190,280.605,280.296,7.99982,-1.178
197200,281.457,280.296,25.2105,-3.36303
197210,280.455,280.296,37.4256,-1.178
197220,280.455,280.296,5.24004,-1.178
197230,280.455,280.296,5.24004,-1.178
197240,280.933,280.277,5.24004,-1.178
197250,280.933,280.277,5.24004,-1.178
197260,281.229,280.277,5.24004,-3.36303
197270,280.417,280.277,5.24004,-1.178
197280,280.417,280.277,4.3953,-1.178
197290,280.417,280.277,4.3953,-1.178
197300,280.805,280.277,4.3953,-1.178
197310,280.596,280.277,4.3953,-1.178
197320,280.596,280.277,79.9811,-3.36303
197330,280.773,280.277,28.6281,-1.178
197340,280.773,280.277,28.6281,-1.178
197350,280.773,280.277,28.6281,-1.178
197360,280.773,280.277,4.65317,-1.178
197370,280.773,280.277,4.65317,-1.178
197380,280.444,280.231,42.0719,-1.178
197390,280.444,280.231,23.0861,-1.178
197400,280.444,280.256,75.9536,-1.178
197410,280.444,280.256,75.9536,-1.178
197420,280.334,280.256,75.9536,-1.178
197430,280.334,280.256,75.9536,-1.178
197440,280.334,280.256,75.9536,-1.178
197450,280.554,280.256,75.9536,-1.178
197460,280.554,280.256,75.9536,-1.178
197470,280.554,280.256,35.0508,-1.178
197480,280.554,280.387,107.052,-3.36303
197490,280.569,280.387,62.6877,-1.178
197500,280.569,280.387,62.6877,-1.178
197510,280.569,280.238,62.6877,-1.178
197520,280.569,280.238,62.6877,-1.178
197530,280.569,280.238,62.6877,-1.178
197540,280.569,280.238,62.6877,-1.178
197550,280.464,280.238,62.6877,-1.178
197560,280.464,280.238,62.6877,-1.178
197570,280.464,280.238,34.487,-1.178
197580,280.464,280.238,42.7593,-1.178
197590,280.464,280.238,76.5165,-1.178
197600,280.464,280.238,76.5165,-1.178
197610,280.464,280.238,76.5165,-1.178
197620,280.464,280.238,76.5165,-1.178
197630,280.464,280.238,76.5165,-1.178
197640,280.464,280.238,76.5165,-1.178
197650,280.464,280.238,76.5165,-1.178
197660,280.464,280.453,73.423,-1.178
197670,280.464,280.453,73.423,-1.178
197680,280.464,280.453,73.423,-1.178
197690,280.464,280.453,73.423,-1.178
197700,280.464,280.453,81.2304,-1.178
197710,280.464,280.453,81.2304,-1.178
197720,280.464,280.453,81.2304,-1.178
197730,280.464,280.453,31.7978,-1.178
197740,280.464,280.453,7.77693,-1.178
197750,280.51,280.453,7.77693,-1.178
197760,280.51,280.453,7.77693,-1.178
197770,280.51,280.453,5.59362,-1.178
197780,280.68,280.453,5.59362,-1.178
197790,280.78,280.559,49.7798,-1.178
197800,280.78,280.559,37.7759,-1.178
197810,280.78,280.272,37.7759,-1.178
197820,280.78,280.733,37.7759,-1.178
197830,282.41,280.733,37.7759,-5.42989
197840,282.028,280.733,37.7759,-5.42989
197850,281.582,280.777,51.4909,-3.36303
197860,281.582,280.777,51.4909,-3.36303
197870,281.582,281.093,51.4909,-3.36303
197880,281.48,281.471,51.4909,-1.178
197890,281.48,281.384,51.4909,-1.178
197900,281.48,281.384,41.5033,-1.178
197910,281.48,281.384,70.3402,-1.178
197920,281.48,281.384,59.0488,-1.178
197930,281.48,281.384,74.427,-1.178
197940,281.48,281.281,74.427,-1.178
197950,281.3,281.281,74.427,-1.178
197960,281.3,281.281,106.679,-1.178
197970,281.3,281.281,60.0491,-1.178
197980,281.3,281.281,60.0491,-1.178
197990,281.3,281.281,51.1673,-1.178
198000,281.3,281.281,90.7325,-1.178
198010,281.3,281.281,13.7035,-1.178
198020,281.3,281.281,53.5171,-1.178
198030,281.733,281.281,3.68992,-1.178
198040,281.733,279.901,37.5158,-5.42989
198050,281.733,279.892,44.9418,-5.42989
198060,281.59,281.012,44.9418,-3.36303
198070,281.59,281.012,2.04759,-1.178
198080,281.59,281.012,2.04759,-1.178
198090,281.59,281.06,2.04759,-1.178
198100,282.32,279.586,2.04759,-5.42989
198110,282.256,279.586,2.04759,-5.42989
198120,281.597,281.417,2.04759,-1.178
198130,282.077,281.417,2.04759,-1.178
198140,282.077,281.65,2.04759,-1.178
198150,281.816,281.65,2.04759,-1.178
198160,281.816,281.65,2.04759,-1.178
198170,282.191,281.65,10.9317,-1.178
198180,282.191,281.65,18.2868,-1.178
198190,281.902,281.65,18.2868,-1.178
198200,281.902,281.368,18.2868,-1.178
198210,282.73,282.124,18.2868,-1.178
198220,282.724,282.124,18.2868,-1.178
198230,282.724,282.124,18.2868,-1.178
198240,282.439,282.309,60.616,-1.178
198250,282.439,282.309,60.616,-1.178
198260,282.439,282.309,63.7798,-1.178
198270,282.439,282.309,4.61,-1.178
198280,282.9,282.309,4.61,-1.178
198290,282.9,282.665,4.61,-1.178
198300,282.877,282.665,4.61,-1.178
198310,283.028,282.665,4.61,-1.178
198320,284.051,282.665,4.61,-3.36303
198330,284.051,282.665,4.61,-3.36303
198340,283.388,283.159,19.1793,-1.178
198350,283.388,283.159,77.94,-1.178
198360,283.305,283.159,77.94,-1.178
198370,283.305,283.292,52.6583,-1.178
198380,283.474,283.3,92.1476,-1.178
198390,283.474,283.3,92.1476,-1.178
198400,283.424,283.3,90.3633,-1.178
198410,283.424,283.366,90.3633,-1.178
198420,283.424,283.366,90.3633,-1.178
198430,283.424,283.366,90.3633,-1.178
198440,283.424,283.366,90.3633,-1.178
198450,283.424,283.111,90.3633,-3.36303
198460,283.424,283.111,90.3633,-3.36303
198470,283.543,283.111,90.3633,-3.36303
198480,283.309,283.111,90.3633,-1.178
198490,283.309,283.111,5.41884,-1.178
198500,283.465,283.15,5.41884,-1.178
198510,283.184,283.15,5.41884,-1.178
198520,283.184,283.15,127.454,-1.178
198530,283.184,283.15,127.454,-1.178
198540,283.184,283.15,127.454,-1.178
198550,283.184,283.15,127.454,-1.178
198560,283.184,283.15,127.454,-1.178
198570,283.184,283.15,105.931,-1.178
198580,283.184,283.15,105.931,-1.178
198590,283.184,283.15,105.931,-1.178
198600,283.184,283.15,105.931,-1.178
198610,283.184,283.15,59.2079,-1.178
198620,283.431,283.16,104.171,-3.36303
198630,283.431,283.172,104.171,-3.36303
198640,283.431,283.172,16.7889,-1.178
198650,283.431,283.172,16.7889,-1.178
198660,283.431,283.172,61.7342,-1.178
198670,283.393,283.172,61.7342,-1.178
198680,283.393,283.172,61.7342,-1.178
198690,283.393,283.368,7.84537,-1.178
198700,283.393,283.368,7.84537,-1.178
198710,283.393,282.989,7.84537,-1.178
198720,283.119,283.08,7.84537,-1.178
198730,283.119,283.08,7.84537,-1.178
198740,284.3,282.875,7.84537,-3.36303
198750,284.441,283.1,7.84537,-3.36303
198760,284.441,283.1,7.84537,-3.36303
198770,284.234,283.1,5.64462,-3.36303
198780,284.234,283.1,34.5562,-3.36303
198790,284.234,283.1,34.5562,-3.36303
198800,284.388,284.182,34.5562,-1.178
198810,284.585,284.337,34.5562,-1.178
198820,284.585,284.337,34.5562,-1.178
198830,284.585,284.337,34.5562,-1.178
198840,284.585,284.337,34.5562,-1.178
198850,284.585,284.337,31.1385,-1.178
198860,284.812,284.337,31.1385,-1.178
198870,284.495,284.337,31.1385,-1.178
198880,284.495,284.337,31.1385,-1.178
198890,284.495,284.337,31.1385,-1.178
198900,284.495,283.954,31.1385,-1.178
198910,284.495,283.954,31.1385,-1.178
198920,284.453,283.954,25.4581,-1.178
198930,284.453,283.954,25.4581,-1.178
198940,284.462,284.42,25.4581,-1.178
198950,284.983,284.42,25.4581,-1.178
198960,286.356,284.493,25.4581,-5.42989
198970,286.348,285.115,25.4581,-3.36303
198980,286.305,286.021,25.4581,-1.178
198990,286.305,286.061,35.947,-1.178
199000,286.305,286.061,35.947,-1.178
199010,286.305,286.061,72.1847,-1.178
199020,286.305,286.215,72.1847,-1.178
199030,286.305,286.215,72.1847,-1.178
199040,286.305,286.031,3.11578,-1.178
199050,286.454,286.031,3.11578,-1.178
199060,286.73,286.512,3.11578,-1.178
199070,286.73,286.512,93.3382,-1.178
199080,286.676,286.512,93.3382,-1.178
199090,286.676,286.512,93.3382,-1.178
199100,286.676,286.512,93.3382,-1.178
199110,286.676,286.512,75.8494,-1.178
199120,286.676,286.512,9.84138,-1.178
199130,286.676,286.512,9.84138,-1.178
199140,286.676,286.512,9.84138,-1.178
199150,286.676,286.512,4.7689,-1.178
199160,286.676,286.11,4.7689,-1.178
199170,286.676,286.11,25.5678,-1.178
199180,286.203,285.807,25.5678,-1.178
199190,286.203,285.807,25.5678,-1.178
199200,286.203,285.807,25.5678,-1.178
199210,286.203,285.807,25.5678,-1.178
199220,285.76,285.681,0.613379,-1.178
199230,285.923,285.681,0.613379,-1.178
199240,285.923,285.681,33.6097,-1.178
199250,285.923,285.681,69.3565,-1.178
199260,285.923,285.681,66.7267,-1.178
199270,285.923,285.681,1.39147,-1.178
199280,285.923,285.681,51.7562,-1.178
199290,285.923,285.681,88.2337,-1.178
199300,285.923,285.681,88.2337,-1.178
199310,285.923,285.681,88.2337,-1.178
199320,285.923,285.82,88.2337,-1.178
199330,285.923,285.82,100.651,-1.178
199340,285.923,285.82,100.651,-1.178
199350,285.923,285.82,100.651,-1.178
199360,285.923,285.82,100.651,-1.178
199370,285.923,285.82,44.4457,-1.178
199380,285.923,285.82,44.4457,-1.178
199390,285.923,285.82,44.4457,-1.178
199400,285.923,285.82,44.4457,-1.178
199410,285.923,285.82,44.4457,-1.178
199420,286.433,285.82,44.4457,-3.36303
199430,286.242,286.109,9.78536,-1.178
199440,286.161,286.109,101.691,-1.178
199450,286.161,286.131,101.691,-1.178
199460,286.604,286.131,31.5439,-1.178
199470,286.604,286.131,31.5439,-1.178
199480,286.604,286.131,8.79291,-1.178
199490,286.604,286.131,8.79291,-1.178
199500,286.708,286.131,8.79291,-1.178
199510,286.708,286.131,6.70523,-1.178
199520,286.708,286.482,6.70523,-1.178
199530,286.708,286.143,6.70523,-1.178
199540,286.763,286.278,6.70523,-1.178
199550,286.531,285.615,6.70523,-3.36303
199560,286.013,285.54,6.70523,-1.178
199570,286.013,285.54,6.70523,-1.178
199580,286.013,285.54,6.70523,-1.178
199590,286.013,285.54,41.7767,-1.178
199600,286.013,285.54,3.60704,-1.178
199610,286.013,285.54,3.60704,-1.178
199620,286.013,285.54,3.60704,-1.178
199630,286.013,285.684,3.60704,-1.178
199640,286.013,285.684,38.0841,-1.178
199650,285.838,285.684,38.0841,-1.178
199660,285.838,285.684,14.1136,-1.178
199670,285.838,285.684,14.1136,-1.178
199680,285.838,285.684,96.2513,-1.178
199690,285.86,285.684,63.1552,-1.178
199700,285.93,285.756,63.1552,-1.178
199710,285.76,285.716,53.5564,-1.178
199720,285.76,285.716,53.5564,-1.178
199730,285.76,285.716,68.0119,-1.178
199740,285.76,285.716,31.1544,-1.178
199750,285.76,285.716,49.7891,-1.178
199760,285.76,285.716,49.7891,-1.178
199770,285.76,285.716,112.566,-1.178
199780,285.76,285.716,112.566,-1.178
199790,285.76,285.716,24.6922,-1.178
199800,285.76,285.338,24.6922,-1.178
199810,286.037,285.864,24.6922,-1.178
199820,286.037,285.864,44.9054,-1.178
199830,286.037,285.864,43.9674,-1.178
199840,286.037,285.864,50.1426,-1.178
199850,286.23,285.864,50.1426,-1.178
199860,286.23,285.864,50.1426,-1.178
199870,286.303,286.184,46.4321,-1.178
199880,286.303,285.518,46.4321,-3.36303
199890,286.303,285.967,46.4321,-1.178
199900,286.303,285.967,46.4321,-1.178
199910,286.303,286.098,46.4321,-1.178
199920,286.303,286.126,46.4321,-1.178
199930,286.303,286.126,46.4321,-1.178
199940,286.707,286.126,8.3658,-1.178
199950,286.707,286.126,8.3658,-1.178
199960,286.421,286.126,8.3658,-1.178
199970,286.421,286.364,8.3658,-1.178
199980,286.52,285.996,4.05951,-1.178
199990,286.258,285.996,4.05951,-1.178
200000,286.258,286.158,93.5326,-1.178
200010,286.258,286.158,93.5326,-1.178
200020,286.258,286.192,93.5326,-1.178
200030,286.258,286.192,51.9824,-1.178
200040,286.258,286.192,98.1402,-1.178
200050,286.258,286.192,98.1402,-1.178
200060,286.258,286.174,98.1402,-1.178
200070,286.258,286.174,98.1402,-1.178
200080,286.258,286.174,98.1402,-1.178
200090,286.258,286.174,32.9583,-1.178
200100,286.258,286.084,27.7819,-1.178
200110,286.258,286.084,27.7819,-1.178
200120,286.431,285.93,16.2321,-1.178
200130,286.47,285.93,16.2321,-1.178
200140,286.009,285.93,16.2321,-1.178
200150,286.009,285.93,103.464,-1.178
200160,286.009,285.93,103.464,-1.178
200170,286.009,285.953,10.9299,-1.178
200180,286.228,285.885,10.9299,-1.178
200190,286.228,285.885,10.9299,-1.178
200200,286.266,285.885,10.9299,-1.178
200210,286.266,285.885,10.9299,-1.178
200220,286.266,286.229,112.661,-1.178
200230,286.266,286.229,112.661,-1.178
200240,286.266,286.229,112.661,-1.178
200250,286.266,286.229,112.661,-1.178
200260,286.266,286.229,112.661,-1.178
200270,286.39,286.229,14.8267,-1.178
200280,286.258,286.229,14.8267,-1.178
200290,285.986,285.922,8.43426,-1.178
200300,285.425,285.268,103.49,-1.178
200310,285.425,285.268,105.078,-1.178
200320,285.425,285.268,90.6126,-1.178
200330,285.425,285.268,90.6126,-1.178
200340,285.425,285.268,91.7739,-1.178
200350,285.425,285.305,91.7739,-1.178
200360,285.425,285.305,91.7739,-1.178
200370,285.449,285.305,91.7739,-1.178
200380,285.375,285.305,105.521,-1.178
200390,285.375,285.305,105.521,-1.178
200400,285.375,285.305,24.8461,-1.178
200410,285.375,285.305,117.399,-1.178
200420,285.375,285.305,117.399,-1.178
200430,285.375,285.305,117.399,-1.178
200440,285.375,285.334,34.5854,-1.178
200450,285.375,285.141,81.2168,-1.178
200460,285.375,285.141,81.2168,-1.178
200470,285.375,285.141,81.2168,-1.178
200480,285.375,285.141,61.6785,-1.178
200490,285.257,285.141,61.6785,-1.178
200500,285.448,284.733,33.9069,-3.36303
200510,285.667,284.733,33.9069,-3.36303
200520,285.667,284.733,33.9069,-3.36303
200530,285.042,284.733,28.2188,-1.178
200540,285.042,284.733,28.2188,-1.178
200550,285.042,284.733,28.2188,-1.178
200560,285.042,284.727,32.7883,-1.178
200570,284.759,284.727,32.7883,-1.178
200580,284.759,284.727,19.5541,-1.178
200590,284.759,284.727,19.5541,-1.178
200600,284.759,284.727,19.5541,-1.178
200610,285.318,284.727,19.5541,-1.178
200620,285.282,284.727,19.5541,-1.178
200630,285.134,284.727,19.5541,-1.178
200640,285.134,284.727,33.7333,-1.178
200650,284.931,284.916,32.2707,-1.178
200660,284.931,284.916,32.2707,-1.178
200670,284.931,284.916,77.0705,-1.178
200680,284.931,284.916,12.5488,-1.178
200690,284.931,284.916,32.9967,-1.178
200700,284.931,284.916,116.286,-1.178
200710,284.931,284.916,116.286,-1.178
200720,284.931,284.916,116.286,-1.178
200730,284.931,284.916,116.286,-1.178
200740,284.931,284.916,116.286,-1.178
200750,284.931,284.916,116.286,-1.178
200760,284.961,284.916,116.286,-1.178
200770,284.961,284.916,57.6703,-1.178
200780,284.972,284.916,57.6703,-1.178
200790,284.972,284.916,75.2347,-1.178
200800,285.102,284.916,64.6182,-1.178
200810,285.633,284.916,64.6182,-3.36303
200820,285.674,284.903,64.6182,-3.36303
200830,285.674,284.903,64.6182,-3.36303
200840,285.674,285.331,64.6182,-1.178
200850,285.698,285.331,64.6182,-1.178
200860,285.698,285.331,64.6182,-1.178
200870,285.698,285.331,39.3827,-1.178
200880,285.698,285.331,39.3827,-1.178
200890,285.698,285.331,39.3827,-1.178
200900,285.698,285.331,39.3827,-1.178
200910,285.535,285.331,39.3827,-1.178
200920,286.224,285.331,39.3827,-3.36303
200930,286.224,285.81,39.3827,-1.178
200940,286.024,285.81,39.3827,-1.178
200950,286.042,285.81,13.9002,-1.178
200960,286.168,285.81,43.9601,-1.178
200970,286.511,285.266,19.8359,-3.36303
200980,285.388,285.266,19.8359,-1.178
200990,285.388,285.266,19.8359,-1.178
201000,285.388,285.266,74.7022,-1.178
201010,285.388,285.266,74.7022,-1.178
201020,285.388,285.266,106.941,-1.178
201030,285.497,285.266,1.04624,-1.178
201040,285.516,285.035,1.04624,-1.178
201050,285.516,285.035,1.04624,-1.178
201060,285.516,284.931,1.04624,-1.178
201070,285.516,285.359,1.04624,-1.178
201080,285.516,285.359,1.04624,-1.178
201090,285.516,285.359,77.5869,-1.178
201100,286.218,285.359,37.4814,-3.36303
201110,286.237,285.992,16.8253,-1.178
201120,286.237,285.992,53.8422,-1.178
201130,286.237,285.815,53.8422,-1.178
201140,286.097,285.815,53.8422,-1.178
201150,286.07,285.703,53.8422,-1.178
201160,285.744,285.703,53.8422,-1.178
201170,285.804,285.703,85.6902,-1.178
201180,285.804,285.703,85.6902,-1.178
201190,285.804,285.703,85.6902,-1.178
201200,286.425,285.703,7.55836,-3.36303
201210,286.786,285.703,1.35384,-3.36303
201220,286.226,285.703,1.35384,-1.178
201230,286.4,286.025,1.35384,-1.178
201240,286.4,286.36,1.35384,-1.178
201250,286.883,285.915,1.35384,-3.36303
201260,286.883,286.18,1.35384,-1.178
201270,286.883,286.18,1.35384,-1.178
201280,286.533,286.18,1.35384,-1.178
201290,286.533,286.18,1.35384,-1.178
201300,286.533,286.18,1.35384,-1.178
201310,286.533,286.18,1.35384,-1.178
201320,286.533,286.334,1.35384,-1.178
201330,286.533,286.334,1.35384,-1.178
201340,286.547,286.149,1.35384,-1.178
201350,286.547,286.149,1.35384,-1.178
201360,286.547,286.149,1.35384,-1.178
201370,286.698,286.149,1.35384,-1.178
201380,286.698,286.549,49.9841,-1.178
201390,286.698,286.549,49.9841,-1.178
201400,286.914,286.528,49.9841,-1.178
201410,287.378,286.929,49.9841,-1.178
201420,287.378,286.929,49.9841,-1.178
201430,287.351,287.015,49.9841,-1.178
201440,287.351,287.015,49.9841,-1.178
201450,287.31,287.042,49.9841,-1.178
201460,287.31,287.042,49.9841,-1.178
201470,287.31,287.042,80.2796,-1.178
201480,287.31,287.042,57.5581,-1.178
201490,287.31,287.042,57.5581,-1.178
201500,287.31,287.042,57.5581,-1.178
201510,287.656,287.042,57.5581,-3.36303
201520,287.656,287.042,57.5581,-3.36303
201530,287.656,287.042,57.5581,-3.36303
201540,287.656,287.042,10.5213,-1.178
201550,287.656,287.042,10.5213,-1.178
201560,287.656,287.157,10.5213,-1.178
201570,289.207,287.157,10.5213,-5.42989
201580,289.532,288.318,10.5213,-3.36303
201590,289.144,287.287,10.5213,-5.42989
201600,288.01,287.48,6.28078,-1.178
201610,287.678,287.212,6.28078,-1.178
201620,287.678,287.082,6.28078,-1.178
201630,287.678,287.082,6.28078,-1.178
201640,287.678,287.082,6.28078,-1.178
201650,287.678,287.082,6.28078,-1.178
201660,287.485,287.361,56.2787,-1.178
201670,287.485,287.343,81.7534,-1.178
201680,287.485,287.238,9.28709,-1.178
201690,287.485,286.837,72.1597,-3.36303
201700,287.485,286.837,72.1597,-3.36303
201710,287.485,286.837,19.0343,-3.36303
201720,287.806,287.43,19.0343,-1.178
201730,287.806,287.43,19.0343,-1.178
201740,287.806,287.43,19.0343,-1.178
201750,287.806,287.43,19.5478,-1.178
201760,287.806,287.43,19.5478,-1.178
201770,288.553,288.018,19.5478,-1.178
201780,288.429,288.37,19.5478,-1.178
201790,288.429,288.37,86.6215,-1.178
201800,288.429,288.37,118.134,-1.178
201810,288.429,288.37,118.134,-1.178
201820,288.429,288.37,118.134,-1.178
201830,288.429,288.37,118.134,-1.178
201840,288.429,288.37,118.134,-1.178
201850,288.429,288.37,63.2333,-1.178
201860,288.429,287.608,63.2333,-3.36303
201870,288.401,287.625,63.2333,-3.36303
201880,288.055,287.563,63.2333,-3.36303
201890,288.055,288.036,50.4546,-1.178
201900,288.055,288.036,70.2144,-1.178
201910,288.055,288.036,70.2144,-1.178
201920,288.055,288.036,70.2144,-1.178
201930,288.055,288.036,118.52,-1.178
201940,288.085,288.036,0.732905,-1.178
201950,288.085,288.036,0.732905,-1.178
201960,288.085,287.38,0.732905,-1.178
201970,289.332,287.583,0.732905,-5.42989
201980,290.179,289.948,0.732905,-1.178
201990,289.996,289.948,32.9434,-1.178
202000,289.996,289.948,34.0583,-1.178
202010,289.996,289.948,118.594,-1.178
202020,289.996,289.948,118.594,-1.178
202030,289.996,289.994,118.697,-1.178
202040,289.996,289.994,55.5654,-1.178
202050,289.996,289.994,55.5654,-1.178
202060,289.996,289.994,41.8514,-1.178
202070,290.474,290.283,41.8514,-1.178
202080,290.474,290.273,41.8514,-1.178
202090,290.409,290.273,106.777,-1.178
202100,290.409,290.273,26.711,-1.178
202110,290.409,290.273,26.711,-1.178
202120,290.382,290.273,26.711,-1.178
202130,290.382,290.273,26.711,-1.178
202140,290.382,290.273,26.711,-1.178
202150,289.826,289.477,26.711,-1.178
202160,289.834,289.477,26.711,-1.178
202170,289.843,289.477,26.711,-1.178
202180,289.843,289.383,26.711,-1.178
202190,289.843,289.383,26.711,-1.178
202200,289.843,289.383,26.711,-1.178
202210,289.789,289.383,11.9276,-1.178
202220,289.789,289.383,11.9276,-1.178
202230,289.885,289.716,11.9276,-1.178
202240,289.885,289.716,11.9276,-1.178
202250,289.885,289.568,11.9276,-1.178
202260,289.885,289.583,29.5828,-1.178
202270,289.885,289.583,29.5828,-1.178
202280,289.728,289.583,29.5828,-1.178
202290,289.728,288.798,6.66811,-3.36303
202300,289.728,289.44,6.66811,-1.178
202310,289.728,289.44,6.66811,-1.178
202320,289.728,289.44,6.66811,-1.178
202330,289.728,289.117,6.66811,-1.178
202340,289.567,289.117,6.66811,-1.178
202350,289.199,289.117,6.66811,-1.178
202360,289.199,289.117,49.343,-1.178
202370,289.199,289.117,88.1259,-1.178
202380,289.199,289.117,90.0019,-1.178
202390,289.199,289.117,90.0019,-1.178
202400,289.199,289.117,90.0019,-1.178
202410,289.196,289.117,90.0019,-1.178
202420,289.196,289.117,90.0019,-1.178
202430,289.196,289.117,63.3881,-1.178
202440,289.196,289.117,102.62,-1.178
202450,289.196,289.117,102.62,-1.178
202460,289.196,289.117,102.62,-1.178
202470,289.196,289.117,64.3405,-1.178
202480,289.196,289.117,64.3405,-1.178
202490,289.196,289.117,64.3405,-1.178
202500,289.74,289.117,64.3405,-3.36303
202510,289.831,289.117,15.0066,-3.36303
202520,289.36,289.117,15.0066,-1.178
202530,289.36,289.117,77.0511,-1.178
202540,289.118,289.117,121.425,-1.178
202550,289.118,289.117,122.604,-1.178
202560,289.118,289.117,98.7707,-1.178
202570,289.118,289.117,98.7707,-1.178
202580,289.118,289.117,98.7707,-1.178
202590,289.118,289.117,110.644,-1.178
202600,289.118,289.117,37.3179,-1.178
202610,289.118,289.117,37.3179,-1.178
202620,289.118,289.117,110.007,-1.178
202630,289.118,289.117,74.5512,-1.178
202640,289.118,289.117,110.106,-1.178
202650,289.118,289.117,47.5002,-1.178
202660,289.877,289.117,6.91786,-3.36303
202670,290.334,289.574,6.91786,-3.36303
202680,291.092,289.716,0.135471,-3.36303
202690,290.103,289.153,0.135471,-3.36303
202700,290.103,290.094,0.135471,-1.178
202710,290.103,290.09,35.0004,-1.178
202720,290.103,290.09,66.4387,-1.178
202730,290.76,290.137,102.045,-5.42989
202740,290.471,288.386,111.548,-7.49676
202750,290.471,287.951,93.2954,-7.49676
202760,290.471,290.087,93.2954,-3.36303
202770,290.471,289.999,3.61312,-1.178
202780,290.471,289.999,3.61312,-1.178
202790,290.241,289.999,3.61312,-1.178
202800,290.206,289.999,16.0676,-1.178
202810,290.206,289.999,16.0676,-1.178
202820,290.656,289.999,9.08136,-1.178
202830,290.624,290.301,50.9224,-1.178
202840,290.624,290.351,50.9224,-1.178
202850,290.624,290.244,50.9224,-1.178
202860,290.624,290.244,50.9224,-1.178
202870,290.432,290.415,50.9224,-1.178
202880,290.432,290.043,50.9224,-1.178
202890,290.432,290.043,14.4363,-1.178
202900,290.432,290.043,14.4363,-1.178
202910,290.432,290.043,14.4363,-1.178
202920,290.432,289.928,14.4363,-1.178
202930,290.432,290.418,14.4363,-1.178
202940,290.432,290.418,14.4363,-1.178
202950,290.695,290.418,9.99432,-1.178
202960,290.695,290.278,9.99432,-1.178
202970,290.644,290.278,48.2307,-1.178
202980,290.644,290.278,27.0133,-1.178
202990,290.549,290.188,27.0133,-1.178
203000,290.549,290.188,27.0133,-1.178
203010,290.943,289.654,17.9825,-3.36303
203020,290.874,289.654,7.52302,-3.36303
203030,290.874,289.654,3.14024,-3.36303
203040,290.956,289.654,3.14024,-3.36303
203050,290.311,290.266,0.238266,-1.178
203060,290.311,289.633,0.238266,-1.178
203070,290.311,289.633,0.238266,-1.178
203080,290.046,289.633,0.238266,-1.178
203090,290.046,289.45,4.55533,-1.178
203100,290.046,289.45,4.55533,-1.178
203110,289.68,289.399,4.55533,-1.178
203120,289.68,289.399,58.6951,-1.178
203130,289.68,289.399,51.6428,-1.178
203140,289.68,289.399,49.6913,-1.178
203150,289.771,289.399,0.163938,-1.178
203160,289.572,289.478,0.163938,-1.178
203170,289.572,289.478,27.5062,-1.178
203180,289.572,289.478,34.9196,-1.178
203190,289.572,288.515,34.9196,-3.36303
203200,289.572,289.179,34.9196,-1.178
203210,289.572,289.179,34.9196,-1.178
203220,289.605,289.179,34.9196,-1.178
203230,289.532,289.179,34.9196,-1.178
203240,289.532,289.179,58.8598,-1.178
203250,289.332,289.179,58.8598,-1.178
203260,289.529,289.179,58.8598,-1.178
203270,289.529,289.158,15.1788,-1.178
203280,290.052,289.158,15.1788,-3.36303
203290,289.984,289.946,15.1788,-1.178
203300,289.984,289.133,34.3806,-3.36303
203310,289.999,289.133,34.3806,-3.36303
203320,290.205,289.133,1.61339,-3.36303
203330,289.511,289.133,1.61339,-1.178
203340,289.511,289.133,1.61339,-1.178
203350,289.511,289.133,23.248,-1.178
203360,289.511,289.133,23.248,-1.178
203370,289.244,289.133,23.248,-1.178
203380,289.244,289.133,23.248,-1.178
203390,289.244,289.133,23.248,-1.178
203400,289.244,288.223,23.248,-3.36303
203410,288.86,288.223,23.248,-3.36303
203420,289.294,288.223,23.248,-3.36303
203430,288.511,288.393,23.248,-1.178
203440,288.511,288.393,23.248,-1.178
203450,288.899,288.393,23.248,-1.178
203460,288.899,288.72,23.248,-1.178
203470,288.804,288.72,23.248,-1.178
203480,288.804,288.72,23.248,-1.178
203490,288.804,288.235,23.248,-1.178
203500,288.808,288.235,23.248,-1.178
203510,288.808,288.235,23.248,-1.178
203520,288.808,288.235,23.248,-1.178
203530,288.808,288.235,23.248,-1.178
203540,288.739,288.235,23.248,-1.178
203550,288.739,288.235,15.3643,-1.178
203560,288.739,288.235,15.3643,-1.178
203570,288.739,288.41,33.247,-1.178
203580,288.92,288.41,7.30614,-1.178
203590,288.621,288.277,7.30614,-1.178
203600,288.621,288.277,7.30614,-1.178
203610,288.621,288.277,36.1458,-1.178
203620,288.621,288.277,36.1458,-1.178
203630,288.621,288.277,36.1458,-1.178
203640,288.452,288.277,36.1458,-1.178
203650,288.452,288.277,36.1458,-1.178
203660,288.452,288.437,36.1458,-1.178
203670,288.452,288.437,27.4904,-1.178
203680,288.452,288.437,101.94,-1.178
203690,288.452,288.437,101.94,-1.178
203700,288.613,288.437,101.94,-1.178
203710,288.613,288.437,101.94,-1.178
203720,288.613,288.437,101.94,-1.178
203730,288.613,288.437,101.94,-1.178
203740,288.517,288.437,101.94,-1.178
203750,288.517,288.437,19.9483,-1.178
203760,288.517,287.963,19.9483,-1.178
203770,288.517,287.963,15.4555,-1.178
203780,288.33,288.139,25.9196,-1.178
203790,288.544,288.139,25.9196,-1.178
203800,288.544,288.139,25.9196,-1.178
203810,288.544,288.139,36.4285,-1.178
203820,288.544,288.055,36.4285,-1.178
203830,288.544,288.055,36.4285,-1.178
203840,288.544,288.055,36.4285,-1.178
203850,288.348,288.055,36.4285,-1.178
203860,288.348,288.055,16.4326,-1.178
203870,288.348,288.071,0.332104,-1.178
203880,288.348,288.071,22.678,-1.178
203890,288.201,288.023,11.7232,-1.178
203900,288.618,288.023,11.7232,-1.178
203910,288.618,288.26,11.7232,-1.178
203920,288.616,288.278,11.7232,-1.178
203930,288.616,288.278,40.764,-1.178
203940,288.616,288.278,40.764,-1.178
203950,288.616,288.278,47.1453,-1.178
203960,288.328,288.278,53.4178,-1.178
203970,288.328,288.015,53.4178,-1.178
203980,288.328,288.015,53.4178,-1.178
203990,288.079,288.015,53.4178,-1.178
204000,288.079,288.015,53.4178,-1.178
204010,288.079,287.962,53.4178,-1.178
204020,288.886,287.962,53.4178,-3.36303
204030,289.555,288.092,53.4178,-5.42989
204040,288.395,288.092,53.4178,-1.178
204050,288.395,288.092,53.4178,-1.178
204060,288.395,288.092,53.4178,-1.178
204070,288.18,288.092,18.4943,-1.178
204080,288.18,288.092,18.4943,-1.178
204090,288.18,288.092,18.4943,-1.178
204100,288.18,288.092,18.4943,-1.178
204110,288.18,288.092,18.4943,-1.178
204120,288.18,288.092,18.4943,-1.178
204130,288.18,288.092,18.4943,-1.178
204140,288.18,288.092,18.4943,-1.178
204150,287.691,287.647,18.4943,-1.178
204160,287.79,287.647,18.4943,-1.178
204170,287.79,287.647,4.30702,-1.178
204180,287.79,287.647,109.586,-1.178
204190,287.79,287.647,109.586,-1.178
204200,287.79,287.647,109.586,-1.178
204210,287.79,287.647,109.586,-1.178
204220,287.79,287.647,109.586,-1.178
204230,287.79,287.647,36.1852,-1.178
204240,287.79,287.647,42.5624,-1.178
204250,287.79,287.647,42.5624,-1.178
204260,287.79,287.647,17.921,-1.178
204270,287.79,287.647,98.3964,-1.178
204280,287.79,287.647,107.207,-1.178
204290,287.79,287.647,107.207,-1.178
204300,287.79,287.647,107.207,-1.178
204310,287.79,287.647,107.207,-1.178
204320,287.79,287.647,104.895,-1.178
204330,287.79,287.647,104.895,-1.178
204340,287.79,287.647,29.4115,-1.178
204350,287.79,287.647,29.4115,-1.178
204360,287.79,287.141,29.4115,-3.36303
204370,287.79,287.665,29.4115,-1.178
204380,287.79,287.665,29.4115,-1.178
204390,287.79,287.665,29.4115,-1.178
204400,287.865,287.457,29.4115,-1.178
204410,288.1,287.879,29.4115,-1.178
204420,288.1,287.879,84.2179,-1.178
204430,288.1,287.879,84.2179,-1.178
204440,288.1,287.879,84.2179,-1.178
204450,288.293,287.974,68.0057,-1.178
204460,288.417,288.075,68.0057,-1.178
204470,289.074,288.319,8.93036,-3.36303
204480,289.074,288.319,8.93036,-3.36303
204490,289.074,288.469,20.2594,-1.178
204500,288.498,288.469,20.2594,-1.178
204510,288.498,288.469,1.26918,-1.178
204520,288.503,288.469,1.26918,-1.178
204530,288.503,287.94,1.26918,-1.178
204540,288.503,287.94,8.85905,-1.178
204550,288.172,287.94,0.301325,-1.178
204560,288.172,287.94,11.2411,-1.178
204570,288.305,287.94,11.2411,-1.178
204580,288.001,287.94,11.2411,-1.178
204590,288.016,287.94,114.505,-1.178
204600,288.016,287.94,114.505,-1.178
204610,288.016,287.94,108.544,-1.178
204620,288.016,287.94,108.544,-1.178
204630,288.016,287.971,108.544,-1.178
204640,288.016,287.971,10.704,-1.178
204650,288.34,286.911,10.704,-3.36303
204660,287.891,286.911,10.704,-3.36303
204670,287.558,286.911,10.704,-1.178
204680,287.558,286.911,10.704,-1.178
204690,287.558,286.475,10.704,-3.36303
204700,286.695,286.373,24.5981,-1.178
204710,286.894,286.373,24.5981,-1.178
204720,286.894,286.373,24.5981,-1.178
204730,286.894,286.295,3.05158,-1.178
204740,286.894,286.358,3.05158,-1.178
204750,286.948,286.358,3.05158,-1.178
204760,286.508,286.358,3.05158,-1.178
204770,286.707,286.358,3.05158,-1.178
204780,286.707,286.218,51.0153,-3.36303
204790,286.707,286.218,51.0153,-3.36303
204800,286.276,286.25,114.316,-1.178
204810,286.276,286.25,114.316,-1.178
204820,286.276,286.25,114.316,-1.178
204830,286.107,285.333,38.025,-3.36303
204840,286.107,285.923,38.025,-1.178
204850,286.107,285.986,38.025,-1.178
204860,286.107,285.986,37.2551,-1.178
204870,286.107,285.986,37.2551,-1.178
204880,286.107,285.986,68.2732,-1.178
204890,286.107,286.009,26.3901,-1.178
204900,286.107,286.009,39.662,-1.178
204910,286.107,286.009,39.662,-1.178
204920,286.107,286.009,127.631,-3.36303
204930,286.107,286.009,127.631,-3.36303
204940,286.465,286.009,127.631,-7.49676
204950,286.465,286.009,8.36578,-1.178
204960,286.465,286.371,66.1152,-1.178
204970,286.465,286.371,93.2886,-1.178
204980,286.465,286.371,54.2114,-1.178
204990,286.465,286.371,54.2114,-1.178
205000,286.465,286.371,54.2114,-1.178
205010,286.465,286.371,33.3907,-1.178
205020,286.508,286.371,71.5368,-1.178
205030,286.508,286.371,71.5368,-1.178
205040,286.508,286.371,71.5368,-1.178
205050,286.508,286.371,7.43918,-1.178
205060,286.508,286.371,11.9036,-1.178
205070,286.508,286.004,32.2957,-1.178
205080,286.508,286.004,32.2957,-1.178
205090,286.329,286.004,32.2957,-1.178
205100,286.329,286.004,32.2957,-1.178
205110,286.337,286.004,93.1911,-3.36303
205120,286.337,285.858,93.1911,-3.36303
205130,286.079,285.858,93.1911,-1.178
205140,286.079,285.858,93.1911,-1.178
205150,286.079,285.858,93.1911,-1.178
205160,286.079,285.858,12.6389,-1.178
205170,286.079,285.858,12.6389,-1.178
205180,286.079,285.858,12.6389,-1.178
205190,285.968,285.858,12.6389,-1.178
205200,285.968,285.542,12.6389,-1.178
205210,285.968,285.542,40.1375,-1.178
205220,285.664,285.542,42.5221,-1.178
205230,285.664,285.542,42.5221,-1.178
205240,285.664,285.33,38.086,-1.178
205250,285.664,285.33,38.086,-1.178
205260,285.664,285.33,27.9695,-1.178
205270,285.664,285.33,27.9695,-1.178
205280,285.664,285.439,27.9695,-1.178
205290,285.664,285.439,25.6594,-1.178
205300,286.002,285.85,25.6594,-1.178
205310,286.155,285.85,48.8198,-1.178
205320,286.155,285.85,48.8198,-1.178
205330,285.892,284.938,48.8198,-3.36303
205340,285.818,284.938,48.8198,-3.36303
205350,285.596,284.938,76.957,-3.36303
205360,285.582,285.343,76.957,-1.178
205370,285.582,285.343,76.957,-1.178
205380,285.582,285.343,48.6905,-1.178
205390,285.582,285.501,48.6905,-1.178
205400,285.582,285.501,48.6905,-1.178
205410,285.582,285.501,48.6905,-1.178
205420,285.582,285.242,48.6905,-1.178
205430,285.582,285.242,48.6905,-1.178
205440,285.582,285.242,48.6905,-1.178
205450,285.479,285.242,48.6905,-1.178
205460,285.479,285.242,21.555,-1.178
205470,285.483,285.242,73.5159,-1.178
205480,285.483,285.242,109.766,-3.36303
205490,285.483,285.242,109.766,-3.36303
205500,285.483,285.221,109.766,-3.36303
205510,285.445,285.221,109.766,-3.36303
205520,285.445,285.221,100.959,-3.36303
205530,285.445,284.865,19.0861,-1.178
205540,285.445,284.865,15.0396,-1.178
205550,285.466,284.865,15.0396,-1.178
205560,285.466,284.865,15.0396,-1.178
205570,285.353,284.865,15.0396,-1.178
205580,285.353,284.865,15.853,-1.178
205590,285.353,284.865,15.853,-1.178
205600,285.353,284.865,24.6508,-1.178
205610,285.353,285.219,74.6566,-1.178
205620,285.444,285.219,74.6566,-1.178
205630,285.497,285.219,74.6566,-1.178
205640,285.497,285.033,44.0563,-1.178
205650,285.367,285.033,44.0563,-1.178
205660,285.367,285.033,44.0563,-1.178
205670,285.367,285.033,64.8258,-1.178
205680,285.367,285.033,9.93302,-1.178
205690,285.367,285.033,3.08051,-1.178
205700,285.716,285.033,3.08051,-1.178
205710,284.332,284.255,129.334,-3.36303
205720,284.327,284.255,129.985,-3.36303
205730,284.338,284.255,129.985,-3.36303
205740,284.338,284.255,46.6257,-1.178
205750,284.338,284.255,57.8829,-1.178
205760,284.338,284.255,57.8829,-1.178
205770,284.338,284.255,118.229,-1.178
205780,284.338,284.255,27.2026,-1.178
205790,284.338,284.255,27.2026,-1.178
205800,284.338,284.255,27.2026,-1.178
205810,284.702,284.255,27.2026,-1.178
205820,284.702,284.255,27.2026,-1.178
205830,284.702,284.255,27.2026,-1.178
205840,284.702,284.255,27.2026,-1.178
205850,284.702,284.255,27.2026,-1.178
205860,284.702,284.255,27.2026,-1.178
205870,284.702,284.255,27.2026,-1.178
205880,284.702,284.494,17.1207,-1.178
205890,284.572,284.494,17.1207,-1.178
205900,284.572,284.51,17.1207,-1.178
205910,284.572,284.51,97.7757,-1.178
205920,284.572,284.51,97.7757,-1.178
205930,284.572,284.51,97.7757,-1.178
205940,284.609,284.51,97.7757,-1.178
205950,284.609,284.51,105.512,-1.178
205960,284.609,284.51,105.512,-1.178
205970,284.919,284.51,16.7538,-1.178
205980,284.919,284.51,16.7538,-1.178
205990,284.919,283.549,16.7538,-3.36303
206000,284.157,283.774,16.7538,-1.178
206010,284.221,283.774,16.7538,-1.178
206020,284.221,283.774,10.1181,-1.178
206030,284.085,283.774,10.1181,-1.178
206040,284.085,283.785,10.1181,-1.178
206050,284.085,283.785,10.1181,-1.178
206060,284.085,283.785,103.957,-3.36303
206070,284.085,283.785,103.957,-3.36303
206080,284.085,283.785,64.6948,-1.178
206090,284.085,283.785,64.6948,-1.178
206100,284.502,283.684,64.6948,-3.36303
206110,283.712,283.684,10.605,-1.178
206120,283.712,283.684,22.3116,-1.178
206130,283.712,283.684,10.696,-1.178
206140,283.712,283.684,10.696,-1.178
206150,283.712,283.684,15.5919,-1.178
206160,284.048,283.959,15.5919,-1.178
206170,284.048,283.997,51.9326,-1.178
206180,284.048,283.997,51.9326,-1.178
206190,284.048,283.997,51.9326,-1.178
206200,284.048,283.997,3.83716,-1.178
206210,284.048,283.997,3.83716,-1.178
206220,284.048,283.997,25.6696,-1.178
206230,284.048,283.997,19.2253,-1.178
206240,284.048,283.997,19.2253,-1.178
206250,284.187,283.997,19.2253,-1.178
206260,284.187,283.997,56.4456,-1.178
206270,284.187,283.997,50.12,-1.178
206280,284.187,283.997,54.181,-1.178
206290,284.187,283.997,54.181,-1.178
206300,284.187,283.849,3.92964,-1.178
206310,284.113,283.849,3.92964,-1.178
206320,283.94,283.849,3.92964,-1.178
206330,283.94,283.849,14.928,-1.178
206340,283.94,283.137,14.928,-3.36303
206350,283.943,283.365,14.928,-1.178
206360,283.943,283.365,14.928,-1.178
206370,283.82,283.365,14.928,-1.178
206380,283.82,283.681,15.4165,-1.178
206390,283.703,283.681,98.4443,-1.178
206400,283.703,283.681,98.4443,-1.178
206410,283.703,283.603,98.4443,-1.178
206420,283.703,283.603,98.4443,-1.178
206430,283.703,283.603,61.1746,-1.178
206440,283.703,283.641,61.1746,-1.178
206450,283.703,283.641,61.1746,-1.178
206460,283.703,283.465,36.1155,-1.178
206470,283.703,283.511,36.1155,-1.178
206480,283.703,283.511,36.1155,-1.178
206490,283.703,283.511,84.8862,-1.178
206500,283.703,283.458,84.8862,-1.178
206510,283.703,283.458,84.8862,-1.178
206520,283.703,283.089,84.8862,-3.36303
206530,283.703,283.089,58.6851,-3.36303
206540,283.703,283.089,58.6851,-3.36303
206550,283.703,283.267,58.6851,-3.36303
206560,283.703,283.104,58.6851,-3.36303
206570,283.85,283.104,58.6851,-3.36303
206580,283.85,283.713,58.6851,-1.178
206590,283.85,283.537,21.0494,-1.178
206600,283.85,283.79,21.0494,-1.178
206610,283.85,283.79,46.2792,-1.178
206620,283.85,283.79,113.947,-1.178
206630,283.85,283.79,66.6371,-1.178
206640,283.85,283.79,66.6371,-1.178
206650,283.85,283.79,66.6371,-1.178
206660,283.85,283.79,2.79907,-1.178
206670,283.849,283.79,2.79907,-1.178
206680,283.849,283.79,113.337,-1.178
206690,283.849,283.79,10.2751,-1.178
206700,283.921,283.79,10.2751,-1.178
206710,283.921,283.79,121.327,-3.36303
206720,283.921,283.79,112.436,-3.36303
206730,283.921,283.79,95.1816,-1.178
206740,283.921,283.79,95.1816,-1.178
206750,284.007,283.79,95.1816,-1.178
206760,284.007,283.79,95.1816,-1.178
206770,283.872,283.79,95.1816,-1.178
206780,283.872,283.79,70.7068,-1.178
206790,283.872,283.79,70.7068,-1.178
206800,283.872,283.595,70.7068,-1.178
206810,283.872,283.694,70.7068,-1.178
206820,283.872,283.694,75.9848,-1.178
206830,283.734,283.694,6.69825,-1.178
206840,283.734,283.226,6.69825,-1.178
206850,283.734,283.226,6.69825,-1.178
206860,283.734,283.226,6.69825,-1.178
206870,283.712,283.446,6.69825,-1.178
206880,283.948,283.446,6.69825,-1.178
206890,284.012,283.446,6.69825,-1.178
206900,284.012,283.446,6.69825,-1.178
206910,284.012,283.446,6.69825,-1.178
206920,284.012,283.446,6.69825,-1.178
206930,283.743,283.446,6.69825,-1.178
206940,283.743,283.133,6.69825,-1.178
206950,283.743,283.133,6.69825,-1.178
206960,283.876,283.133,6.69825,-3.36303
206970,283.846,283.133,6.69825,-3.36303
206980,283.714,283.133,6.69825,-1.178
206990,283.714,283.133,6.69825,-1.178
207000,283.966,283.133,6.69825,-3.36303
207010,283.293,283.133,98.8773,-1.178
207020,283.293,283.133,98.8773,-1.178
207030,283.293,283.133,105.699,-1.178
207040,283.293,283.133,105.699,-1.178
207050,283.293,283.133,58.8965,-1.178
207060,283.293,283.268,20.9034,-1.178
207070,283.487,283.232,20.9034,-1.178
207080,283.487,283.232,78.4655,-1.178
207090,283.487,283.232,78.4655,-1.178
207100,283.283,283.232,27.4337,-1.178
207110,283.543,282.75,27.4337,-3.36303
207120,283.688,282.75,27.4337,-3.36303
207130,283.688,282.75,27.4337,-3.36303
207140,283.688,283.154,27.4337,-1.178
207150,283.688,283.154,27.4337,-1.178
207160,283.688,283.445,27.4337,-1.178
207170,283.688,283.178,27.4337,-1.178
207180,283.49,283.178,39.6836,-1.178
207190,283.49,283.178,100.877,-3.36303
207200,283.49,283.178,93.4498,-3.36303
207210,283.49,283.178,93.4498,-3.36303
207220,283.49,283.178,23.4723,-1.178
207230,283.49,283.178,23.4723,-1.178
207240,283.255,283.178,78.614,-1.178
207250,283.255,283.178,91.3199,-1.178
207260,283.255,283.178,91.3199,-1.178
207270,283.255,283.178,35.4336,-1.178
207280,283.255,283.213,35.4336,-1.178
207290,284.065,283.838,35.4336,-1.178
207300,284.065,283.911,35.4336,-1.178
207310,284.172,283.591,39.8481,-3.36303
207320,284.096,284.05,94.4545,-1.178
207330,284.096,284.05,94.4545,-1.178
207340,284.096,284.05,94.4545,-1.178
207350,284.096,283.968,94.4545,-1.178
207360,284.096,283.968,32.4916,-1.178
207370,284.096,284.016,110.144,-1.178
207380,284.096,284.016,110.144,-1.178
207390,284.096,284.016,110.144,-1.178
207400,284.096,284.016,12.3944,-1.178
207410,284.096,284.016,102.922,-1.178
207420,284.096,284.016,88.7212,-1.178
207430,284.096,284.016,49.0465,-1.178
207440,284.088,284.016,49.0465,-1.178
207450,284.088,283.816,60.5318,-1.178
207460,284.088,283.816,60.5318,-1.178
207470,284.088,283.816,60.5318,-1.178
207480,284.088,283.816,60.5318,-1.178
207490,283.886,283.816,60.5318,-1.178
207500,283.886,283.303,60.5318,-3.36303
207510,283.74,283.303,29.3638,-1.178
207520,283.735,283.413,29.3638,-1.178
207530,283.735,283.413,29.3638,-1.178
207540,283.612,283.413,29.3638,-1.178
207550,283.728,283.413,29.3638,-1.178
207560,283.728,283.285,48.4946,-1.178
207570,283.728,283.332,48.4946,-1.178
207580,283.112,282.883,48.4946,-1.178
207590,283.017,282.883,90.397,-1.178
207600,283.017,282.883,109.591,-1.178
207610,283.017,282.966,109.591,-1.178
207620,283.017,282.966,109.591,-1.178
207630,283.017,282.586,28.5421,-1.178
207640,283.017,282.586,29.6286,-1.178
207650,283.017,282.991,121.325,-1.178
207660,283.017,282.991,121.325,-1.178
207670,283.017,282.991,125.604,-1.178
207680,283.017,282.674,20.4204,-1.178
207690,283.017,282.484,20.4204,-1.178
207700,283.516,282.484,20.4204,-3.36303
207710,283.69,283.469,20.4204,-1.178
207720,283.914,283.646,20.4204,-1.178
207730,283.914,283.646,20.4204,-1.178
207740,284.572,283.646,20.4204,-3.36303
207750,284.878,283.942,20.4204,-3.36303
207760,284.044,283.808,20.4204,-1.178
207770,284.044,283.808,20.4204,-1.178
207780,284.044,283.808,20.4204,-1.178
207790,284.337,283.831,20.4204,-1.178
207800,284.337,283.831,20.4204,-1.178
207810,284.141,283.831,20.4204,-1.178
207820,284.141,283.831,41.4231,-1.178
207830,284.919,283.831,41.4231,-3.36303
207840,284.919,283.831,41.4231,-3.36303
207850,284.919,283.831,41.4231,-3.36303
207860,284.641,284.387,41.4231,-1.178
207870,284.839,284.235,8.55082,-1.178
207880,284.852,284.235,8.55082,-1.178
207890,284.666,284.235,8.55082,-1.178
207900,284.666,284.235,8.55082,-1.178
207910,284.666,284.533,8.55082,-1.178
207920,284.666,284.533,8.55082,-1.178
207930,284.666,284.533,4.91707,-1.178
207940,284.789,284.511,53.8044,-1.178
207950,284.609,284.511,53.8044,-1.178
207960,284.609,284.511,53.8044,-1.178
207970,284.609,284.511,53.8044,-1.178
207980,284.609,284.511,53.8044,-1.178
207990,284.609,284.343,53.8044,-1.178
208000,284.609,284.343,53.8044,-1.178
208010,284.609,284.343,53.8044,-1.178
208020,284.609,284.343,52.9574,-1.178
208030,284.609,284.343,65.2678,-1.178
208040,284.609,284.343,65.2678,-1.178
208050,284.609,284.343,65.0443,-1.178
208060,284.907,284.343,65.0443,-3.36303
208070,284.907,284.206,65.0443,-3.36303
208080,284.778,284.252,74.2728,-3.36303
208090,284.778,284.252,74.2728,-3.36303
208100,284.778,284.764,74.2728,-1.178
208110,284.778,284.764,74.2728,-1.178
208120,284.778,284.764,122.474,-1.178
208130,284.778,284.764,117.923,-1.178
208140,284.778,284.764,117.923,-1.178
208150,284.778,284.764,98.7571,-1.178
208160,284.778,284.764,21.2569,-1.178
208170,284.778,284.279,21.2569,-1.178
208180,284.349,284.279,21.2569,-1.178
208190,284.349,284.279,24.3903,-1.178
208200,284.349,284.279,10.0923,-1.178
208210,285.549,284.279,10.0923,-3.36303
208220,285.313,284.237,68.0293,-5.42989
208230,284.579,284.252,68.0293,-1.178
208240,284.579,284.252,68.0293,-1.178
208250,284.579,284.252,68.0293,-1.178
208260,284.579,284.252,68.0293,-1.178
208270,284.579,284.252,68.0293,-1.178
208280,284.579,284.252,39.8452,-1.178
208290,284.579,284.252,39.8452,-1.178
208300,284.452,284.252,8.64683,-1.178
208310,284.452,284.194,77.1086,-1.178
208320,284.452,284.328,77.1086,-1.178
208330,284.54,284.328,77.1086,-1.178
208340,284.54,284.328,85.729,-1.178
208350,284.54,284.328,85.729,-1.178
208360,284.53,284.328,85.729,-1.178
208370,284.53,284.328,69.5089,-1.178
208380,284.53,284.391,69.5089,-1.178
208390,286.417,285.906,69.5089,-3.36303
208400,286.417,286.223,73.0129,-1.178
208410,286.417,286.223,58.5691,-1.178
208420,286.417,286.223,7.67736,-1.178
208430,286.417,286.223,38.3089,-1.178
208440,286.651,286.223,38.3089,-1.178
208450,286.855,286.429,38.3089,-1.178
208460,286.855,286.701,45.2206,-1.178
208470,286.855,286.701,75.1599,-1.178
208480,286.855,286.701,75.1599,-1.178
208490,286.855,286.701,75.1599,-1.178
208500,286.855,286.701,75.1599,-1.178
208510,286.826,286.701,75.1599,-1.178
208520,286.826,286.67,75.1599,-1.178
208530,286.826,286.772,75.1599,-1.178
208540,286.826,286.625,47.9303,-1.178
208550,286.826,286.625,47.9303,-1.178
208560,286.826,286.72,47.9303,-1.178
208570,286.826,286.72,86.7305,-1.178
208580,286.826,286.72,86.7305,-1.178
208590,286.826,286.72,86.7305,-1.178
208600,286.826,286.453,41.0837,-1.178
208610,286.826,286.453,41.0837,-1.178
208620,286.599,286.453,41.0837,-1.178
208630,286.599,286.453,96.805,-1.178
208640,286.599,286.453,96.805,-1.178
208650,286.599,286.453,96.805,-1.178
208660,286.599,286.453,96.805,-1.178
208670,286.599,286.453,96.805,-1.178
208680,286.599,286.453,96.805,-1.178
208690,286.599,286.391,96.805,-1.178
208700,286.599,286.391,60.2743,-1.178
208710,286.571,286.391,28.6168,-1.178
208720,287.32,286.391,12.8427,-3.36303
208730,287.835,286.87,12.8427,-3.36303
208740,287.835,287.55,12.8427,-1.178
208750,288.015,287.236,12.8427,-3.36303
208760,288.015,287.236,12.8427,-3.36303
208770,288.015,287.236,2.67437,-3.36303
208780,288.006,287.235,2.67437,-3.36303
208790,287.998,287.051,46.1568,-3.36303
208800,287.377,287.051,46.1568,-1.178
208810,287.377,287.051,46.1568,-1.178
208820,287.377,286.95,46.1568,-1.178
208830,287.377,286.95,46.1568,-1.178
208840,287.377,286.95,23.5032,-1.178
208850,287.242,286.95,87.2033,-3.36303
208860,286.973,286.95,2.57614,-1.178
208870,287.054,286.95,71.0302,-1.178
208880,287.054,286.95,88.5636,-1.178
208890,287.522,287.354,88.5636,-1.178
208900,287.906,287.354,88.5636,-3.36303
208910,287.906,287.354,88.5636,-3.36303
208920,287.906,286.715,8.58691,-3.36303
208930,287.906,287.458,8.58691,-1.178
208940,289.65,287.458,8.58691,-5.42989
208950,287.978,287.458,8.58691,-1.178
208960,288.569,287.181,8.58691,-3.36303
208970,289.054,287.393,8.58691,-5.42989
208980,289.054,288.871,81.9475,-1.178
208990,288.889,288.871,47.4873,-1.178
209000,288.889,288.871,24.4479,-1.178
209010,288.889,288.871,24.4479,-1.178
209020,288.889,288.75,79.1673,-1.178
209030,288.889,288.75,79.1673,-1.178
209040,288.939,288.75,79.1673,-1.178
209050,288.939,288.279,79.1673,-3.36303
209060,288.939,288.279,25.1575,-3.36303
209070,288.939,288.279,94.6805,-5.42989
209080,288.939,288.279,94.6805,-5.42989
209090,288.826,288.279,94.6805,-5.42989
209100,288.636,288.279,43.3225,-1.178
209110,288.636,288.41,43.3225,-1.178
209120,288.636,288.542,43.3225,-1.178
209130,288.636,288.542,43.3225,-1.178
209140,288.636,288.542,28.8904,-1.178
209150,288.913,288.542,28.8904,-1.178
209160,288.913,288.542,28.8904,-1.178
209170,288.913,288.542,43.7225,-1.178
209180,288.913,288.542,43.7225,-1.178
209190,288.913,288.542,43.7225,-1.178
209200,288.913,288.542,43.7225,-1.178
209210,288.913,288.542,43.7225,-1.178
209220,288.913,288.542,43.7225,-1.178
209230,288.647,288.542,84.9754,-1.178
209240,288.647,288.542,84.9754,-1.178
209250,288.647,288.542,13.7809,-1.178
209260,288.647,288.542,90.2254,-1.178
209270,288.661,288.542,49.374,-1.178
209280,288.661,288.542,75.6389,-1.178
209290,288.565,288.542,75.6389,-1.178
209300,288.614,288.562,75.6389,-1.178
209310,288.614,288.562,33.4701,-1.178
209320,289,288.562,33.4701,-1.178
209330,288.602,288.562,33.4701,-1.178
209340,288.602,288.562,33.4701,-1.178
209350,288.602,288.562,103.809,-1.178
209360,288.677,288.562,103.809,-1.178
209370,288.677,288.562,100.381,-1.178
209380,288.677,288.562,100.381,-1.178
209390,288.677,288.562,91.2433,-1.178
209400,288.677,288.562,91.2433,-1.178
209410,288.677,288.562,91.2433,-1.178
209420,289.093,288.562,19.3997,-1.178
209430,289.093,288.562,19.3997,-1.178
209440,289.101,288.562,19.3997,-1.178
209450,289.101,288.562,16.1591,-1.178
209460,288.64,288.562,16.1591,-1.178
209470,290.404,288.747,16.1591,-5.42989
209480,290.762,289.748,16.1591,-3.36303
209490,290.762,290.518,16.1591,-1.178
209500,290.762,290.518,16.1591,-1.178
209510,290.762,290.518,16.1591,-1.178
209520,290.819,290.518,16.1591,-1.178
209530,290.819,290.518,16.1591,-1.178
209540,290.819,290.518,16.1591,-1.178
209550,290.819,290.518,19.5175,-1.178
209560,290.819,290.518,19.5175,-1.178
209570,290.743,290.518,19.5175,-1.178
209580,291.048,290.929,19.5175,-1.178
209590,291.048,290.929,19.5175,-1.178
209600,291.048,290.929,19.5175,-1.178
209610,291.048,290.938,19.5175,-1.178
209620,291.048,290.938,2.19224,-1.178
209630,291.048,290.938,71.7792,-1.178
209640,291.048,290.717,10.0342,-1.178
209650,290.724,290.717,10.0342,-1.178
209660,290.724,290.717,10.0342,-1.178
209670,290.783,290.717,10.0342,-1.178
209680,290.783,290.717,10.0342,-1.178
209690,290.783,290.717,59.8769,-1.178
209700,290.783,290.717,24.7617,-1.178
209710,290.783,290.717,24.7617,-1.178
209720,291.013,290.717,24.7617,-1.178
209730,291.013,290.717,24.7617,-1.178
209740,291.013,290.717,28.083,-1.178
209750,291.013,290.717,28.083,-1.178
209760,291.013,290.717,57.3067,-1.178
209770,291.013,290.717,30.2744,-1.178
209780,291.013,290.717,30.2744,-1.178
209790,291.013,290.717,30.2744,-1.178
209800,291.013,290.717,30.2744,-1.178
209810,290.911,290.263,30.2744,-3.36303
209820,290.677,290.263,30.2744,-1.178
209830,290.428,290.263,30.2744,-1.178
209840,290.428,290.203,83.3147,-1.178
209850,290.428,290.203,83.3147,-1.178
209860,290.428,290.203,83.3147,-1.178
209870,290.428,290.385,83.3147,-1.178
209880,290.428,290.385,83.3147,-1.178
209890,290.428,290.385,83.3147,-1.178
209900,290.428,290.385,78.367,-1.178
209910,290.68,290.385,78.367,-1.178
209920,290.461,290.385,78.367,-1.178
209930,290.461,290.385,78.367,-1.178
209940,290.461,290.385,91.1154,-1.178
209950,290.461,290.34,91.1154,-1.178
209960,290.461,290.34,104.559,-1.178
209970,290.461,290.34,104.559,-1.178
209980,290.461,290.34,104.559,-1.178
209990,290.598,290.34,27.2956,-1.178
210000,290.828,290.34,27.2956,-1.178
210010,290.828,290.34,27.2956,-1.178
210020,290.828,290.34,27.2956,-1.178
210030,290.828,288.861,34.9357,-5.42989
210040,289.505,287.773,34.9357,-5.42989
210050,289.505,287.773,49.0789,-5.42989
210060,288.945,287.48,49.0789,-5.42989
210070,289.138,287.786,0.433052,-3.36303
210080,289.138,288.518,0.433052,-1.178
210090,289.138,288.518,0.433052,-1.178
210100,289.138,288.518,0.433052,-1.178
210110,289.138,288.518,0.433052,-1.178
210120,288.905,288.518,0.433052,-1.178
210130,289.02,288.518,0.433052,-1.178
210140,289.097,288.518,0.433052,-1.178
210150,289.097,288.518,18.4215,-1.178
210160,289.097,288.515,22.2852,-1.178
210170,289.097,288.515,22.2852,-1.178
210180,289.61,289.067,3.7329,-1.178
210190,289.42,289.067,61.4796,-1.178
210200,289.42,289.067,61.4796,-1.178
210210,289.42,289.067,61.4796,-1.178
210220,289.42,289.067,61.4796,-1.178
210230,289.42,289.067,61.4796,-1.178
210240,289.42,289.067,61.4796,-1.178
210250,289.42,289.067,61.4796,-1.178
210260,289.327,289.067,61.4796,-1.178
210270,289.327,289.067,61.4796,-1.178
210280,289.327,289.067,61.4796,-1.178
210290,289.507,289.067,53.4245,-3.36303
210300,290.022,289.067,53.4245,-3.36303
210310,290.022,289.63,20.3458,-1.178
210320,289.645,289.63,20.3458,-1.178
210330,289.645,289.309,20.3458,-1.178
210340,289.58,289.309,20.3458,-1.178
210350,289.476,289.309,20.3458,-1.178
210360,289.476,289.309,59.8253,-1.178
210370,289.476,289.309,22.437,-1.178
210380,289.476,289.187,22.437,-1.178
210390,289.687,289.187,0.17658,-1.178
210400,289.687,289.187,0.17658,-1.178
210410,289.687,288.836,82.5519,-5.42989
210420,289.52,287.868,39.0336,-5.42989
210430,289.52,289.115,39.0336,-1.178
210440,289.603,289.115,39.0336,-1.178
210450,289.603,288.315,39.0336,-5.42989
210460,288.597,288.315,44.4483,-1.178
210470,290.174,288.315,44.4483,-5.42989
210480,289.138,288.315,44.4483,-3.36303
210490,289.138,288.31,44.4483,-3.36303
210500,289.138,288.31,44.4483,-3.36303
210510,289.031,288.31,44.4483,-3.36303
210520,289.031,288.31,44.4483,-3.36303
210530,289.031,288.31,75.9132,-3.36303
210540,288.647,288.48,14.2959,-1.178
210550,288.94,288.493,48.1042,-1.178
210560,289.094,288.642,48.1042,-1.178
210570,289.094,288.642,48.1042,-1.178
210580,289.531,288.398,29.1371,-3.36303
210590,289.827,288.967,29.1371,-3.36303
210600,289.954,288.967,31.3892,-3.36303
210610,289.678,288.967,31.3892,-3.36303
210620,289.678,289.301,13.2414,-1.178
210630,289.529,288.727,13.2414,-3.36303
210640,289.529,288.727,13.2414,-3.36303
210650,289.753,288.727,16.1164,-3.36303
210660,289.753,289.277,16.1164,-1.178
210670,289.753,289.277,44.0991,-1.178
210680,289.753,289.277,44.0991,-1.178
210690,289.753,289.277,44.0991,-1.178
210700,289.753,289.277,44.0991,-1.178
210710,289.753,289.277,44.0991,-1.178
210720,289.756,289.277,44.0991,-1.178
210730,289.756,289.277,44.0991,-1.178
210740,289.331,289.277,7.41575,-1.178
210750,289.331,289.29,7.41575,-1.178
210760,289.331,289.102,54.0838,-1.178
210770,289.62,289.102,49.6201,-3.36303
210780,290.146,289.479,49.6201,-3.36303
210790,290.146,289.704,49.6201,-1.178
210800,290.146,289.695,49.6201,-1.178
210810,290.146,289.695,49.6201,-1.178
210820,290.146,289.695,49.6201,-1.178
210830,290.146,289.695,49.6201,-1.178
210840,290.146,289.695,49.6201,-1.178
210850,290.129,289.695,49.6201,-1.178
210860,290.129,289.695,49.6201,-1.178
210870,290.034,289.695,49.6201,-1.178
210880,290.034,289.695,61.7912,-1.178
210890,290.034,289.695,61.7912,-1.178
210900,290.034,289.695,61.7912,-1.178
210910,290.139,289.695,16.189,-1.178
210920,290.139,289.614,16.189,-1.178
210930,290.139,289.614,16.189,-1.178
210940,290.139,289.271,37.6593,-3.36303
210950,290.139,289.271,37.6593,-3.36303
210960,289.978,289.271,37.6593,-3.36303
210970,289.978,289.819,37.6593,-1.178
210980,289.978,289.819,37.6593,-1.178
210990,289.978,289.617,37.6593,-1.178
211000,289.978,289.617,37.6593,-1.178
211010,289.84,289.617,37.6593,-1.178
211020,289.84,289.617,37.6593,-1.178
211030,289.88,289.7,37.6593,-1.178
211040,289.88,289.7,37.6593,-1.178
211050,289.88,289.7,19.3974,-1.178
211060,289.872,289.7,88.0315,-1.178
211070,289.872,289.848,88.0315,-1.178
211080,289.872,289.848,88.0315,-1.178
211090,289.955,289.848,90.9646,-1.178
211100,289.955,289.848,90.9646,-1.178
211110,289.872,289.858,105.99,-1.178
211120,289.872,289.858,105.99,-1.178
211130,289.872,289.858,105.99,-1.178
211140,290.073,289.858,61.8006,-1.178
211150,290.073,289.858,61.8006,-1.178
211160,290.073,290.028,59.5675,-1.178
211170,290.073,290.072,50.4888,-1.178
211180,290.073,290.072,119.361,-1.178
211190,290.073,290.072,119.361,-1.178
211200,290.073,290.072,119.361,-1.178
211210,290.073,290.072,54.3054,-1.178
211220,290.073,290.072,54.3054,-1.178
211230,290.417,290.072,54.3054,-1.178
211240,290.417,290.072,54.3054,-1.178
211250,290.417,290.223,26.2949,-1.178
211260,290.417,290.223,26.2949,-1.178
211270,290.59,290.223,26.2949,-1.178
211280,290.59,290.484,11.051,-1.178
211290,290.516,290.484,97.814,-1.178
211300,290.516,290.484,97.814,-1.178
211310,290.516,290.484,71.5482,-1.178
211320,290.516,290.484,71.5482,-1.178
211330,290.516,290.484,71.5482,-1.178
211340,290.516,290.484,121.913,-1.178
211350,290.518,290.484,121.913,-1.178
211360,290.518,290.484,121.913,-1.178
211370,290.518,290.484,9.18857,-1.178
211380,290.518,290.484,98.1188,-1.178
211390,290.518,290.484,105.01,-1.178
211400,290.518,290.484,103.209,-1.178
211410,290.518,290.484,103.209,-1.178
211420,290.848,290.484,103.209,-3.36303
211430,290.848,290.501,103.209,-3.36303
211440,290.848,290.824,103.209,-1.178
211450,290.848,290.824,63.3528,-1.178
211460,290.998,290.824,63.3528,-1.178
211470,290.998,290.878,63.3528,-1.178
211480,291.17,290.878,63.3528,-1.178
211490,291.17,290.878,63.3528,-1.178
211500,291.17,290.878,63.3528,-1.178
211510,291.17,290.878,12.4359,-1.178
211520,291.17,291.119,12.4359,-1.178
211530,291.17,291.119,12.4359,-1.178
211540,291.262,291.119,12.4359,-1.178
211550,291.262,291.099,12.4359,-1.178
211560,291.555,290.93,12.4359,-1.178
211570,291.555,290.954,12.4359,-1.178
211580,291.768,290.5,12.4359,-3.36303
211590,291.768,290.5,12.4359,-3.36303
211600,290.608,290.5,83.0536,-1.178
211610,290.608,290.5,102.826,-1.178
211620,290.608,290.5,102.826,-1.178
211630,290.608,290.5,74.2394,-1.178
211640,290.608,290.5,6.10894,-1.178
211650,291.598,290.5,6.10894,-3.36303
211660,291.598,290.5,6.10894,-3.36303
211670,290.974,290.5,6.10894,-1.178
211680,290.815,290.5,6.10894,-1.178
211690,290.815,290.5,53.4851,-1.178
211700,290.815,290.5,53.4851,-1.178
211710,290.642,290.5,79.5801,-1.178
211720,290.642,290.5,102.141,-1.178
211730,290.642,290.432,33.8138,-1.178
211740,293.012,290.432,33.8138,-7.49676
211750,290.962,290.432,33.8138,-1.178
211760,290.962,290.835,72.0027,-1.178
211770,290.962,290.637,24.6332,-1.178
211780,290.962,290.637,24.6332,-1.178
211790,290.962,290.75,24.6332,-1.178
211800,290.962,290.75,68.8568,-1.178
211810,290.962,290.759,68.8568,-1.178
211820,291.086,290.759,59.0113,-1.178
211830,291.086,290.759,59.0113,-1.178
211840,291.086,290.759,33.5368,-1.178
211850,291.086,290.759,33.5368,-1.178
211860,291.086,290.759,65.5621,-1.178
211870,291.086,290.759,55.6131,-1.178
211880,291.086,290.759,55.6131,-1.178
211890,291.086,290.759,55.6131,-1.178
211900,291.086,290.759,101.098,-3.36303
211910,290.816,290.759,101.098,-1.178
211920,290.816,290.759,66.6596,-1.178
211930,290.816,290.759,70.691,-1.178
211940,290.816,290.759,70.691,-1.178
211950,290.816,290.759,70.691,-1.178
211960,290.816,290.759,86.0245,-1.178
211970,290.816,290.759,86.0245,-1.178
211980,290.816,290.729,86.0245,-1.178
211990,290.816,290.729,86.0245,-1.178
212000,290.816,290.747,86.0245,-1.178
212010,290.816,290.747,52.7819,-1.178
212020,290.816,290.529,7.14233,-1.178
212030,290.816,290.529,7.14233,-1.178
212040,290.816,290.585,7.14233,-1.178
212050,290.424,290.205,64.1749,-1.178
212060,290.508,290.205,34.9011,-1.178
212070,290.508,290.205,50.4596,-1.178
212080,290.508,290.433,14.4609,-1.178
212090,290.508,290.433,73.4854,-1.178
212100,290.508,290.433,73.4854,-1.178
212110,290.508,290.433,73.4854,-1.178
212120,290.508,290.433,73.4854,-1.178
212130,290.508,290.433,73.4854,-1.178
212140,290.508,290.433,73.4854,-1.178
212150,290.508,290.206,3.88532,-1.178
212160,290.508,289.826,3.88532,-1.178
212170,290.508,290.042,3.88532,-1.178
212180,290.508,290.042,3.88532,-1.178
212190,290.508,290.24,3.88532,-1.178
212200,290.508,290.24,68.1164,-1.178
212210,290.508,290.24,68.1164,-1.178
212220,290.324,290.24,53.3558,-1.178
212230,290.324,290.24,50.7157,-1.178
212240,290.324,290.24,50.7157,-1.178
212250,290.414,290.24,66.6588,-1.178
212260,290.414,290.24,119.135,-3.36303
212270,290.414,290.24,119.135,-3.36303
212280,290.414,290.24,14.9838,-1.178
212290,290.604,290.24,14.9838,-1.178
212300,290.604,290.24,14.9838,-1.178
212310,290.959,290.24,14.9838,-3.36303
212320,291.203,290.076,14.9838,-3.36303
212330,291.203,290.076,26.3058,-3.36303
212340,291.004,290.076,26.3058,-3.36303
212350,290.63,290.275,26.3058,-1.178
212360,290.63,290.275,26.3058,-1.178
212370,290.63,290.275,2.39001,-1.178
212380,290.63,290.275,2.39001,-1.178
212390,290.63,290.563,2.39001,-1.178
212400,290.9,290.323,2.39001,-1.178
212410,290.9,290.677,2.39001,-1.178
212420,290.953,290.677,2.39001,-1.178
212430,290.953,290.766,2.39001,-1.178
212440,290.953,290.766,93.0218,-1.178
212450,290.953,290.766,81.7057,-1.178
212460,290.953,290.766,81.7057,-1.178
212470,290.953,290.766,81.7057,-1.178
212480,290.775,290.766,81.7057,-1.178
212490,290.775,290.766,81.7057,-1.178
212500,290.775,290.766,133.276,-1.178
212510,290.775,290.766,22.7525,-1.178
212520,290.775,290.766,108.277,-1.178
212530,290.775,290.766,77.7606,-1.178
212540,290.775,290.766,77.7606,-1.178
212550,290.775,290.766,23.0661,-1.178
212560,290.899,290.766,23.0661,-1.178
212570,291.111,290.766,21.625,-1.178
212580,291.178,290.766,21.625,-1.178
212590,291.324,290.759,21.625,-1.178
212600,290.885,290.759,21.625,-1.178
212610,290.885,290.759,24.1956,-1.178
212620,291.136,290.759,24.1956,-1.178
212630,290.901,290.759,24.1956,-1.178
212640,290.901,290.759,94.8054,-1.178
212650,290.579,290.476,78.4158,-1.178
212660,290.579,290.476,38.7054,-1.178
212670,290.579,290.476,122.091,-3.36303
212680,290.579,290.06,30.5155,-1.178
212690,290.579,290.06,30.5155,-1.178
212700,290.184,290.06,30.5155,-1.178
212710,290.184,290.06,30.5155,-1.178
212720,290.184,290.083,74.8392,-1.178
212730,290.184,289.874,74.8392,-1.178
212740,289.945,289.874,74.8392,-1.178
212750,289.906,289.874,74.8392,-1.178
212760,290.273,289.874,74.8392,-3.36303
212770,290.273,289.874,74.8392,-3.36303
212780,290.369,289.897,74.8392,-3.36303
212790,290.521,289.897,55.3866,-3.36303
212800,290.521,290.035,55.3866,-3.36303
212810,290.336,290.035,55.3866,-1.178
212820,290.336,290.035,55.3866,-1.178
212830,290.336,290.035,55.3866,-1.178
212840,290.336,290.035,55.3866,-1.178
212850,290.336,290.135,55.3866,-1.178
212860,290.204,290.135,12.1103,-1.178
212870,290.204,290.135,12.2105,-1.178
212880,290.204,290.135,12.2105,-1.178
212890,290.204,290.135,12.2105,-1.178
212900,290.204,290.135,90.6721,-1.178
212910,290.204,290.135,90.6721,-1.178
212920,290.204,290.135,90.6721,-1.178
212930,290.204,290.135,90.6721,-1.178
212940,290.337,290.135,53.475,-1.178
212950,290.358,290.135,53.475,-1.178
212960,290.358,290.135,53.475,-1.178
212970,290.358,290.135,53.475,-1.178
212980,290.358,290.135,53.475,-1.178
212990,290.358,290.135,53.475,-1.178
213000,290.358,290.004,53.475,-1.178
213010,290.358,290.004,53.475,-1.178
213020,290.533,290.004,53.475,-3.36303
213030,290.533,290.329,82.1437,-1.178
213040,290.533,290.127,82.1437,-3.36303
213050,290.533,289.912,44.0593,-3.36303
213060,290.174,289.912,44.0593,-1.178
213070,290.174,290.006,3.82812,-1.178
213080,290.174,290.006,9.75125,-1.178
213090,290.031,290.006,39.0715,-1.178
213100,290.031,290.006,39.0715,-1.178
213110,290.031,290.006,39.0715,-1.178
213120,290.031,290.006,49.6511,-1.178
213130,290.208,290.006,4.77821,-1.178
213140,290.208,290.006,4.77821,-1.178
213150,290.208,290.006,0.363275,-1.178
213160,290.208,289.718,0.363275,-1.178
213170,290.208,289.664,16.0774,-1.178
213180,290.208,289.633,16.0774,-1.178
213190,289.865,289.633,16.0774,-1.178
213200,289.865,289.633,70.5551,-1.178
213210,289.865,289.633,70.5551,-1.178
213220,289.838,289.353,49.7051,-3.36303
213230,294.171,289.133,172.012,-12.1972
213240,294.274,288.43,33.2127,-12.1972
213250,291.883,289.65,93.4887,-7.49676
213260,290.854,289.911,93.4887,-7.49676
213270,290.854,290.596,3.20638,-1.178
213280,290.854,290.596,3.20638,-1.178
213290,290.971,290.902,3.20638,-1.178
213300,291.019,290.902,27.3442,-1.178
213310,291.019,290.902,94.8873,-1.178
213320,291.048,290.902,94.8873,-1.178
213330,291.048,290.902,0.384731,-1.178
213340,291.048,290.902,0.384731,-1.178
213350,291.098,290.902,0.384731,-1.178
213360,291.098,291.017,97.5146,-1.178
213370,291.098,291.017,5.68789,-1.178
213380,290.944,290.276,5.68789,-1.178
213390,290.944,290.276,5.68789,-1.178
213400,290.855,290.276,5.68789,-1.178
213410,290.541,290.276,5.68789,-1.178
213420,290.541,290.276,3.36786,-1.178
213430,290.541,290.276,51.6311,-1.178
213440,290.541,290.276,51.6311,-1.178
213450,291.035,290.276,25.4451,-3.36303
213460,291.035,290.986,25.4451,-1.178
213470,291.104,290.986,25.4451,-1.178
213480,291.104,290.986,25.4451,-1.178
213490,291.104,291.035,50.5842,-1.178
213500,290.844,290.767,50.5842,-1.178
213510,290.844,290.767,66.7836,-1.178
213520,290.844,290.767,78.8177,-1.178
213530,290.844,290.767,41.3159,-1.178
213540,290.844,290.767,8.27952,-1.178
213550,290.844,290.767,26.2324,-1.178
213560,290.844,290.767,26.2324,-1.178
213570,290.844,290.767,107.423,-1.178
213580,290.844,290.767,107.423,-1.178
213590,290.844,290.767,107.423,-1.178
213600,290.844,290.767,32.0336,-1.178
213610,290.844,290.767,19.7744,-1.178
213620,290.844,290.767,101.209,-1.178
213630,290.844,290.767,57.3077,-1.178
213640,290.844,290.708,9.03565,-1.178
213650,290.844,290.708,9.03565,-1.178
213660,290.844,290.708,29.9866,-1.178
213670,290.804,290.708,29.9866,-1.178
213680,290.804,290.708,10.462,-1.178
213690,290.804,290.718,10.462,-1.178
213700,290.989,290.503,10.462,-1.178
213710,290.991,290.503,10.462,-1.178
213720,290.991,290.851,96.2939,-1.178
213730,290.991,290.851,104.361,-1.178
213740,290.991,290.851,104.361,-1.178
213750,290.991,290.828,104.361,-1.178
213760,290.991,290.828,104.361,-1.178
213770,290.991,290.828,93.1483,-1.178
213780,290.9,290.828,93.1483,-1.178
213790,290.9,290.828,93.1483,-1.178
213800,290.9,290.828,93.1483,-1.178
213810,290.9,290.828,69.4526,-1.178
213820,290.9,290.828,110.195,-1.178
213830,290.9,290.828,2.17903,-1.178
213840,290.9,289.968,37.9083,-3.36303
213850,290.958,289.968,37.9083,-3.36303
213860,290.8,290.437,37.9083,-1.178
213870,290.749,290.437,37.9083,-1.178
213880,290.773,290.448,37.9083,-1.178
213890,290.856,290.621,46.0995,-1.178
213900,290.856,290.621,46.0995,-1.178
213910,290.858,290.621,46.0995,-1.178
213920,290.858,290.506,51.5994,-1.178
213930,290.858,290.688,51.5994,-1.178
213940,290.858,290.688,51.5994,-1.178
213950,290.858,290.688,51.5994,-1.178
213960,290.858,290.688,9.6226,-1.178
213970,289.83,289.711,9.6226,-1.178
213980,289.83,289.711,61.5436,-1.178
213990,289.362,288.008,61.5436,-5.42989
214000,289.362,287.929,61.5436,-5.42989
214010,288.389,287.929,61.5436,-3.36303
214020,288.389,288.079,61.5436,-1.178
214030,288.389,288.079,61.5436,-1.178
214040,288.389,288.079,101.67,-3.36303
214050,288.389,288.079,100.165,-3.36303
214060,288.389,288.079,100.165,-3.36303
214070,288.389,288.079,100.165,-3.36303
214080,288.389,287.984,100.165,-3.36303
214090,288.389,287.984,100.165,-3.36303
214100,288.099,287.984,62.4077,-1.178
214110,288.099,287.984,52.687,-1.178
214120,288.099,287.984,15.7898,-1.178
214130,288.511,287.761,15.7898,-3.36303
214140,286.838,286.391,15.7898,-1.178
214150,286.838,286.618,15.7898,-1.178
214160,286.838,286.618,15.7898,-1.178
214170,286.838,286.618,65.9321,-1.178
214180,286.838,286.618,65.9321,-1.178
214190,286.838,286.618,12.172,-1.178
214200,286.838,286.618,52.0615,-1.178
214210,286.767,286.339,112.055,-5.42989
214220,286.798,286.339,10.4008,-1.178
214230,286.798,286.297,10.4008,-1.178
214240,286.798,286.297,2.54516,-1.178
214250,286.798,286.307,2.54516,-1.178
214260,286.798,286.307,2.54516,-1.178
214270,286.798,286.307,2.54516,-1.178
214280,286.675,286.307,35.1611,-1.178
214290,286.675,286.307,35.1611,-1.178
214300,286.675,286.307,89.5688,-3.36303
214310,286.675,286.307,89.5688,-3.36303
214320,286.675,286.307,36.1202,-1.178
214330,286.051,285.821,30.0003,-1.178
214340,286.148,285.821,30.0003,-1.178
214350,286.148,285.821,30.0003,-1.178
214360,286.148,285.821,30.0003,-1.178
214370,286.148,285.821,40.7404,-1.178
214380,286.148,285.666,40.7404,-1.178
214390,286.148,285.666,22.5275,-1.178
214400,286.346,285.666,22.5275,-3.36303
214410,286.346,285.848,28.2371,-1.178
214420,286.346,285.848,6.45053,-1.178
214430,286.267,285.848,6.45053,-1.178
214440,286.267,285.848,6.45053,-1.178
214450,286.267,285.848,6.45053,-1.178
214460,286.267,285.848,33.5143,-1.178
214470,286.267,285.848,33.5143,-1.178
214480,286.267,285.848,52.8016,-1.178
214490,286.019,285.848,52.8016,-1.178
214500,286.019,285.848,43.2333,-1.178
214510,286.019,285.848,43.2333,-1.178
214520,286.019,285.848,43.2333,-1.178
214530,286.019,285.848,57.2822,-1.178
214540,284.959,284.175,57.2822,-3.36303
214550,284.959,284.175,57.2822,-3.36303
214560,284.264,284.175,99.0613,-1.178
214570,284.264,284.175,99.0613,-1.178
214580,284.264,284.175,99.0968,-1.178
214590,284.501,284.175,9.06683,-1.178
214600,284.501,284.019,42.9828,-1.178
214610,284.501,284.019,42.9828,-1.178
214620,284.501,284.019,42.9828,-1.178
214630,284.501,284.16,36.3534,-1.178
214640,284.501,284.16,36.3534,-1.178
214650,284.501,284.311,36.3534,-1.178
214660,284.501,284.311,42.92,-1.178
214670,284.501,284.311,26.5163,-1.178
214680,284.501,284.311,26.5163,-1.178
214690,284.501,284.36,26.5163,-1.178
214700,284.501,284.36,45.7511,-1.178
214710,284.532,284.282,45.7511,-1.178
214720,284.532,284.282,45.7511,-1.178
214730,284.532,284.215,45.7511,-1.178
214740,284.512,284.215,45.7511,-1.178
214750,284.512,284.215,85.4247,-3.36303
214760,284.655,284.367,85.4247,-3.36303
214770,284.655,284.367,43.9092,-1.178
214780,284.655,284.367,43.9092,-1.178
214790,284.655,284.367,43.9092,-1.178
214800,284.655,284.367,43.9092,-1.178
214810,284.655,284.367,11.4549,-1.178
214820,284.655,284.367,78.9975,-1.178
214830,284.655,284.576,78.9975,-1.178
214840,284.655,284.576,78.9975,-1.178
214850,284.655,284.576,81.3033,-1.178
214860,284.655,284.576,2.48552,-1.178
214870,284.655,284.576,104.676,-1.178
214880,284.655,284.576,30.3483,-1.178
214890,284.655,284.576,104.577,-1.178
214900,284.701,284.576,104.577,-1.178
214910,284.701,284.576,104.577,-1.178
214920,284.701,284.576,79.3951,-1.178
214930,284.812,284.766,17.3223,-1.178
214940,284.812,284.368,17.3223,-1.178
214950,284.812,284.227,17.3223,-1.178
214960,284.812,284.707,17.3223,-1.178
214970,284.812,284.707,17.3223,-1.178
214980,284.812,284.651,61.3034,-1.178
214990,284.812,284.651,43.6804,-1.178
215000,284.812,284.651,58.6073,-1.178
215010,284.812,284.651,58.6073,-1.178
215020,284.812,284.651,58.6073,-1.178
215030,284.812,284.495,58.6073,-1.178
215040,284.753,284.495,58.6073,-1.178
215050,284.753,284.495,3.02456,-1.178
215060,284.753,284.531,3.02456,-1.178
215070,284.753,284.616,3.02456,-1.178
215080,284.753,284.616,3.02456,-1.178
215090,284.753,284.616,3.02456,-1.178
215100,284.753,284.616,101.976,-1.178
215110,284.753,284.597,101.976,-1.178
215120,284.753,284.597,101.976,-1.178
215130,284.753,284.7,101.976,-1.178
215140,284.753,284.634,29.6565,-1.178
215150,284.753,284.634,29.6565,-1.178
215160,284.753,284.634,29.6565,-1.178
215170,284.753,284.634,104.305,-1.178
215180,284.753,284.634,104.305,-1.178
215190,284.753,284.612,104.305,-1.178
215200,284.753,284.612,104.305,-1.178
215210,284.753,284.612,7.53346,-1.178
215220,284.753,284.612,7.53346,-1.178
215230,284.753,284.612,81.8037,-1.178
215240,284.753,284.612,81.8037,-1.178
215250,285.023,284.612,92.6488,-3.36303
215260,285.023,284.612,92.6488,-3.36303
215270,285.023,284.612,19.0813,-1.178
215280,284.538,284.437,12.1543,-1.178
215290,284.538,284.437,12.1543,-1.178
215300,284.538,284.208,14.9827,-1.178
215310,284.538,284.208,14.9827,-1.178
215320,284.538,284.328,14.9827,-1.178
215330,284.697,284.328,24.8125,-1.178
215340,284.697,284.328,24.8125,-1.178
215350,284.889,284.328,24.8125,-1.178
215360,284.889,284.328,24.8125,-1.178
215370,284.889,284.328,24.8125,-1.178
215380,284.889,284.396,24.8125,-1.178
215390,284.889,284.396,24.8125,-1.178
215400,284.889,284.396,24.8125,-1.178
215410,284.506,284.396,24.8125,-1.178
215420,284.506,284.396,24.8125,-1.178
215430,284.94,284.396,24.8125,-1.178
215440,284.94,284.396,99.3473,-5.42989
215450,284.704,284.174,99.3473,-5.42989
215460,284.704,284.174,99.3473,-5.42989
215470,284.704,282.165,99.3473,-7.49676
215480,282.567,282.445,99.3473,-1.178
215490,282.567,282.445,99.3473,-1.178
215500,282.567,282.445,0.907791,-1.178
215510,281.604,281.508,83.8305,-1.178
215520,281.604,281.508,83.8305,-1.178
215530,281.604,281.508,34.0747,-1.178
215540,281.909,281.601,34.0747,-1.178
215550,281.88,281.601,34.0747,-1.178
215560,281.727,281.601,32.8846,-1.178
215570,281.889,281.601,32.8846,-1.178
215580,281.889,281.601,32.8846,-1.178
215590,281.986,281.601,32.8846,-1.178
215600,281.986,281.601,32.8846,-1.178
215610,281.986,281.601,32.8846,-1.178
215620,281.986,281.601,32.8846,-1.178
215630,281.986,281.517,32.8846,-1.178
215640,281.986,281.517,32.8846,-1.178
215650,281.986,281.861,32.8846,-1.178
215660,282.173,281.861,32.8846,-1.178
215670,282.173,281.861,32.8846,-1.178
215680,282.173,281.819,36.6761,-1.178
215690,282.173,281.329,36.6761,-3.36303
215700,281.632,281.155,36.6761,-1.178
215710,281.632,281.609,119.23,-1.178
215720,281.632,281.609,119.23,-1.178
215730,281.632,281.609,119.23,-1.178
215740,281.632,281.609,119.23,-1.178
215750,281.632,281.609,119.23,-1.178
215760,281.632,281.609,119.23,-1.178
215770,282.016,281.609,58.0055,-1.178
215780,282.016,281.609,58.0055,-1.178
215790,282.016,281.609,58.0055,-1.178
215800,281.64,281.609,58.0055,-1.178
215810,282.381,281.609,58.0055,-3.36303
215820,281.952,281.609,58.0055,-1.178
215830,281.952,281.686,58.0055,-1.178
215840,281.952,281.686,58.0055,-1.178
215850,282.09,281.686,40.6361,-1.178
215860,282.09,281.686,10.1338,-1.178
215870,282.09,281.032,10.1338,-3.36303
215880,282.122,281.032,14.1661,-3.36303
215890,282.122,281.032,14.1661,-3.36303
215900,281.552,281.032,14.1661,-1.178
215910,281.552,281.032,14.1661,-1.178
215920,281.552,280.981,16.6433,-1.178
215930,281.552,280.981,4.33114,-1.178
215940,281.552,281.135,4.33114,-1.178
215950,281.552,280.937,4.33114,-1.178
215960,281.552,280.937,4.33114,-1.178
215970,281.334,280.937,4.33114,-1.178
215980,281.224,280.566,4.33114,-1.178
215990,281.224,280.566,4.33114,-1.178
216000,281.224,280.566,4.33114,-1.178
216010,280.593,280.51,61.3565,-1.178
216020,280.593,280.51,53.6451,-1.178
216030,280.593,280.502,53.6451,-1.178
216040,280.593,280.502,5.61366,-1.178
216050,281.026,280.502,33.1092,-1.178
216060,281.026,280.502,33.1092,-1.178
216070,281.026,280.502,33.1092,-1.178
216080,281.026,280.502,33.1092,-1.178
216090,280.286,279.576,33.1092,-3.36303
216100,280.13,279.11,33.1092,-3.36303
216110,280.13,279.11,33.1092,-3.36303
216120,279.741,278.859,33.1092,-3.36303
216130,279.741,279.604,45.0879,-1.178
216140,280.023,279.604,45.0879,-1.178
216150,280.023,279.604,14.8702,-1.178
216160,280.591,279.999,14.8702,-1.178
216170,280.389,279.999,14.8702,-1.178
216180,279.077,279.075,14.8702,-1.178
216190,279.077,279.075,106.85,-1.178
216200,279.077,279.075,106.85,-1.178
216210,279.095,279.075,96.9765,-1.178
216220,279.095,279.075,56.6755,-1.178
216230,279.095,279.075,56.6755,-1.178
216240,279.095,279.075,75.3416,-1.178
216250,279.095,279.075,97.6817,-1.178
216260,279.095,279.075,93.3062,-1.178
216270,279.135,279.075,93.3062,-1.178
216280,279.135,279.075,49.6079,-1.178
216290,279.135,278.915,49.6079,-1.178
216300,279.135,278.915,6.45344,-1.178
216310,279,278.782,6.45344,-1.178
216320,279,278.782,10.0569,-1.178
216330,279,278.782,10.0569,-1.178
216340,279.307,277.932,10.0569,-3.36303
216350,278.386,277.932,10.0569,-1.178
216360,278.08,277.932,26.0373,-1.178
216370,278.08,277.932,26.0373,-1.178
216380,278.08,277.932,1.12938,-1.178
216390,278.08,277.935,76.5866,-1.178
216400,278.08,277.935,28.9318,-1.178
216410,278.08,277.935,36.5805,-1.178
216420,278.08,277.935,36.5805,-1.178
216430,278.08,277.9,36.5805,-1.178
216440,278.08,277.9,79.6689,-1.178
216450,278.08,277.9,13.0483,-1.178
216460,278.08,277.9,13.0483,-1.178
216470,278.08,277.846,69.949,-1.178
216480,278.08,277.846,61.9093,-1.178
216490,278.08,277.846,61.9093,-1.178
216500,278.08,277.825,82.6175,-1.178
216510,278.08,277.825,79.6919,-1.178
216520,278.08,277.825,79.6919,-1.178
216530,277.992,277.825,32.6441,-1.178
216540,277.992,277.839,32.6441,-1.178
216550,277.96,277.661,32.6441,-1.178
216560,277.96,277.661,54.1468,-1.178
216570,277.96,277.661,54.1468,-1.178
216580,277.96,277.661,54.1468,-1.178
216590,277.96,277.95,54.1468,-1.178
216600,277.96,277.95,87.8713,-1.178
216610,277.96,277.95,87.8713,-1.178
216620,277.96,277.95,87.8713,-1.178
216630,277.96,277.95,87.8713,-1.178
216640,277.96,277.95,112.332,-1.178
216650,277.96,277.95,43.3578,-1.178
216660,278.345,277.95,15.8945,-1.178
216670,278.345,277.95,95.398,-3.36303
216680,278.345,277.95,95.398,-3.36303
216690,278.235,277.914,95.398,-3.36303
216700,278.235,277.914,102.785,-3.36303
216710,278.235,277.914,102.785,-3.36303
216720,278.235,277.914,102.785,-3.36303
216730,278.235,277.914,102.785,-3.36303
216740,278.235,278.206,105.319,-1.178
216750,278.235,278.206,64.1353,-1.178
216760,278.235,278.206,64.1353,-1.178
216770,278.235,277.934,64.1353,-1.178
216780,278.235,277.934,69.9013,-1.178
216790,278.235,277.934,52.7979,-1.178
216800,278.235,277.934,52.7979,-1.178
216810,278.235,277.934,52.7979,-1.178
216820,278.235,277.934,1.47802,-1.178
216830,278.315,277.934,1.47802,-1.178
216840,278.315,277.934,1.47802,-1.178
216850,278.315,277.934,42.6316,-1.178
216860,278.315,277.934,42.6316,-1.178
216870,278.315,277.934,42.6316,-1.178
216880,278.315,277.934,40.6524,-1.178
216890,278.315,277.934,40.6524,-1.178
216900,278.315,277.983,40.6524,-1.178
216910,277.712,277.471,41.5851,-1.178
216920,278.261,277.735,41.5851,-3.36303
216930,277.986,277.735,7.71036,-1.178
216940,277.986,277.735,7.71036,-1.178
216950,277.986,277.809,7.71036,-1.178
216960,278.363,278.111,33.4526,-1.178
216970,278.363,278.111,68.9499,-1.178
216980,278.363,278.111,87.4296,-1.178
216990,278.363,278.111,69.4418,-1.178
217000,278.363,278.111,27.4437,-1.178
217010,278.363,278.111,27.4437,-1.178
217020,278.363,278.111,27.4437,-1.178
217030,278.203,277.968,27.4437,-1.178
217040,278.627,278.147,27.4437,-1.178
217050,278.627,278.147,27.4437,-1.178
217060,278.627,278.147,27.4437,-1.178
217070,278.627,278.147,27.4437,-1.178
217080,278.627,278.147,46.14,-3.36303
217090,279.043,279.006,62.98,-1.178
217100,279.043,279.006,62.98,-1.178
217110,279.043,278.861,62.98,-1.178
217120,279.043,278.861,37.184,-1.178
217130,278.988,278.861,37.184,-1.178
217140,278.988,278.861,37.184,-1.178
217150,278.905,278.861,37.184,-1.178
217160,278.905,278.497,37.184,-1.178
217170,278.905,278.497,37.184,-1.178
217180,278.905,278.497,37.184,-1.178
217190,278.843,278.597,37.184,-1.178
217200,278.843,278.597,37.184,-1.178
217210,278.843,278.597,37.184,-1.178
217220,278.843,278.597,37.184,-1.178
217230,278.843,278.597,37.184,-1.178
217240,278.843,278.597,37.184,-1.178
217250,278.843,278.597,37.184,-1.178
217260,278.843,278.597,37.184,-1.178
217270,279.109,278.597,37.184,-1.178
217280,279.109,278.597,37.184,-1.178
217290,279.109,278.597,37.184,-1.178
217300,279.109,278.597,37.184,-1.178
217310,279.109,278.597,37.184,-1.178
217320,278.647,278.597,37.184,-1.178
217330,278.647,278.597,37.184,-1.178
217340,278.647,278.597,43.0894,-1.178
217350,278.647,278.597,43.0894,-1.178
217360,278.647,278.56,43.0894,-1.178
217370,278.647,278.093,43.0894,-3.36303
217380,278.647,278.093,59.6903,-3.36303
217390,278.647,278.468,13.5315,-1.178
217400,278.647,278.468,35.7502,-1.178
217410,279.446,278.374,35.7502,-3.36303
217420,279.249,279.248,11.686,-1.178
217430,279.249,279.248,20.2793,-1.178
217440,279.249,279.248,20.2793,-1.178
217450,279.249,278.727,35.1551,-1.178
217460,279.249,279.239,35.1551,-1.178
217470,279.249,279.239,35.1551,-1.178
217480,279.249,279.239,124.411,-1.178
217490,279.249,279.239,124.411,-1.178
217500,279.249,279.239,73.5415,-1.178
217510,279.249,279.166,41.845,-1.178
217520,279.249,279.166,96.0401,-1.178
217530,279.249,279.166,96.0401,-1.178
217540,279.249,279.166,67.9705,-1.178
217550,279.249,279.166,41.7264,-1.178
217560,279.249,279.166,121.817,-3.36303
217570,279.249,279.166,121.817,-3.36303
217580,279.249,279.166,26.3658,-1.178
217590,279.561,279.166,44.2503,-1.178
217600,279.561,279.166,44.2503,-1.178
217610,279.561,279.166,44.2503,-1.178
217620,279.561,279.166,97.5041,-3.36303
217630,279.561,279.166,87.56,-3.36303
217640,279.561,279.166,23.0441,-1.178
217650,279.561,278.983,23.0441,-1.178
217660,279.561,279.491,23.0441,-1.178
217670,279.324,278.961,23.0441,-1.178
217680,279.324,278.961,23.0441,-1.178
217690,279.324,279.186,6.46888,-1.178
217700,279.797,279.213,6.46888,-1.178
217710,279.327,279.161,6.46888,-1.178
217720,279.285,279.161,6.46888,-1.178
217730,279.327,279.241,56.2273,-1.178
217740,279.261,279.241,56.2273,-1.178
217750,278.949,277.935,56.2273,-5.42989
217760,278.949,278.928,105.648,-1.178
217770,278.949,278.928,46.584,-1.178
217780,278.949,278.928,125.186,-1.178
217790,278.949,278.928,125.186,-1.178
217800,278.949,278.928,50.2761,-1.178
217810,278.949,278.928,122.917,-1.178
217820,278.998,278.928,122.917,-1.178
217830,279.091,278.928,122.917,-3.36303
217840,279.091,278.928,122.917,-3.36303
217850,279.091,278.928,122.917,-3.36303
217860,279.091,278.928,122.917,-3.36303
217870,279.091,278.928,56.8738,-1.178
217880,279.091,278.904,56.8738,-1.178
217890,278.928,278.859,56.8738,-1.178
217900,278.928,278.859,37.3723,-1.178
217910,278.928,278.859,37.3723,-1.178
217920,278.928,278.859,37.3723,-1.178
217930,279.139,278.859,37.3723,-1.178
217940,279.139,278.859,25.932,-1.178
217950,279.139,278.859,104.447,-3.36303
217960,279.176,278.859,105.901,-3.36303
217970,279.176,278.859,52.5765,-1.178
217980,279.176,278.859,52.5765,-1.178
217990,279.176,278.848,68.0794,-1.178
218000,279.176,278.848,77.902,-3.36303
218010,279.176,278.848,14.8894,-1.178
218020,279.176,278.848,73.2811,-1.178
218030,279.176,278.848,73.2811,-1.178
218040,279.176,278.848,73.2811,-1.178
218050,279.176,278.848,28.5118,-1.178
218060,279.305,278.848,16.7336,-1.178
218070,279.305,278.848,16.7336,-1.178
218080,279.305,278.848,16.7336,-1.178
218090,279.305,278.782,16.7336,-1.178
218100,279.305,278.782,16.7336,-1.178
218110,279.305,278.782,54.9054,-3.36303
218120,279.37,278.458,54.9054,-3.36303
218130,279.37,279.274,28.6089,-1.178
218140,279.298,279.274,14.7944,-1.178
218150,279.577,279.274,14.7944,-1.178
218160,280.241,279.274,14.7944,-3.36303
218170,280.009,278.805,14.7944,-3.36303
218180,279.588,279.28,15.5381,-1.178
218190,279.588,279.28,15.5381,-1.178
218200,278.876,278.774,15.5381,-1.178
218210,278.876,278.774,15.5381,-1.178
218220,278.876,278.86,3.26487,-1.178
218230,278.876,278.86,3.26487,-1.178
218240,278.876,278.86,3.26487,-1.178
218250,279.432,278.86,3.26487,-1.178
218260,278.935,278.86,3.26487,-1.178
218270,279.107,278.86,11.9395,-1.178
218280,279.134,278.86,11.9395,-1.178
218290,279.134,278.86,51.2599,-1.178
218300,279.651,278.86,51.2599,-3.36303
218310,279.651,279.55,51.2599,-1.178
218320,279.651,279.55,51.2599,-1.178
218330,279.651,279.55,91.6134,-1.178
218340,279.651,279.55,91.6134,-1.178
218350,279.651,279.55,91.6134,-1.178
218360,279.651,279.55,91.6134,-1.178
218370,279.651,279.55,91.6134,-1.178
218380,279.651,279.55,91.6134,-1.178
218390,279.651,279.55,91.6134,-1.178
218400,279.595,279.55,64.5557,-1.178
218410,279.595,279.55,64.5969,-1.178
218420,279.595,279.55,95.374,-1.178
218430,279.595,279.55,95.374,-1.178
218440,279.595,279.55,95.374,-1.178
218450,279.595,279.55,95.374,-1.178
218460,279.733,279.55,59.5596,-1.178
218470,279.829,279.55,59.5596,-1.178
218480,280.233,279.55,30.6066,-3.36303
218490,281.623,279.584,33.5973,-5.42989
218500,281.623,279.89,33.5973,-5.42989
218510,281.778,279.89,126.966,-7.49676
218520,280.255,279.89,19.9847,-1.178
218530,280.255,279.89,19.9847,-1.178
218540,280.255,279.89,19.9847,-1.178
218550,280.255,279.975,80.9772,-1.178
218560,280.255,279.975,80.9772,-1.178
218570,280.19,279.975,80.9772,-1.178
218580,280.19,279.975,80.9772,-1.178
218590,280.19,279.975,80.9772,-1.178
218600,280.19,279.507,2.03472,-1.178
218610,280.106,279.507,2.03472,-1.178
218620,280.106,279.507,2.03472,-1.178
218630,280.106,279.507,2.03472,-1.178
218640,279.82,279.507,2.03472,-1.178
218650,279.82,279.507,2.03472,-1.178
218660,279.82,279.507,75.3593,-1.178
218670,279.82,279.507,75.3593,-1.178
218680,279.82,279.507,102.778,-3.36303
218690,279.82,279.507,102.778,-3.36303
218700,279.82,279.548,102.778,-3.36303
218710,279.82,279.548,102.778,-3.36303
218720,279.82,279.548,69.83,-1.178
218730,279.82,279.548,82.3098,-1.178
218740,279.82,279.548,113.791,-3.36303
218750,279.82,279.548,83.826,-1.178
218760,279.82,279.771,83.826,-1.178
218770,279.82,279.771,83.826,-1.178
218780,279.82,279.771,96.9032,-1.178
218790,279.82,279.771,96.9032,-1.178
218800,279.82,279.771,96.9032,-1.178
218810,279.82,279.758,96.9032,-1.178
218820,279.82,279.736,96.9032,-1.178
218830,279.771,279.736,70.2842,-1.178
218840,279.982,279.736,55.8033,-1.178
218850,279.982,279.972,106.627,-1.178
218860,279.982,279.972,111.435,-1.178
218870,279.982,279.972,131.001,-1.178
218880,279.982,279.972,131.001,-1.178
218890,279.982,279.972,131.001,-1.178
218900,279.982,279.972,131.001,-1.178
218910,279.982,279.972,131.001,-1.178
218920,279.982,279.972,12.7442,-1.178
218930,279.982,279.972,26.8655,-1.178
218940,279.982,279.972,119.435,-1.178
218950,279.982,279.972,119.435,-1.178
218960,279.982,279.972,132.663,-1.178
218970,279.982,279.972,132.663,-1.178
218980,279.982,279.972,132.663,-1.178
218990,279.982,279.972,48.8326,-1.178
219000,279.982,279.654,48.8326,-1.178
219010,279.909,279.654,48.8326,-1.178
219020,279.909,279.654,48.8326,-1.178
219030,279.909,279.654,52.1313,-1.178
219040,279.909,279.654,52.1313,-1.178
219050,279.893,279.654,52.1313,-1.178
219060,279.893,279.654,52.1313,-1.178
219070,279.893,279.654,52.1313,-1.178
219080,279.893,279.654,52.1313,-1.178
219090,279.893,279.654,19.7844,-1.178
219100,280.189,279.654,19.7844,-1.178
219110,280.189,279.912,7.49527,-1.178
219120,280.189,280.167,2.79366,-1.178
219130,280.189,280.167,127.948,-1.178
219140,280.189,279.65,19.2056,-1.178
219150,280.189,279.65,19.2056,-1.178
219160,280.189,279.778,19.2056,-1.178
219170,280.189,279.826,19.2056,-1.178
219180,280.189,279.826,23.2904,-1.178
219190,280.189,279.826,13.1259,-1.178
219200,280.189,279.826,41.2939,-1.178
219210,280.189,279.826,41.2939,-1.178
219220,279.952,279.826,41.2939,-1.178
219230,279.952,279.044,41.2939,-3.36303
219240,279.312,279.044,41.2939,-1.178
219250,279.312,279.044,72.3206,-1.178
219260,279.312,279.044,1.77709,-1.178
219270,279.486,279.044,1.77709,-1.178
219280,279.547,279.044,1.77709,-1.178
219290,279.547,279.044,12.6192,-1.178
219300,279.547,279.044,12.6192,-1.178
219310,279.513,278.258,12.6192,-3.36303
219320,279.563,278.258,12.6192,-3.36303
219330,279.563,279.518,12.6192,-1.178
219340,280.019,279.518,12.6192,-1.178
219350,281.534,279.518,12.6192,-5.42989
219360,280.026,279.417,12.6192,-1.178
219370,280.026,279.417,12.6192,-1.178
219380,280.026,279.135,59.8118,-3.36303
219390,280.026,279.526,76.5983,-3.36303
219400,279.648,279.526,85.845,-1.178
219410,279.691,279.574,51.5653,-1.178
219420,280.001,279.574,51.5653,-1.178
219430,280.001,279.574,4.41291,-1.178
219440,279.878,279.574,4.41291,-1.178
219450,280.07,279.574,4.41291,-1.178
219460,279.587,279.574,4.41291,-1.178
219470,280.079,279.574,4.41291,-1.178
219480,280.079,279.574,4.41291,-1.178
219490,280.079,279.688,18.0334,-1.178
219500,280.224,279.688,18.0334,-1.178
219510,280.265,279.688,18.0334,-1.178
219520,280.265,279.688,21.3456,-1.178
219530,280.265,279.688,21.3456,-1.178
219540,280.265,279.688,21.3456,-1.178
219550,280.265,280.208,21.3456,-1.178
219560,280.716,280.208,21.3456,-1.178
219570,280.659,280.208,21.3456,-1.178
219580,280.659,280.208,21.3456,-1.178
219590,280.659,280.367,77.6303,-1.178
219600,280.659,280.526,77.6303,-1.178
219610,280.659,280.526,77.6303,-1.178
219620,280.659,280.526,77.6303,-1.178
219630,280.659,280.526,61.7443,-1.178
219640,280.631,280.526,61.7443,-1.178
219650,280.631,280.526,74.1145,-1.178
219660,280.631,280.526,74.1145,-1.178
219670,280.631,280.526,74.1145,-1.178
219680,280.631,280.31,74.1145,-1.178
219690,280.631,280.31,74.1145,-1.178
219700,280.438,280.31,74.1145,-1.178
219710,280.438,280.312,74.1145,-1.178
219720,280.619,280.312,74.1145,-1.178
219730,280.647,280.312,10.9135,-1.178
219740,280.647,280.335,10.9135,-1.178
219750,280.457,280.335,10.9135,-1.178
219760,280.457,280.335,10.9135,-1.178
219770,280.457,280.335,78.6303,-1.178
219780,280.815,280.335,19.7806,-1.178
219790,281.091,280.8,19.7806,-1.178
219800,281.006,280.8,19.6286,-1.178
219810,281.006,280.612,26.2161,-1.178
219820,281.145,280.612,61.7638,-3.36303
219830,281.166,280.751,61.7638,-3.36303
219840,280.891,280.751,61.7638,-1.178
219850,280.891,280.751,61.7638,-1.178
219860,280.891,280.751,73.2677,-1.178
219870,280.891,280.751,73.2677,-1.178
219880,281.072,280.751,73.2677,-1.178
219890,281.072,280.751,73.2677,-1.178
219900,281.072,280.751,73.2677,-1.178
219910,281.072,280.751,67.8245,-1.178
219920,281.072,280.751,0.411704,-1.178
219930,281.282,280.751,0.411704,-1.178
219940,281.282,280.751,0.411704,-1.178
219950,281.282,281.112,0.411704,-1.178
219960,281.282,281.112,0.411704,-1.178
219970,281.282,281.112,26.0536,-1.178
219980,281.753,281.112,26.0536,-3.36303
219990,281.422,280.689,26.0536,-3.36303
220000,281.422,280.689,26.0536,-3.36303
220010,281.422,280.898,26.0536,-1.178
220020,281.422,280.898,26.0536,-1.178
220030,280.932,280.898,22.0178,-1.178
220040,280.932,280.898,22.0178,-1.178
220050,280.932,280.898,22.0178,-1.178
220060,280.932,280.898,30.2369,-1.178
220070,280.932,280.898,30.2369,-1.178
220080,281.022,280.898,30.2369,-1.178
220090,281.022,280.898,30.2369,-1.178
220100,281.146,280.898,30.2369,-1.178
220110,281.146,280.898,30.2369,-1.178
220120,281.146,280.119,30.2369,-3.36303
220130,280.325,280.119,30.2369,-1.178
220140,280.55,280.119,30.2369,-1.178
220150,280.551,280.119,30.2369,-1.178
220160,280.551,280.119,30.2369,-1.178
220170,280.551,280.119,30.2369,-1.178
220180,280.551,280.119,13.19,-1.178
220190,280.551,280.119,13.19,-1.178
220200,280.551,280.119,13.19,-1.178
220210,280.551,280.119,15.0258,-1.178
220220,280.394,280.119,15.0258,-1.178
220230,280.394,280.119,64.6754,-1.178
220240,280.394,280.301,35.4717,-1.178
220250,280.55,280.301,35.4717,-1.178
220260,280.545,280.301,59.8593,-1.178
220270,280.581,280.301,59.8593,-1.178
220280,280.581,280.301,59.8593,-1.178
220290,280.581,280.429,59.8593,-1.178
220300,280.581,280.21,59.8593,-1.178
220310,280.581,280.21,59.8593,-1.178
220320,280.581,280.21,59.8593,-1.178
220330,280.581,280.21,55.106,-1.178
220340,280.581,280.21,55.106,-1.178
220350,280.581,280.21,6.93336,-1.178
220360,280.581,280.468,57.252,-1.178
220370,280.581,280.468,57.252,-1.178
220380,280.395,280.177,84.5458,-1.178
220390,280.395,280.177,84.5458,-1.178
220400,280.251,280.177,24.2481,-1.178
220410,280.251,280.177,52.9089,-1.178
220420,280.251,280.177,52.9089,-1.178
220430,280.404,280.138,28.5886,-1.178
220440,280.404,280.138,62.5519,-1.178
220450,280.404,280.138,62.5519,-1.178
220460,279.954,279.303,62.5519,-3.36303
220470,279.459,279.303,62.5519,-1.178
220480,279.459,279.314,62.5519,-1.178
220490,279.459,279.314,62.5519,-1.178
220500,279.459,279.314,62.5519,-1.178
220510,279.459,279.314,62.5519,-1.178
220520,279.459,279.314,54.8028,-1.178
220530,279.459,279.314,54.8028,-1.178
220540,279.459,279.314,54.8028,-1.178
220550,279.386,279.314,54.8028,-1.178
220560,279.386,279.314,96.1911,-1.178
220570,279.386,279.206,96.1911,-1.178
220580,279.386,279.206,96.1911,-1.178
220590,279.386,279.206,12.4659,-1.178
220600,279.552,279.29,6.65423,-1.178
220610,279.552,279.29,6.65423,-1.178
220620,278.985,278.544,6.65423,-1.178
220630,278.985,278.539,6.65423,-1.178
220640,278.985,278.539,6.65423,-1.178
220650,278.985,278.665,6.65423,-1.178
220660,278.985,278.665,42.1025,-1.178
220670,278.985,278.665,42.1025,-1.178
220680,278.985,278.665,42.1025,-1.178
220690,278.816,278.665,103.011,-1.178
220700,278.816,278.665,60.1227,-1.178
220710,278.3,277.914,60.1227,-1.178
220720,278.3,277.914,35.5273,-1.178
220730,278.3,277.914,35.5273,-1.178
220740,278.3,277.914,35.5273,-1.178
220750,278.3,277.914,35.5273,-1.178
220760,278.3,278.022,35.5273,-1.178
220770,278.3,278.022,35.5273,-1.178
220780,278.322,278.022,35.5273,-1.178
220790,278.726,277.86,35.5273,-3.36303
220800,278.726,276.948,35.5273,-5.42989
220810,278.438,278.216,114.038,-3.36303
220820,278.438,278.299,104.902,-1.178
220830,278.438,278.299,13.2003,-1.178
220840,278.438,278.299,73.4477,-1.178
220850,278.438,278.299,73.4477,-1.178
220860,278.438,278.299,73.4477,-1.178
220870,278.438,278.299,73.4477,-1.178
220880,278.438,278.359,73.4477,-1.178
220890,278.438,278.359,73.4477,-1.178
220900,278.438,278.188,73.4477,-1.178
220910,278.48,278.188,73.4477,-1.178
220920,277.977,277.926,73.4477,-1.178
220930,277.977,277.926,73.4477,-1.178
220940,278.257,277.926,73.4477,-1.178
220950,278.257,277.926,73.4477,-1.178
220960,278.257,277.926,73.4477,-1.178
220970,278.257,277.926,36.8645,-1.178
220980,278.257,277.926,36.8645,-1.178
220990,278.257,277.926,36.8645,-1.178
221000,278.257,277.926,36.8645,-1.178
221010,278.092,277.926,7.30767,-1.178
221020,279.18,277.926,7.30767,-3.36303
221030,279.18,277.926,7.30767,-3.36303
221040,278.7,276.45,7.30767,-5.42989
221050,278.7,277.529,4.30091,-3.36303
221060,279.091,277.529,111.984,-7.49676
221070,278.549,277.529,3.06991,-3.36303
221080,277.645,277.529,3.06991,-1.178
221090,277.645,277.529,108.928,-1.178
221100,277.645,277.529,72.09,-1.178
221110,277.645,277.529,80.8572,-1.178
221120,277.645,277.529,109.838,-1.178
221130,277.645,277.529,109.838,-1.178
221140,277.645,277.529,109.838,-1.178
221150,277.645,277.529,109.838,-1.178
221160,277.645,277.529,17.9462,-1.178
221170,277.645,277.529,17.9462,-1.178
221180,277.645,277.529,122.388,-3.36303
221190,277.645,277.529,122.388,-3.36303
221200,277.645,277.529,6.2994,-1.178
221210,277.645,277.529,82.857,-1.178
221220,277.645,277.529,34.759,-1.178
221230,277.858,277.529,34.759,-1.178
221240,277.858,277.529,11.8033,-1.178
221250,277.815,277.529,11.8033,-1.178
221260,277.815,277.557,11.8033,-1.178
221270,277.815,277.557,37.7368,-1.178
221280,277.815,277.668,6.61823,-1.178
221290,277.815,277.635,6.61823,-1.178
221300,277.815,277.635,41.5556,-1.178
221310,277.815,277.635,41.5556,-1.178
221320,277.815,277.635,41.5556,-1.178
221330,277.815,277.574,55.7759,-1.178
221340,277.828,277.574,55.7759,-1.178
221350,277.828,277.574,55.7759,-1.178
221360,277.828,277.574,55.7759,-1.178
221370,277.937,277.574,47.0398,-1.178
221380,277.941,277.574,47.0398,-1.178
221390,277.941,277.51,47.0398,-1.178
221400,277.941,277.428,47.0398,-3.36303
221410,277.941,277.92,47.0398,-1.178
221420,278.203,277.92,47.0398,-1.178
221430,278.203,277.92,47.0398,-1.178
221440,278.203,277.92,44.871,-1.178
221450,278.394,277.92,9.14603,-1.178
221460,278.394,277.92,9.14603,-1.178
221470,278.56,277.92,9.14603,-1.178
221480,278.56,277.816,9.14603,-3.36303
221490,278.56,277.816,9.14603,-3.36303
221500,278.989,277.816,9.14603,-3.36303
221510,277.82,277.816,9.14603,-1.178
221520,278.176,277.816,9.14603,-1.178
221530,278.176,277.816,49.8702,-1.178
221540,278.438,277.816,13.8527,-1.178
221550,278.304,277.816,13.8527,-1.178
221560,278.304,277.816,13.8527,-1.178
221570,277.872,277.816,13.8527,-1.178
221580,277.872,277.816,60.4092,-1.178
221590,277.872,277.816,24.3594,-1.178
221600,277.872,277.816,75.7675,-1.178
221610,277.872,277.816,75.7675,-1.178
221620,277.872,277.816,75.7675,-1.178
221630,277.872,277.816,55.3655,-1.178
221640,278.24,277.816,55.3655,-1.178
221650,277.973,277.816,55.3655,-1.178
221660,278.087,277.816,55.3655,-1.178
221670,278.087,277.816,13.9622,-1.178
221680,278.263,278.223,120.456,-1.178
221690,278.263,278.223,120.456,-1.178
221700,278.263,278.223,120.456,-1.178
221710,278.263,278.223,24.1577,-1.178
221720,278.263,278.233,24.1577,-1.178
221730,278.263,277.697,24.1577,-1.178
221740,278.263,277.697,24.1577,-1.178
221750,278.162,277.617,24.1577,-1.178
221760,277.987,276.833,24.1577,-3.36303
221770,277.987,276.833,24.1577,-3.36303
221780,277.461,276.833,62.3789,-3.36303
221790,277.352,277.165,62.3789,-1.178
221800,277.281,277.165,33.913,-1.178
221810,278.237,276.02,91.2259,-7.49676
221820,278.14,276.02,25.4352,-5.42989
221830,277.101,276.714,25.4352,-1.178
221840,277.101,276.714,25.4352,-1.178
221850,276.96,276.714,25.4352,-1.178
221860,277.117,276.714,49.8992,-1.178
221870,277.173,277.089,49.8992,-1.178
221880,277.173,277.089,46.085,-1.178
221890,277.173,276.746,8.00558,-1.178
221900,277.173,276.612,8.00558,-1.178
221910,276.892,276.791,8.00558,-1.178
221920,276.111,276.013,9.69175,-1.178
221930,276.111,275.186,9.69175,-3.36303
221940,276.111,275.626,9.69175,-1.178
221950,275.979,275.778,58.376,-1.178
221960,275.96,275.778,58.376,-1.178
221970,275.96,275.778,58.376,-1.178
221980,275.96,275.778,60.2934,-1.178
221990,275.96,275.778,9.01904,-1.178
222000,275.998,275.778,9.01904,-1.178
222010,275.998,275.778,67.2949,-1.178
222020,276.099,275.778,67.2949,-1.178
222030,276.099,275.878,81.358,-1.178
222040,276.099,275.878,81.358,-1.178
222050,276.099,275.878,81.358,-1.178
222060,276.099,275.794,56.2471,-1.178
222070,276.099,275.794,37.707,-1.178
222080,276.099,275.794,37.707,-1.178
222090,276.099,275.794,37.707,-1.178
222100,276.184,275.742,37.707,-1.178
222110,276.184,275.742,22.6328,-1.178
222120,275.795,275.742,22.6328,-1.178
222130,275.795,275.742,22.6328,-1.178
222140,275.795,275.742,93.6699,-1.178
222150,275.865,275.742,10.6981,-1.178
222160,275.878,275.742,10.6981,-1.178
222170,275.878,275.574,10.6981,-1.178
222180,275.878,275.503,10.6981,-1.178
222190,275.878,275.503,10.6981,-1.178
222200,275.878,275.503,10.6981,-1.178
222210,275.878,275.503,56.5108,-1.178
222220,275.878,275.503,37.619,-1.178
222230,275.878,275.503,60.9323,-1.178
222240,275.878,275.503,60.9323,-1.178
222250,275.878,275.503,60.9323,-1.178
222260,275.878,275.503,19.9744,-1.178
222270,275.878,275.503,19.9744,-1.178
222280,275.878,275.503,8.09287,-1.178
222290,276.248,275.74,8.09287,-1.178
222300,275.75,275.579,102.219,-1.178
222310,275.75,275.579,102.219,-1.178
222320,275.75,275.579,102.219,-1.178
222330,275.75,275.579,102.219,-1.178
222340,275.75,275.579,102.219,-1.178
222350,275.75,275.579,102.219,-1.178
222360,275.75,275.579,63.3216,-1.178
222370,275.811,275.579,59.8233,-1.178
222380,275.811,275.579,59.8233,-1.178
222390,275.955,275.579,59.8233,-1.178
222400,275.955,275.579,9.57141,-1.178
222410,275.955,275.579,59.6767,-1.178
222420,275.788,275.579,59.6767,-1.178
222430,275.788,275.579,59.6767,-1.178
222440,275.594,275.579,23.639,-1.178
222450,275.594,275.513,82.4749,-1.178
222460,275.594,275.513,82.4749,-1.178
222470,275.594,275.513,82.4749,-1.178
222480,275.594,275.513,82.4749,-1.178
222490,275.594,275.513,82.4749,-1.178
222500,275.594,275.513,77.725,-1.178
222510,275.594,275.513,56.3354,-1.178
222520,275.594,275.513,0.66253,-1.178
222530,276.323,275.513,0.66253,-3.36303
222540,276.323,275.513,49.4444,-3.36303
222550,276.323,276.086,103.524,-3.36303
222560,276.323,276.086,103.524,-3.36303
222570,276.343,275.83,17.3662,-1.178
222580,276.343,275.83,17.3662,-1.178
222590,276.343,275.83,17.3662,-1.178
222600,276.343,275.83,17.3662,-1.178
222610,276.22,275.83,17.3662,-1.178
222620,276.288,275.83,20.0052,-1.178
222630,276.288,275.83,20.0052,-1.178
222640,276.288,275.83,20.0052,-1.178
222650,276.565,275.978,23.8839,-1.178
222660,276.565,275.978,23.8839,-1.178
222670,276.565,276.344,23.8839,-1.178
222680,276.565,276.344,62.532,-1.178
222690,276.565,276.344,104.772,-3.36303
222700,276.703,276.344,104.772,-3.36303
222710,276.703,276.344,104.772,-3.36303
222720,276.703,276.344,105.465,-3.36303
222730,276.703,276.344,42.9099,-1.178
222740,276.703,276.344,42.9099,-1.178
222750,276.703,276.507,42.9099,-1.178
222760,276.703,276.507,59.0075,-1.178
222770,276.703,276.507,57.4514,-1.178
222780,276.703,276.507,57.4514,-1.178
222790,276.551,276.507,57.4514,-1.178
222800,276.551,276.507,57.4514,-1.178
222810,276.551,276.507,65.5747,-1.178
222820,276.551,276.507,65.5747,-1.178
222830,276.551,276.507,125.57,-1.178
222840,276.545,276.417,89.6017,-1.178
222850,276.545,276.417,89.6017,-1.178
222860,276.545,276.417,89.6017,-1.178
222870,276.597,276.417,89.6017,-1.178
222880,276.597,276.417,54.8158,-1.178
222890,276.597,276.417,54.8158,-1.178
222900,276.597,276.417,13.2218,-1.178
222910,276.597,275.992,13.2218,-1.178
222920,276.597,275.981,13.2218,-1.178
222930,275.92,275.847,13.2218,-1.178
222940,275.92,275.844,0.516367,-1.178
222950,275.92,275.844,0.516367,-1.178
222960,275.92,275.744,0.516367,-1.178
222970,275.92,275.723,81.429,-1.178
222980,275.974,275.723,81.429,-1.178
222990,275.974,275.723,81.429,-1.178
223000,275.974,275.723,81.429,-1.178
223010,275.974,275.723,12.569,-1.178
223020,275.974,275.723,12.569,-1.178
223030,275.879,275.605,37.5891,-1.178
223040,275.879,275.629,37.5891,-1.178
223050,275.879,275.629,86.1451,-1.178
223060,275.879,275.629,86.1451,-1.178
223070,275.879,275.629,86.1451,-1.178
223080,275.879,275.629,83.8729,-1.178
223090,275.879,275.82,103.847,-1.178
223100,275.879,275.251,103.847,-5.42989
223110,275.879,275.251,103.847,-5.42989
223120,275.879,275.251,103.847,-5.42989
223130,275.879,275.251,8.02856,-1.178
223140,275.879,275.251,8.02856,-1.178
223150,275.879,275.251,8.02856,-1.178
223160,275.879,275.251,8.02856,-1.178
223170,276.352,275.251,8.02856,-3.36303
223180,276.493,275.251,22.4626,-3.36303
223190,276.493,275.251,17.5849,-3.36303
223200,276.493,276.351,17.5849,-1.178
223210,276.493,275.893,17.5849,-1.178
223220,276.493,275.893,17.5849,-1.178
223230,276.493,275.893,17.5849,-1.178
223240,276.493,275.166,19.024,-3.36303
223250,276.493,276.046,19.024,-1.178
223260,276.493,276.046,19.024,-1.178
223270,276.493,276.046,19.024,-1.178
223280,276.493,276.046,19.024,-1.178
223290,276.493,276.046,19.024,-1.178
223300,276.493,276.046,19.024,-1.178
223310,276.393,276.046,32.5553,-1.178
223320,276.065,276.046,58.5082,-1.178
223330,276.204,275.072,40.3674,-3.36303
223340,276.204,275.072,40.3674,-3.36303
223350,277.894,275.072,27.1639,-7.49676
223360,275.073,275.072,27.1639,-1.178
223370,275.073,275.072,8.70773,-1.178
223380,275.34,275.072,8.70773,-1.178
223390,275.34,275.072,8.70773,-1.178
223400,276.201,275.072,8.70773,-3.36303
223410,275.975,275.341,8.70773,-1.178
223420,275.975,275.341,8.70773,-1.178
223430,275.958,275.341,8.70773,-1.178
223440,275.958,275.341,8.70773,-1.178
223450,275.958,275.341,8.70773,-1.178
223460,275.958,275.768,8.70773,-1.178
223470,275.958,275.666,8.70773,-1.178
223480,275.958,275.666,8.70773,-1.178
223490,275.958,275.666,8.70773,-1.178
223500,275.958,275.125,1.07776,-3.36303
223510,276.101,275.125,1.07776,-3.36303
223520,276.536,275.125,1.07776,-3.36303
223530,276.536,275.796,1.07776,-3.36303
223540,275.9,275.861,1.07776,-1.178
223550,276.331,275.861,1.07776,-1.178
223560,276.331,275.681,1.07776,-1.178
223570,276.331,275.681,1.07776,-1.178
223580,276.331,276.038,1.07776,-1.178
223590,276.331,276.038,63.8167,-1.178
223600,276.331,276.038,63.8167,-1.178
223610,276.214,275.678,10.9675,-1.178
223620,276.214,275.678,10.9675,-1.178
223630,276.344,276.153,10.9675,-1.178
223640,276.694,276.543,10.9675,-1.178
223650,276.694,276.543,10.9675,-1.178
223660,276.694,276.543,10.9675,-1.178
223670,276.694,276.543,41.6894,-1.178
223680,276.694,276.211,41.6894,-1.178
223690,276.352,276.211,73.4679,-1.178
223700,276.352,276.119,44.4401,-1.178
223710,276.13,276.014,44.4401,-1.178
223720,276.262,276.014,19.4727,-1.178
223730,276.332,276.014,19.4727,-1.178
223740,276.332,276.074,19.4727,-1.178
223750,276.332,276.074,19.4727,-1.178
223760,276.351,276.074,19.4727,-1.178
223770,276.351,276.074,19.4727,-1.178
223780,276.351,276.068,14.2335,-1.178
223790,276.351,276.068,82.2357,-1.178
223800,276.351,276.068,58.9309,-1.178
223810,276.351,276.068,58.9309,-1.178
223820,276.351,276.119,58.9309,-1.178
223830,276.351,276.119,58.9309,-1.178
223840,276.182,276.119,65.91,-1.178
223850,276.182,276.119,73.4048,-1.178
223860,276.182,275.793,61.8477,-1.178
223870,276.182,275.793,61.8477,-1.178
223880,276.182,275.107,61.8477,-5.42989
223890,276.182,276.094,72.4539,-1.178
223900,276.182,276.128,97.9702,-1.178
223910,276.182,276.128,97.9702,-1.178
223920,276.182,276.128,97.9702,-1.178
223930,276.182,276.128,97.9702,-1.178
223940,276.182,276.128,97.9702,-1.178
223950,276.182,276.128,97.9702,-1.178
223960,276.267,276.128,97.9702,-1.178
223970,276.267,276.249,105.665,-1.178
223980,276.267,276.149,97.933,-1.178
223990,276.267,276.093,97.933,-1.178
224000,276.267,276.093,4.9834,-1.178
224010,276.006,275.64,4.9834,-1.178
224020,275.756,275.214,4.9834,-1.178
224030,275.756,275.214,4.9834,-1.178
224040,276.047,275.214,4.9834,-3.36303
224050,276.045,274.839,18.4532,-3.36303
224060,276.045,275.062,13.4154,-3.36303
224070,276.265,274.883,13.4154,-3.36303
224080,275.434,274.883,13.4154,-1.178
224090,275.434,274.883,13.4154,-1.178
224100,275.336,274.883,13.4154,-1.178
224110,275.336,274.883,13.4154,-1.178
224120,275.336,274.883,49.2822,-1.178
224130,275.336,274.883,49.2822,-1.178
224140,275.052,274.883,81.237,-1.178
224150,275.052,274.883,103.717,-1.178
224160,274.899,274.883,103.717,-1.178
224170,274.899,274.883,81.5902,-1.178
224180,274.899,274.883,81.5902,-1.178
224190,274.899,274.883,81.5902,-1.178
224200,274.899,274.272,81.5902,-3.36303
224210,274.899,273.785,25.606,-3.36303
224220,274.647,273.785,25.606,-3.36303
224230,274.644,274.519,25.606,-1.178
224240,274.644,274.519,25.606,-1.178
224250,274.644,274.519,25.606,-1.178
224260,274.907,274.331,25.606,-1.178
224270,274.597,274.331,25.606,-1.178
224280,274.597,274.478,27.9077,-1.178
224290,274.597,274.171,45.6507,-1.178
224300,274.597,274.171,45.6507,-1.178
224310,274.597,274.171,47.581,-1.178
224320,274.597,274.171,47.581,-1.178
224330,274.597,274.171,47.581,-1.178
224340,274.597,274.171,54.9758,-1.178
224350,274.597,274.171,54.9758,-1.178
224360,274.525,274.251,54.9758,-1.178
224370,274.525,274.251,18.1243,-1.178
224380,275.633,274.251,18.1243,-3.36303
224390,275.53,274.251,18.1243,-3.36303
224400,275.53,274.251,28.7154,-3.36303
224410,274.744,274.251,28.7154,-1.178
224420,274.744,274.33,28.7154,-1.178
224430,274.744,274.33,28.7154,-1.178
224440,274.744,274.33,28.7154,-1.178
224450,274.744,274.33,28.7154,-1.178
224460,274.744,274.33,39.2124,-1.178
224470,274.744,274.74,39.2124,-1.178
224480,274.744,274.74,84.158,-1.178
224490,274.744,274.665,69.2924,-1.178
224500,274.744,274.665,86.9088,-1.178
224510,274.766,274.666,86.9088,-1.178
224520,274.766,274.666,107.885,-1.178
224530,274.831,274.666,107.885,-3.36303
224540,274.831,274.666,5.52919,-1.178
224550,275.093,273.993,5.52919,-3.36303
224560,274.807,273.387,5.52919,-3.36303
224570,274.807,274.171,5.52919,-1.178
224580,273.941,273.513,5.52919,-1.178
224590,273.941,273.916,66.3136,-1.178
224600,273.941,273.916,12.8055,-1.178
224610,274.844,273.478,12.8055,-3.36303
224620,274.844,274.364,14.1486,-1.178
224630,274.844,274.759,14.1486,-1.178
224640,274.863,274.759,14.1486,-1.178
224650,274.863,274.525,14.1486,-1.178
224660,274.749,274.525,33.9474,-1.178
224670,274.749,274.511,33.9474,-1.178
224680,274.749,274.679,27.9239,-1.178
224690,274.749,274.679,60.4632,-1.178
224700,274.749,274.679,21.7014,-1.178
224710,274.749,274.679,21.7014,-1.178
224720,274.906,274.679,44.0184,-1.178
224730,274.683,274.679,44.0184,-1.178
224740,275.123,274.891,44.0184,-1.178
224750,275.123,274.891,44.0184,-1.178
224760,275.123,274.707,44.0184,-1.178
224770,275.123,274.707,44.0184,-1.178
224780,275.123,275.084,44.0184,-1.178
224790,275.559,275.084,44.0184,-1.178
224800,275.559,275.471,43.6962,-1.178
224810,275.559,275.471,43.6962,-1.178
224820,275.559,275.471,43.6962,-1.178
224830,275.559,275.471,43.6962,-1.178
224840,275.559,275.415,43.6962,-1.178
224850,275.559,275.363,84.297,-1.178
224860,275.559,275.363,10.2717,-1.178
224870,275.559,275.363,10.2717,-1.178
224880,275.559,275.057,36.7,-1.178
224890,275.559,275.057,36.7,-1.178
224900,275.443,275.297,12.0953,-1.178
224910,275.443,275.413,12.0953,-1.178
224920,275.443,275.413,12.0953,-1.178
224930,275.888,275.413,12.0953,-1.178
224940,275.563,275.413,19.1489,-1.178
224950,275.827,275.503,101.236,-3.36303
224960,275.885,275.503,101.236,-3.36303
224970,275.662,275.054,101.236,-5.42989
224980,275.27,275.054,101.236,-3.36303
224990,275.27,275.054,43.0685,-1.178
225000,275.27,275.182,43.0685,-1.178
225010,276.146,275.182,43.0685,-3.36303
225020,276.657,276.092,5.33817,-1.178
225030,276.657,276.165,5.33817,-1.178
225040,276.657,276.165,23.8688,-1.178
225050,276.195,276.165,48.1552,-1.178
225060,276.195,276.165,48.1552,-1.178
225070,276.195,276.165,48.1552,-1.178
225080,276.195,276.165,48.1552,-1.178
225090,276.195,276.165,103.878,-1.178
225100,276.195,276.165,109.583,-1.178
225110,276.195,276.187,109.583,-1.178
225120,276.195,276.187,109.583,-1.178
225130,276.195,276.187,109.583,-1.178
225140,276.195,276.187,30.0761,-1.178
225150,276.532,276.187,30.0761,-1.178
225160,276.532,276.24,30.0761,-1.178
225170,277.817,276.24,30.0761,-5.42989
225180,277.817,276.631,30.0761,-3.36303
225190,277.817,277.149,30.0761,-3.36303
225200,277.817,277.092,15.2441,-3.36303
225210,277.168,276.828,15.2441,-1.178
225220,277.168,276.828,15.2441,-1.178
225230,277.168,276.828,15.2441,-1.178
225240,277.168,277.09,4.77,-1.178
225250,277.168,277.09,4.77,-1.178
225260,277.168,276.616,26.5138,-1.178
225270,277.168,276.616,26.5138,-1.178
225280,277.168,276.963,26.5138,-1.178
225290,277.168,276.963,26.5138,-1.178
225300,277.168,276.963,88.5547,-1.178
225310,277.168,276.963,88.5547,-1.178
225320,277.168,276.963,88.5547,-1.178
225330,277.168,276.963,88.5547,-1.178
225340,277.168,277.078,33.4185,-1.178
225350,277.168,277.078,33.4185,-1.178
225360,277.168,277.078,11.2723,-1.178
225370,277.589,277.078,11.2723,-1.178
225380,277.589,277.236,53.1019,-1.178
225390,277.429,277.236,53.1019,-1.178
225400,277.429,277.236,53.1019,-1.178
225410,277.429,277.236,53.1019,-1.178
225420,277.429,277.236,53.1019,-1.178
225430,277.954,277.236,62.7373,-3.36303
225440,277.954,277.236,62.7373,-3.36303
225450,277.954,277.378,62.7373,-3.36303
225460,277.954,277.378,62.7373,-3.36303
225470,278.173,278.044,62.7373,-1.178
225480,278.173,278.044,62.7373,-1.178
225490,278.173,278.044,3.21576,-1.178
225500,278.187,278.044,3.21576,-1.178
225510,278.187,277.764,3.21576,-1.178
225520,277.988,277.764,3.21576,-1.178
225530,277.988,277.764,3.21576,-1.178
225540,278.292,277.764,3.21576,-1.178
225550,278.292,277.764,3.21576,-1.178
225560,278.292,277.998,79.8859,-1.178
225570,278.292,278.061,79.8859,-1.178
225580,278.292,278.061,79.1408,-1.178
225590,278.292,278.061,10.5762,-1.178
225600,278.292,278.061,10.5762,-1.178
225610,278.343,278.061,2.35211,-1.178
225620,278.343,278.061,59.3889,-1.178
225630,278.413,278.061,30.1409,-1.178
225640,278.413,277.895,30.1409,-1.178
225650,278.413,277.895,30.1409,-1.178
225660,278.413,277.895,30.1409,-1.178
225670,278.413,277.948,30.1409,-1.178
225680,278.771,278.383,30.1409,-1.178
225690,278.799,278.397,30.1409,-1.178
225700,279.372,278.631,30.1409,-3.36303
225710,279.49,278.631,27.1404,-3.36303
225720,277.426,277.078,27.1404,-1.178
225730,277.426,277.33,27.1404,-1.178
225740,277.669,277.33,27.1404,-1.178
225750,277.669,277.218,27.1404,-1.178
225760,277.641,277.511,27.1404,-1.178
225770,277.286,277.233,27.1404,-1.178
225780,277.286,277.233,27.1404,-1.178
225790,277.618,277.233,55.5755,-1.178
225800,277.977,277.608,55.5755,-1.178
225810,277.977,277.608,55.5755,-1.178
225820,277.977,277.307,55.5755,-3.36303
225830,277.843,277.307,70.7208,-3.36303
225840,277.843,277.248,70.7208,-3.36303
225850,277.843,277.077,70.7208,-3.36303
225860,277.843,277.077,70.7208,-3.36303
225870,277.843,277.077,70.7208,-3.36303
225880,277.843,277.227,70.7208,-3.36303
225890,277.843,277.227,15.0958,-1.178
225900,278.178,277.61,15.0958,-1.178
225910,278.178,277.61,17.4928,-1.178
225920,277.806,277.61,17.4928,-1.178
225930,277.806,277.61,98.0592,-1.178
225940,277.806,277.61,17.7765,-1.178
225950,277.697,277.61,17.7765,-1.178
225960,277.81,277.61,17.7765,-1.178
225970,277.81,277.61,17.7765,-1.178
225980,277.81,276.66,17.7765,-3.36303
225990,278.017,276.66,17.7765,-3.36303
226000,278.017,276.66,17.7765,-3.36303
226010,278.952,276.348,84.0031,-7.49676
226020,276.547,276.464,84.0031,-1.178
226030,276.878,276.464,47.3837,-1.178
226040,276.878,276.161,47.3837,-3.36303
226050,276.878,276.141,47.3837,-3.36303
226060,276.378,276.141,47.3837,-1.178
226070,276.515,276.141,47.3837,-1.178
226080,276.165,275.926,47.3837,-1.178
226090,276.165,275.926,47.4339,-1.178
226100,276.366,275.926,47.4339,-1.178
226110,276.366,276.245,47.4339,-1.178
226120,276.366,276.245,47.4339,-1.178
226130,276.366,276.245,61.9264,-1.178
226140,276.366,276.245,61.9264,-1.178
226150,276.366,276.245,61.9264,-1.178
226160,276.366,276.245,61.9264,-1.178
226170,276.366,276.245,40.0286,-1.178
226180,276.542,276.245,40.0286,-1.178
226190,276.542,276.245,40.0286,-1.178
226200,276.316,276.245,40.0286,-1.178
226210,276.316,276.245,100.841,-1.178
226220,276.316,276.245,100.841,-1.178
226230,276.316,276.245,6.12945,-1.178
226240,276.316,276.245,85.8805,-1.178
226250,276.316,276.245,85.8805,-1.178
226260,276.316,276.245,58.7558,-1.178
226270,276.316,276.245,58.7558,-1.178
226280,276.392,276.245,22.6666,-1.178
226290,276.392,276.253,72.891,-1.178
226300,276.392,276.248,72.891,-1.178
226310,276.338,276.248,64.4564,-1.178
226320,276.525,276.248,64.4564,-1.178
226330,276.525,276.248,64.4564,-1.178
226340,276.91,276.248,64.4564,-3.36303
226350,276.91,276.248,64.4564,-3.36303
226360,277.051,277.012,38.1941,-1.178
226370,277.734,277.014,38.1941,-3.36303
226380,277.734,276.887,38.1941,-3.36303
226390,277.734,276.887,55.772,-3.36303
226400,277.044,276.887,55.772,-1.178
226410,277.044,276.887,44.4727,-1.178
226420,277.044,276.887,44.4727,-1.178
226430,276.975,276.887,44.4727,-1.178
226440,276.975,276.887,38.5081,-1.178
226450,276.975,276.887,37.599,-1.178
226460,276.975,276.817,90.3094,-1.178
226470,276.975,276.817,19.4858,-1.178
226480,276.975,276.817,19.4858,-1.178
226490,276.975,276.742,19.4858,-1.178
226500,276.975,276.742,19.2443,-1.178
226510,276.975,276.742,19.2443,-1.178
226520,278.955,277.535,19.2443,-5.42989
226530,278.496,277.535,19.2443,-3.36303
226540,277.545,276.62,33.1861,-3.36303
226550,276.797,276.62,54.1792,-1.178
226560,276.673,276.62,59.8592,-1.178
226570,276.673,276.62,59.8592,-1.178
226580,276.673,276.62,85.2136,-1.178
226590,276.673,276.62,109.76,-1.178
226600,276.673,276.567,109.76,-1.178
226610,276.673,276.567,87.2423,-1.178
226620,276.673,276.567,87.2423,-1.178
226630,276.673,276.567,87.2423,-1.178
226640,276.673,276.567,87.2423,-1.178
226650,277.063,276.567,87.2423,-3.36303
226660,277.063,276.567,87.2423,-3.36303
226670,277.147,276.567,87.2423,-3.36303
226680,277.147,277.016,6.32527,-1.178
226690,277.058,277.016,50.647,-1.178
226700,277.058,277.016,50.647,-1.178
226710,277.058,277.016,7.18014,-1.178
226720,277.058,277.016,121.472,-1.178
226730,277.058,277.016,112.692,-1.178
226740,277.058,277.016,71.9411,-1.178
226750,277.393,277.016,57.7684,-1.178
226760,277.393,277.016,57.7684,-1.178
226770,277.393,277.016,57.7684,-1.178
226780,277.393,277.016,57.7684,-1.178
226790,277.393,277.355,57.7684,-1.178
226800,277.393,277.355,57.7684,-1.178
226810,277.393,277.355,57.7684,-1.178
226820,277.393,277.355,57.7684,-1.178
226830,277.393,277.355,103.201,-1.178
226840,277.619,277.355,10.5902,-1.178
226850,277.619,277.227,10.5902,-1.178
226860,277.619,277.227,10.5902,-1.178
226870,277.619,277.227,10.5902,-1.178
226880,278.522,277.227,10.5902,-3.36303
226890,278.217,277.227,10.5902,-3.36303
226900,278.381,277.227,10.5902,-3.36303
226910,277.714,277.227,13.0021,-1.178
226920,277.926,277.405,13.0021,-1.178
226930,278.814,277.405,13.0021,-3.36303
226940,278.552,277.405,13.0021,-3.36303
226950,279.925,277.765,13.0021,-5.42989
226960,280.641,278.604,13.0021,-5.42989
226970,280.641,280.52,13.0021,-1.178
226980,280.786,280.352,2.68089,-1.178
226990,281.745,280.352,4.39517,-3.36303
227000,281.745,280.352,4.39517,-3.36303
227010,281.745,280.352,4.39517,-3.36303
227020,281.745,280.352,4.39517,-3.36303
227030,281.745,280.352,8.33354,-3.36303
227040,281.745,280.297,8.33354,-3.36303
227050,281.269,280.297,8.33354,-3.36303
227060,281.269,279.875,8.33354,-3.36303
227070,280.332,279.936,8.33354,-1.178
227080,280.551,280.251,8.33354,-1.178
227090,280.94,280.251,8.33354,-3.36303
227100,280.603,280.251,8.33354,-1.178
227110,280.771,279.026,8.33354,-5.42989
227120,280.937,280.447,8.33354,-1.178
227130,280.937,280.447,8.33354,-1.178
227140,280.937,280.712,43.4303,-1.178
227150,281.365,280.712,43.4303,-3.36303
227160,280.767,280.712,57.3236,-1.178
227170,280.767,280.41,57.3236,-1.178
227180,280.474,280.207,57.3236,-1.178
227190,280.474,280.207,57.3236,-1.178
227200,280.474,280.143,57.3236,-1.178
227210,280.507,280.389,110.77,-1.178
227220,280.507,280.389,110.77,-1.178
227230,280.397,280.389,110.77,-1.178
227240,280.397,280.389,110.77,-1.178
227250,280.397,280.389,103.972,-1.178
227260,280.554,280.389,103.972,-1.178
227270,280.554,280.389,103.972,-1.178
227280,280.554,280.448,3.31724,-1.178
227290,280.554,280.448,27.3647,-1.178
227300,279.623,279.493,99.9992,-1.178
227310,279.623,279.493,99.9992,-1.178
227320,279.58,279.246,16.7055,-1.178
227330,279.58,279.17,3.62348,-1.178
227340,279.678,279.17,3.62348,-1.178
227350,279.678,279.17,3.62348,-1.178
227360,279.678,279.17,12.5469,-1.178
227370,279.678,279.17,12.5469,-1.178
227380,279.678,279.17,12.5469,-1.178
227390,279.254,279.17,12.5469,-1.178
227400,279.254,279.17,12.5469,-1.178
227410,279.254,279.17,12.5469,-1.178
227420,279.254,279.17,12.5469,-1.178
227430,279.849,279.246,12.5469,-1.178
227440,279.849,278.545,12.5469,-3.36303
227450,279.849,278.545,12.5469,-3.36303
227460,278.748,278.545,12.5469,-1.178
227470,278.748,278.545,12.5469,-1.178
227480,278.748,278.353,26.6801,-1.178
227490,278.748,278.322,7.74757,-1.178
227500,278.748,278.322,7.74757,-1.178
227510,278.748,278.322,7.74757,-1.178
227520,278.748,278.322,7.74757,-1.178
227530,278.748,277.645,7.74757,-3.36303
227540,278.505,277.079,7.74757,-3.36303
227550,278.505,277.909,7.74757,-1.178
227560,278.505,277.953,7.74757,-1.178
227570,278.505,277.953,7.74757,-1.178
227580,279.052,278.834,7.74757,-1.178
227590,278.856,278.834,49.2963,-1.178
227600,278.856,278.834,82.5911,-1.178
227610,278.856,278.834,82.5911,-1.178
227620,278.856,278.834,82.5911,-1.178
227630,278.856,278.834,3.16211,-1.178
227640,278.856,278.834,3.16211,-1.178
227650,279.022,278.834,93.5276,-1.178
227660,279.022,278.834,9.223,-1.178
227670,279.208,278.834,11.0545,-1.178
227680,279.279,278.953,55.5753,-1.178
227690,279.671,278.953,55.5753,-3.36303
227700,279.671,278.981,55.5753,-3.36303
227710,279.31,278.981,4.30189,-1.178
227720,279.31,278.786,4.30189,-1.178
227730,279.31,278.811,4.30189,-1.178
227740,279.31,278.811,4.30189,-1.178
227750,280.052,278.811,4.30189,-3.36303
227760,279.572,278.811,4.46235,-3.36303
227770,279.572,279.172,4.46235,-1.178
227780,279.572,279.172,4.46235,-1.178
227790,279.572,279.024,4.46235,-1.178
227800,279.109,279.024,4.46235,-1.178
227810,279.109,279.024,63.2195,-1.178
227820,279.845,279.024,63.2195,-3.36303
227830,279.845,279.024,65.1645,-3.36303
227840,279.317,279.088,65.1645,-1.178
227850,279.317,279.088,65.1645,-1.178
227860,279.317,279.088,88.2114,-1.178
227870,279.317,279.088,88.2114,-1.178
227880,279.317,279.088,88.2114,-1.178
227890,279.317,279.088,25.0816,-1.178
227900,279.653,279.324,25.0816,-1.178
227910,279.653,279.324,12.8173,-1.178
227920,279.653,279.031,12.8173,-1.178
227930,279.968,279.369,12.8173,-1.178
227940,279.621,279.369,12.8173,-1.178
227950,280.156,279.369,12.8173,-3.36303
227960,280.156,279.369,3.12489,-3.36303
227970,279.607,279.369,62.0816,-1.178
227980,279.607,279.369,51.1533,-1.178
227990,279.607,279.369,51.1533,-1.178
228000,279.607,279.369,59.2494,-1.178
228010,279.607,279.369,18.4947,-1.178
228020,279.607,279.369,18.4947,-1.178
228030,279.607,278.946,0.235602,-1.178
228040,278.951,278.34,0.235602,-1.178
228050,278.723,278.34,0.235602,-1.178
228060,278.723,278.34,0.235602,-1.178
228070,278.723,278.344,0.235602,-1.178
228080,278.723,278.344,0.235602,-1.178
228090,278.954,278.344,0.235602,-1.178
228100,279.349,278.344,0.235602,-3.36303
228110,279.349,278.877,0.235602,-1.178
228120,279.349,278.877,0.235602,-1.178
228130,278.929,278.877,0.235602,-1.178
228140,279.059,278.877,0.235602,-1.178
228150,279.059,278.877,4.43355,-1.178
228160,279.059,278.877,4.43355,-1.178
228170,280.286,278.877,4.43355,-3.36303
228180,280.256,278.877,4.43355,-3.36303
228190,280.23,278.877,4.43355,-3.36303
228200,280.23,279.193,4.43355,-3.36303
228210,280.583,279.193,4.43355,-3.36303
228220,280.583,279.35,4.43355,-3.36303
228230,279.902,278.598,19.0352,-3.36303
228240,279.902,279.239,62.5556,-3.36303
228250,279.681,279.239,62.5556,-3.36303
228260,279.775,279.239,62.5556,-3.36303
228270,279.775,279.464,62.5556,-1.178
228280,279.775,279.464,69.1185,-1.178
228290,279.616,279.464,69.1185,-1.178
228300,279.487,279.464,12.051,-1.178
228310,279.487,279.464,110.354,-1.178
228320,279.487,279.464,110.354,-1.178
228330,279.487,279.464,83.2222,-1.178
228340,279.487,279.464,109.357,-1.178
228350,279.487,279.464,110.238,-1.178
228360,279.487,279.464,63.1248,-1.178
228370,279.487,279.464,63.1248,-1.178
228380,279.487,279.464,22.1505,-1.178
228390,279.487,279.464,22.1505,-1.178
228400,279.487,279.464,22.1505,-1.178
228410,279.691,278.997,22.1505,-3.36303
228420,280.408,280.063,22.1505,-1.178
228430,280.408,280.063,22.1505,-1.178
228440,280.515,280.263,22.1505,-1.178
228450,280.515,280.263,39.0202,-1.178
228460,280.641,280.498,39.0202,-1.178
228470,280.641,280.287,39.0202,-1.178
228480,280.641,280.287,39.0202,-1.178
228490,280.641,280.287,39.0202,-1.178
228500,280.507,280.287,39.0202,-1.178
228510,280.507,280.287,18.7335,-1.178
228520,280.752,280.287,18.7335,-1.178
228530,280.81,280.287,18.7335,-1.178
228540,280.81,280.76,18.7335,-1.178
228550,281.236,280.76,18.7335,-1.178
228560,280.867,280.626,18.7335,-1.178
228570,280.832,280.626,80.8613,-1.178
228580,280.832,280.626,63.9118,-1.178
228590,280.832,280.626,73.7259,-1.178
228600,280.832,280.592,73.7259,-1.178
228610,280.872,280.592,55.4112,-1.178
228620,280.872,280.767,54.6627,-1.178
228630,280.872,280.314,68.2765,-3.36303
228640,280.872,280.314,82.728,-3.36303
228650,280.872,280.314,16.7755,-1.178
228660,280.872,280.314,16.7755,-1.178
228670,280.872,279.471,16.7755,-3.36303
228680,279.567,279.329,16.7755,-1.178
228690,279.567,279.329,70.2466,-1.178
228700,279.567,279.329,70.2466,-1.178
228710,279.567,279.329,70.2466,-1.178
228720,279.567,279.329,70.2466,-1.178
228730,279.567,279.311,70.2466,-1.178
228740,279.567,279.311,77.1965,-1.178
228750,279.537,279.311,77.1965,-1.178
228760,279.537,279.311,77.1965,-1.178
228770,279.537,279.311,77.1965,-1.178
228780,279.537,279.311,77.1965,-1.178
228790,279.396,279.311,77.1965,-1.178
228800,279.396,279.311,77.1965,-1.178
228810,279.396,279.311,77.1965,-1.178
228820,279.396,279.311,77.1965,-1.178
228830,279.396,279.311,117.431,-1.178
228840,279.388,279.311,117.431,-1.178
228850,279.388,279.294,18.9251,-1.178
228860,279.388,279.294,0.917488,-1.178
228870,279.388,279.294,124.187,-3.36303
228880,279.388,279.294,105.909,-1.178
228890,279.42,279.294,76.4551,-1.178
228900,279.42,279.294,76.4551,-1.178
228910,279.42,279.294,76.4551,-1.178
228920,280.169,279.294,11.275,-3.36303
228930,280.169,279.294,11.275,-3.36303
228940,280.169,280.057,11.275,-1.178
228950,280.169,280.057,11.275,-1.178
228960,280.169,280.057,44.1619,-1.178
228970,281.406,280.057,3.76544,-3.36303
228980,281.466,280.057,3.76544,-3.36303
228990,281.151,280.057,3.76544,-3.36303
229000,280.368,280.244,3.76544,-1.178
229010,280.368,280.244,3.76544,-1.178
229020,280.585,280.097,3.76544,-1.178
229030,280.585,280.097,3.76544,-1.178
229040,280.585,280.15,3.76544,-1.178
229050,281.045,280.521,3.76544,-1.178
229060,281.045,280.521,21.4603,-1.178
229070,280.669,280.521,26.8235,-1.178
229080,280.669,280.521,43.3906,-1.178
229090,281.531,280.816,43.3906,-3.36303
229100,281.111,280.816,43.3906,-1.178
229110,281.111,280.903,43.3906,-1.178
229120,281.111,280.903,52.3631,-1.178
229130,281.047,280.903,0.324585,-1.178
229140,281.948,280.903,0.324585,-3.36303
229150,282.384,282.17,0.324585,-1.178
229160,282.384,282.17,75.6041,-1.178
229170,282.384,282.17,51.3979,-1.178
229180,282.455,282.17,15.8372,-1.178
229190,282.455,282.17,15.798,-1.178
229200,282.296,282.17,6.19954,-1.178
229210,282.296,282.17,6.19954,-1.178
229220,282.395,282.17,6.19954,-1.178
229230,282.482,282.17,6.19954,-1.178
229240,282.747,282.17,57.1053,-3.36303
229250,283.003,282.17,46.2024,-3.36303
229260,283.003,282.17,46.2024,-3.36303
229270,282.886,282.17,6.50824,-3.36303
229280,283.235,282.17,35.9957,-3.36303
229290,283.235,281.425,16.0553,-5.42989
229300,283.813,282.502,16.0553,-3.36303
229310,283.813,283.513,16.0553,-1.178
229320,283.813,283.513,50.5102,-1.178
229330,283.813,283.513,40.8316,-1.178
229340,283.813,283.513,40.8316,-1.178
229350,283.546,283.513,69.498,-1.178
229360,283.546,283.513,34.4025,-1.178
229370,283.546,283.513,12.9078,-1.178
229380,283.541,283.513,66.4315,-1.178
229390,283.541,283.513,3.21061,-1.178
229400,283.981,283.513,3.21061,-1.178
229410,283.708,283.513,3.21061,-1.178
229420,284.084,283.505,3.21061,-1.178
229430,284.084,283.993,3.21061,-1.178
229440,284.308,283.993,3.21061,-1.178
229450,284.308,283.993,3.21061,-1.178
229460,284.308,283.993,3.21061,-1.178
229470,284.308,283.934,3.21061,-1.178
229480,284.308,283.619,3.21061,-1.178
229490,284.308,283.619,3.21061,-1.178
229500,284.308,283.619,3.21061,-1.178
229510,284.308,284.143,3.21061,-1.178
229520,284.308,284.033,82.4047,-1.178
229530,284.308,284.033,82.4047,-1.178
229540,284.308,284.033,72.9139,-1.178
229550,284.308,284.033,9.82271,-1.178
229560,284.308,282.879,9.82271,-3.36303
229570,284.308,283.895,9.82271,-1.178
229580,284.308,283.895,9.82271,-1.178
229590,284.308,283.895,9.82271,-1.178
229600,283.922,283.895,90.1045,-1.178
229610,283.922,283.84,90.1045,-1.178
229620,283.922,283.464,28.3974,-1.178
229630,283.648,283.464,62.544,-1.178
229640,283.648,283.464,62.544,-1.178
229650,283.612,283.464,62.544,-1.178
229660,283.612,283.464,63.7377,-1.178
229670,283.612,283.461,63.7377,-1.178
229680,283.612,283.461,14.8084,-1.178
229690,283.612,283.602,110.503,-1.178
229700,283.612,283.602,106.729,-1.178
229710,283.612,283.602,106.729,-1.178
229720,283.612,283.602,106.729,-1.178
229730,283.612,283.602,116.013,-1.178
229740,283.708,283.602,116.013,-1.178
229750,283.708,283.602,116.013,-1.178
229760,283.708,283.602,116.013,-1.178
229770,283.708,283.602,116.013,-1.178
229780,283.708,283.602,103.762,-1.178
229790,283.708,283.602,44.8957,-1.178
229800,283.401,283.307,25.9846,-1.178
229810,283.401,283.307,37.7739,-1.178
229820,283.401,283.188,37.7739,-1.178
229830,283.637,283.188,37.7739,-1.178
229840,284.093,283.952,37.7739,-1.178
229850,283.956,283.952,37.7739,-1.178
229860,283.956,283.916,37.7739,-1.178
229870,283.956,283.666,37.7739,-1.178
229880,283.956,283.666,21.1074,-1.178
229890,283.865,283.666,35.7752,-1.178
229900,282.82,282.727,35.7752,-1.178
229910,282.82,282.727,35.7752,-1.178
229920,283.085,282.727,40.7234,-1.178
229930,283.085,282.727,12.2258,-1.178
229940,283.085,282.704,12.2258,-1.178
229950,283.085,282.704,12.2258,-1.178
229960,282.784,282.704,99.7237,-1.178
229970,282.784,282.704,107.079,-1.178
229980,282.784,282.704,107.079,-1.178
229990,282.784,282.704,107.079,-1.178
230000,282.784,282.704,14.8159,-1.178
230010,282.784,282.327,14.8159,-1.178
230020,282.784,282.327,14.8159,-1.178
230030,282.784,282.327,14.8159,-1.178
230040,282.784,282.327,14.8159,-1.178
230050,282.784,282.198,14.8159,-1.178
230060,282.784,282.198,14.8159,-1.178
230070,282.784,282.198,14.8159,-1.178
230080,282.784,282.198,22.0206,-1.178
230090,282.784,282.335,22.0206,-1.178
230100,282.784,282.267,22.0206,-1.178
230110,282.784,282.267,22.0206,-1.178
230120,283.214,282.75,22.0206,-1.178
230130,283.214,282.75,18.1493,-1.178
230140,282.852,282.75,18.1493,-1.178
230150,282.852,282.053,64.7037,-3.36303
230160,282.299,282.053,64.7037,-1.178
230170,282.299,282.053,64.7037,-1.178
230180,282.299,282.053,64.7037,-1.178
230190,282.085,282.009,18.6841,-1.178
230200,282.085,282.009,84.3032,-1.178
230210,282.085,281.952,84.3032,-1.178
230220,282.085,281.952,50.1277,-1.178
230230,282.085,281.982,7.56492,-1.178
230240,282.794,282.506,38.7946,-1.178
230250,282.794,282.506,38.7946,-1.178
230260,282.794,282.221,14.5395,-1.178
230270,282.794,282.221,14.5395,-1.178
230280,281.849,281.833,14.5395,-1.178
230290,281.849,281.833,54.8699,-1.178
230300,281.849,281.833,95.1267,-1.178
230310,281.97,281.833,64.4908,-1.178
230320,281.97,281.833,105.489,-1.178
230330,281.97,281.833,104.652,-1.178
230340,281.97,281.833,104.652,-1.178
230350,281.97,281.833,104.652,-1.178
230360,281.97,281.833,104.652,-1.178
230370,282.287,281.833,37.1347,-1.178
230380,281.84,281.833,37.1347,-1.178
230390,281.84,281.766,94.4237,-1.178
230400,281.84,281.766,94.4237,-1.178
230410,281.84,281.766,94.4237,-1.178
230420,281.84,281.766,26.7591,-1.178
230430,282.225,282.063,13.4637,-1.178
230440,282.225,282.063,13.4637,-1.178
230450,282.377,282.063,3.61478,-1.178
230460,282.377,281.755,3.61478,-1.178
230470,282.377,282.265,23.2921,-1.178
230480,282.377,282.265,23.2921,-1.178
230490,282.377,282.265,16.3108,-1.178
230500,282.72,282.265,16.3108,-1.178
230510,282.72,282.458,16.3108,-1.178
230520,283.067,282.458,16.3108,-1.178
230530,283.067,282.458,16.3108,-1.178
230540,283.067,282.458,16.3108,-1.178
230550,283.067,282.458,16.3108,-1.178
230560,282.908,282.458,16.3108,-1.178
230570,282.908,282.458,16.3108,-1.178
230580,282.482,282.458,16.3108,-1.178
230590,282.482,282.458,69.8409,-1.178
230600,282.482,281.865,8.11541,-1.178
230610,282.482,281.865,8.11541,-1.178
230620,282.482,281.865,8.11541,-1.178
230630,282.482,281.865,8.11541,-1.178
230640,282.315,281.865,8.11541,-1.178
230650,282.315,281.654,8.11541,-1.178
230660,282.208,282.024,55.0071,-1.178
230670,282.208,282.024,55.0071,-1.178
230680,282.208,281.787,55.0071,-1.178
230690,282.208,281.787,55.0071,-1.178
230700,282.208,281.787,55.0071,-1.178
230710,282.208,281.787,40.6036,-1.178
230720,282.208,281.787,40.6036,-1.178
230730,282.208,281.787,40.6036,-1.178
230740,282.208,281.787,18.0283,-1.178
230750,282.208,281.787,18.0283,-1.178
230760,281.937,281.572,18.0283,-1.178
230770,281.937,281.606,18.0283,-1.178
230780,281.937,281.754,88.3266,-1.178
230790,281.937,281.754,53.1127,-1.178
230800,281.937,281.861,53.1127,-1.178
230810,281.937,281.779,46.3466,-1.178
230820,282.144,281.779,11.8864,-1.178
230830,282.144,281.779,11.8864,-1.178
230840,282.144,281.779,64.4283,-1.178
230850,282.144,281.779,57.8289,-1.178
230860,282.083,281.779,57.8289,-1.178
230870,281.87,281.779,57.8289,-1.178
230880,281.87,281.416,14.0429,-1.178
230890,281.87,281.416,14.0429,-1.178
230900,281.563,281.416,14.0429,-1.178
230910,281.563,281.416,14.0429,-1.178
230920,281.563,281.373,14.0429,-1.178
230930,281.563,281.373,14.0429,-1.178
230940,281.563,281.373,96.01,-1.178
230950,281.563,281.373,96.01,-1.178
230960,281.563,281.373,96.01,-1.178
230970,281.563,281.373,96.01,-1.178
230980,281.563,281.461,71.6668,-1.178
230990,281.563,281.461,71.6668,-1.178
231000,281.487,281.461,109.566,-1.178
231010,281.487,281.461,109.566,-1.178
231020,281.487,281.461,109.566,-1.178
231030,281.487,281.461,130.991,-1.178
231040,281.487,281.461,130.991,-1.178
231050,281.487,281.461,58.7664,-1.178
231060,281.487,281.461,66.6883,-1.178
231070,281.487,281.461,66.6883,-1.178
231080,281.487,281.461,8.61146,-1.178
231090,281.487,281.461,7.40293,-1.178
231100,280.984,280.913,7.40293,-1.178
231110,280.984,280.913,7.40293,-1.178
231120,280.984,280.913,112.073,-1.178
231130,280.984,280.913,112.073,-1.178
231140,280.984,280.86,112.073,-1.178
231150,280.984,280.946,112.073,-1.178
231160,280.984,280.946,112.073,-1.178
231170,280.984,280.975,112.073,-1.178
231180,280.984,280.975,71.8301,-1.178
231190,280.984,280.877,71.8301,-1.178
231200,280.984,280.877,71.8301,-1.178
231210,280.984,280.904,71.8301,-1.178
231220,280.984,280.904,5.17257,-1.178
231230,280.984,280.904,5.17257,-1.178
231240,282.622,280.757,5.17257,-5.42989
231250,280.445,280.132,5.13777,-1.178
231260,280.445,280.132,5.13777,-1.178
231270,280.445,279.905,5.13777,-1.178
231280,280.445,279.905,0.143784,-1.178
231290,279.99,279.905,30.5879,-1.178
231300,279.99,279.905,30.5879,-1.178
231310,279.99,279.905,73.457,-1.178
231320,279.99,279.905,73.457,-1.178
231330,279.99,279.905,73.457,-1.178
231340,280.007,279.819,73.457,-1.178
231350,280.007,279.819,46.5136,-1.178
231360,280.007,279.911,62.7156,-1.178
231370,280.007,279.316,62.7156,-3.36303
231380,279.461,279.316,3.11093,-1.178
231390,279.461,279.341,3.11093,-1.178
231400,280.018,279.405,3.11093,-1.178
231410,279.962,279.405,3.11093,-1.178
231420,279.962,279.405,3.11093,-1.178
231430,279.962,279.828,3.11093,-1.178
231440,279.962,279.498,3.11093,-1.178
231450,279.962,279.498,29.7165,-1.178
231460,279.962,279.498,29.7165,-1.178
231470,279.962,279.498,41.5581,-1.178
231480,279.506,279.291,41.5581,-1.178
231490,279.677,279.291,41.5581,-1.178
231500,279.359,279.291,41.5581,-1.178
231510,279.359,279.291,41.5581,-1.178
231520,279.369,279.291,41.5581,-1.178
231530,279.369,279.291,41.5581,-1.178
231540,279.369,279.291,39.2385,-1.178
231550,279.369,279.291,16.1196,-1.178
231560,279.448,279.291,96.8153,-1.178
231570,279.448,279.291,96.8153,-1.178
231580,279.448,279.291,96.8153,-1.178
231590,279.448,279.393,29.9914,-1.178
231600,279.448,279.393,120.995,-1.178
231610,279.448,279.393,120.995,-1.178
231620,279.448,279.357,43.2523,-1.178
231630,279.511,279.357,43.2523,-1.178
231640,279.511,279.357,46.1752,-1.178
231650,279.511,279.357,46.1752,-1.178
231660,279.511,279.274,46.1752,-1.178
231670,279.511,279.274,46.1752,-1.178
231680,279.511,279.366,46.1752,-1.178
231690,279.511,279.366,46.1752,-1.178
231700,279.511,279.366,35.6316,-1.178
231710,279.511,279.366,35.6316,-1.178
231720,279.511,279.134,35.6316,-1.178
231730,279.511,279.45,76.7653,-1.178
231740,279.511,279.284,76.7653,-1.178
231750,279.511,279.284,70.1036,-1.178
231760,279.511,279.284,70.1036,-1.178
231770,279.511,279.284,70.1036,-1.178
231780,279.511,279.284,70.1036,-1.178
231790,279.511,279.284,70.1036,-1.178
231800,279.511,279.284,70.1036,-1.178
231810,279.511,279.284,70.1036,-1.178
231820,279.33,279.284,41.1832,-1.178
231830,279.33,279.284,41.1832,-1.178
231840,279.33,279.284,109.119,-1.178
231850,279.33,279.284,35.4684,-1.178
231860,279.41,279.284,35.4684,-1.178
231870,279.468,279.284,71.3428,-1.178
231880,279.468,279.363,94.5651,-1.178
231890,279.468,279.363,94.5651,-1.178
231900,279.468,279.363,94.5651,-1.178
231910,279.468,279.447,62.0757,-1.178
231920,279.812,279.447,62.0757,-1.178
231930,279.812,279.811,126.066,-1.178
231940,279.812,279.811,126.066,-1.178
231950,279.812,279.811,126.066,-1.178
231960,279.812,279.811,126.066,-1.178
231970,279.812,279.811,126.066,-1.178
231980,280.092,279.811,42.3184,-1.178
231990,280.092,279.811,11.0776,-1.178
232000,280.092,279.811,11.0776,-1.178
232010,280.092,280.066,78.704,-1.178
232020,280.092,280.066,78.704,-1.178
232030,280.092,280.066,126.147,-1.178
232040,280.092,280.066,126.336,-1.178
232050,280.092,280.066,75.3142,-1.178
232060,280.092,280.066,75.3142,-1.178
232070,280.092,280.066,117.867,-1.178
232080,280.092,280.01,117.867,-1.178
232090,280.092,280.01,108.869,-1.178
232100,280.092,280.01,109.78,-1.178
232110,280.092,280.01,109.78,-1.178
232120,280.092,280.01,109.78,-1.178
232130,280.092,280.01,109.78,-1.178
232140,280.092,280.01,10.6025,-1.178
232150,280.096,280.01,10.6025,-1.178
232160,280.096,280.01,52.9691,-1.178
232170,280.096,279.79,52.9691,-1.178
232180,280.096,279.79,52.9691,-1.178
232190,280.096,279.79,52.9691,-1.178
232200,280.096,279.79,52.9691,-1.178
232210,280.096,279.79,51.4271,-1.178
232220,280.194,279.79,45.3639,-1.178
232230,280.194,279.79,56.4396,-1.178
232240,280.194,279.79,56.4396,-1.178
232250,279.953,279.79,56.4396,-1.178
232260,279.81,279.79,90.0111,-1.178
232270,279.81,279.79,27.0803,-1.178
232280,279.81,279.79,27.0803,-1.178
232290,279.81,279.79,27.0803,-1.178
232300,279.81,279.317,22.7566,-1.178
232310,280.093,279.671,22.7566,-1.178
232320,280.093,279.671,22.7566,-1.178
232330,279.944,279.671,49.905,-1.178
232340,279.952,279.671,49.905,-1.178
232350,279.961,279.671,69.4815,-1.178
232360,279.915,279.671,69.4815,-1.178
232370,279.915,279.671,69.4815,-1.178
232380,279.915,279.671,69.4815,-1.178
232390,279.704,279.671,69.4815,-1.178
232400,279.704,279.671,69.4815,-1.178
232410,279.836,279.671,83.1986,-1.178
232420,280.388,279.671,74.1483,-3.36303
232430,280.388,279.671,74.1483,-3.36303
232440,280.388,279.671,74.1483,-3.36303
232450,280.388,279.671,19.6562,-3.36303
232460,278.805,278.346,19.6562,-1.178
232470,278.805,278.346,19.6562,-1.178
232480,280.692,279.652,19.6562,-3.36303
232490,281.478,279.652,19.6562,-5.42989
232500,280.516,280.374,52.3753,-1.178
232510,280.516,280.374,52.3753,-1.178
232520,280.516,280.374,25.076,-1.178
232530,280.516,280.374,9.10893,-1.178
232540,280.516,280.207,11.6148,-1.178
232550,280.516,280.207,49.8858,-1.178
232560,280.507,280.207,49.8858,-1.178
232570,280.507,280.207,49.8858,-1.178
232580,280.29,280.207,49.8858,-1.178
232590,280.29,280.207,49.8858,-1.178
232600,280.602,280.207,49.8858,-1.178
232610,280.602,280.207,49.8858,-1.178
232620,280.602,280.019,24.4727,-1.178
232630,280.56,280.368,24.4727,-1.178
232640,280.56,280.368,24.4727,-1.178
232650,280.56,280.368,12.094,-1.178
232660,280.56,280.368,12.094,-1.178
232670,280.56,280.118,12.094,-1.178
232680,280.589,280.075,18.2324,-1.178
232690,280.589,280.309,18.2324,-1.178
232700,280.628,280.309,18.2324,-1.178
232710,280.473,280.309,18.2324,-1.178
232720,280.473,280.309,18.2324,-1.178
232730,280.473,280.309,70.1129,-1.178
232740,280.473,280.309,70.1129,-1.178
232750,280.473,280.309,78.3355,-1.178
232760,280.473,280.309,78.3355,-1.178
232770,280.473,280.309,78.3355,-1.178
232780,280.473,280.309,34.8385,-1.178
232790,280.473,280.309,34.8385,-1.178
232800,280.473,280.309,34.8385,-1.178
232810,280.79,280.309,34.8385,-1.178
232820,280.535,280.309,34.8385,-1.178
232830,280.535,280.368,113.84,-3.36303
232840,280.535,280.368,113.84,-3.36303
232850,280.535,280.368,113.84,-3.36303
232860,280.535,280.368,113.84,-3.36303
232870,280.538,280.368,37.4984,-1.178
232880,280.538,280.095,37.4984,-1.178
232890,280.431,280.095,37.4984,-1.178
232900,280.431,280.095,37.4984,-1.178
232910,280.801,280.29,37.4984,-1.178
232920,280.432,280.29,25.3496,-1.178
232930,280.383,280.29,10.3258,-1.178
232940,280.524,280.29,10.3258,-1.178
232950,280.524,280.29,10.3258,-1.178
232960,280.524,280.231,10.3258,-1.178
232970,280.524,280.231,68.9806,-1.178
232980,280.278,279.659,68.9806,-3.36303
232990,280.278,279.659,68.9806,-3.36303
233000,282.189,279.659,68.9806,-7.49676
233010,281.678,280.822,30.5141,-3.36303
233020,281.18,280.515,30.5141,-3.36303
233030,280.734,278.895,30.5141,-5.42989
233040,280.871,280.427,50.177,-1.178
233050,280.871,280.625,50.177,-1.178
233060,280.871,280.625,61.9256,-1.178
233070,280.871,280.575,61.9256,-1.178
233080,280.871,280.575,61.9256,-1.178
233090,280.871,280.575,61.9256,-1.178
233100,280.884,280.575,61.9256,-1.178
233110,280.884,280.575,61.9256,-1.178
233120,280.884,280.575,51.8713,-1.178
233130,280.884,280.575,51.8713,-1.178
233140,280.64,280.575,36.7273,-1.178
233150,280.64,280.575,36.7273,-1.178
233160,280.649,280.523,9.14577,-1.178
233170,280.878,280.479,55.9358,-1.178
233180,280.878,280.479,55.9358,-1.178
233190,280.878,280.535,1.49619,-1.178
233200,280.878,280.56,49.1301,-1.178
233210,280.746,280.56,49.1301,-1.178
233220,280.746,280.723,54.6998,-1.178
233230,280.746,280.723,74.3224,-1.178
233240,280.746,280.529,74.3224,-1.178
233250,280.746,280.529,74.3224,-1.178
233260,280.746,280.529,74.3224,-1.178
233270,280.633,280.529,74.3224,-1.178
233280,280.633,280.529,74.3224,-1.178
233290,280.633,280.529,15.9785,-1.178
233300,280.633,280.434,15.9785,-1.178
233310,280.892,280.434,15.9785,-1.178
233320,280.892,280.454,15.9785,-1.178
233330,280.892,280.454,52.3807,-1.178
233340,280.892,280.454,52.3807,-1.178
233350,280.948,280.454,12.5869,-1.178
233360,280.948,280.454,12.5869,-1.178
233370,280.948,280.454,1.75035,-1.178
233380,280.948,280.454,1.75035,-1.178
233390,280.522,280.454,1.75035,-1.178
233400,280.524,280.02,1.75035,-1.178
233410,280.524,280.02,38.2551,-1.178
233420,280.524,280.489,18.4158,-1.178
233430,280.524,280.489,100.301,-1.178
233440,280.518,280.489,101.623,-1.178
233450,280.518,280.125,23.7184,-1.178
233460,280.518,279.966,8.24074,-1.178
233470,280.518,279.966,8.24074,-1.178
233480,280.746,279.966,8.24074,-3.36303
233490,281.255,280.585,8.24074,-1.178
233500,281.255,280.585,8.24074,-1.178
233510,280.784,280.585,8.24074,-1.178
233520,281.185,280.57,8.24074,-1.178
233530,280.901,280.57,8.24074,-1.178
233540,280.901,280.57,8.24074,-1.178
233550,281.336,280.57,8.24074,-3.36303
233560,281.656,280.57,8.24074,-3.36303
233570,281.462,280.7,8.24074,-3.36303
233580,280.973,280.7,8.24074,-1.178
233590,281.031,280.7,20.9447,-1.178
233600,281.274,280.7,20.9447,-1.178
233610,280.82,280.7,20.9447,-1.178
233620,280.82,280.407,20.9447,-1.178
233630,280.82,280.407,20.096,-1.178
233640,280.82,280.407,53.8848,-1.178
233650,280.82,280.407,28.4165,-1.178
233660,280.82,279.987,28.4165,-3.36303
233670,280.82,280.815,28.4165,-1.178
233680,280.82,280.815,62.8341,-1.178
233690,280.82,280.717,4.24978,-1.178
233700,280.82,280.588,64.4468,-1.178
233710,280.82,280.588,64.4468,-1.178
233720,280.82,280.588,64.4468,-1.178
233730,280.82,280.588,13.4473,-1.178
233740,280.82,280.475,13.4473,-1.178
233750,280.82,280.236,13.4473,-1.178
233760,280.82,280.67,51.7474,-1.178
233770,280.82,280.67,46.3381,-1.178
233780,280.82,280.403,46.3381,-1.178
233790,280.82,280.403,46.3381,-1.178
233800,281,280.626,46.3381,-1.178
233810,280.96,280.626,46.3381,-1.178
233820,280.96,280.626,22.3131,-1.178
233830,280.96,280.626,0.175818,-1.178
233840,280.96,280.626,0.175818,-1.178
233850,280.96,280.626,0.175818,-1.178
233860,280.96,280.626,68.445,-1.178
233870,280.96,280.792,68.445,-1.178
233880,280.96,280.792,68.445,-1.178
233890,280.96,280.792,68.445,-1.178
233900,281.022,280.792,68.445,-1.178
233910,280.915,280.792,68.445,-1.178
233920,280.915,280.66,68.445,-1.178
233930,280.915,280.66,68.445,-1.178
233940,280.915,280.66,2.79804,-1.178
233950,280.817,280.66,2.79804,-1.178
233960,280.817,280.66,13.3058,-1.178
233970,280.817,280.208,13.3058,-1.178
233980,280.821,280.208,13.3058,-1.178
233990,280.821,280.564,13.3058,-1.178
234000,280.821,280.564,13.3058,-1.178
234010,280.821,280.564,109.86,-3.36303
234020,280.725,280.677,109.86,-1.178
234030,280.725,280.677,109.86,-1.178
234040,280.725,280.677,54.1218,-1.178
234050,280.725,280.677,54.1218,-1.178
234060,280.725,280.677,112.345,-1.178
234070,280.725,280.677,83.2895,-1.178
234080,280.725,280.65,32.3262,-1.178
234090,280.883,280.65,32.3262,-1.178
234100,281.183,280.65,32.3262,-1.178
234110,281.183,280.832,32.3262,-1.178
234120,281.183,280.832,115.939,-5.42989
234130,280.976,280.832,115.939,-3.36303
234140,281.301,280.935,13.8601,-1.178
234150,281.066,280.896,13.8601,-1.178
234160,281.271,280.896,40.3863,-1.178
234170,281.271,280.896,40.3863,-1.178
234180,281.271,280.896,40.3863,-1.178
234190,281.271,280.227,30.2386,-3.36303
234200,281.271,280.227,30.2386,-3.36303
234210,281.271,280.227,0.1501,-3.36303
234220,280.398,280.227,29.5427,-1.178
234230,280.342,280.227,95.5553,-1.178
234240,280.342,280.227,95.5553,-1.178
234250,280.342,280.227,95.5553,-1.178
234260,280.342,280.227,95.5553,-1.178
234270,280.342,280.227,95.5553,-1.178
234280,280.342,280.227,95.5553,-1.178
234290,280.342,280.227,63.1781,-1.178
234300,280.342,280.251,63.1781,-1.178
234310,280.342,280.251,20.8286,-1.178
234320,280.342,280.145,7.45478,-1.178
234330,280.342,280.287,102.474,-1.178
234340,280.342,280.287,102.474,-1.178
234350,280.342,280.287,62.8621,-1.178
234360,280.342,279.897,62.8621,-3.36303
234370,280.719,279.897,62.8621,-3.36303
234380,280.719,280.704,62.8621,-1.178
234390,280.719,280.704,9.92432,-1.178
234400,280.953,280.704,9.92432,-1.178
234410,280.953,280.704,9.92432,-1.178
234420,280.953,280.704,18.753,-1.178
234430,280.953,280.704,13.9559,-1.178
234440,280.953,280.471,13.9559,-1.178
234450,280.953,280.572,19.8966,-1.178
234460,280.953,280.572,19.8966,-1.178
234470,280.923,280.572,69.5861,-1.178
234480,280.923,280.576,55.6872,-1.178
234490,280.923,280.621,55.6872,-1.178
234500,280.923,280.621,55.6872,-1.178
234510,280.923,280.621,16.963,-1.178
234520,280.923,280.621,16.963,-1.178
234530,280.923,280.621,78.2568,-1.178
234540,280.923,280.621,78.2568,-1.178
234550,280.923,280.621,78.2568,-1.178
234560,280.923,280.621,63.8597,-1.178
234570,280.923,280.621,63.8597,-1.178
234580,280.676,280.338,63.8597,-1.178
234590,280.487,280.338,21.2204,-1.178
234600,280.487,280.338,21.2204,-1.178
234610,280.487,280.338,21.2204,-1.178
234620,280.414,280.338,21.2204,-1.178
234630,280.414,280.338,21.2204,-1.178
234640,280.414,280.338,21.2204,-1.178
234650,280.414,280.338,114.055,-1.178
234660,280.414,280.338,49.6159,-1.178
234670,280.414,280.338,49.6159,-1.178
234680,280.414,280.259,49.6159,-1.178
234690,280.414,280.259,79.8904,-1.178
234700,280.414,280.239,79.8904,-1.178
234710,280.414,280.239,79.8904,-1.178
234720,280.414,280.239,57.0163,-1.178
234730,280.353,280.239,57.0163,-1.178
234740,280.353,279.952,83.8828,-3.36303
234750,280.353,279.952,83.8828,-3.36303
234760,280.353,279.415,87.9316,-5.42989
234770,279.579,279.415,87.9316,-1.178
234780,279.579,279.415,87.9316,-1.178
234790,279.579,279.415,87.9316,-1.178
234800,279.579,279.415,87.9316,-1.178
234810,279.579,279.415,87.9316,-1.178
234820,279.865,279.415,37.8666,-1.178
234830,279.865,279.415,37.8666,-1.178
234840,279.865,279.415,37.8666,-1.178
234850,279.865,279.857,64.669,-1.178
234860,279.865,279.857,129.42,-1.178
234870,279.865,279.857,45.9907,-1.178
234880,279.865,279.539,45.9907,-1.178
234890,279.865,279.539,45.9907,-1.178
234900,279.865,279.539,45.9907,-1.178
234910,279.94,279.539,45.9907,-1.178
234920,279.94,279.539,45.9907,-1.178
234930,281.116,279.539,45.9907,-5.42989
234940,280.804,279.539,45.9907,-5.42989
234950,280.028,278.159,141.532,-7.49676
234960,280.028,278.159,141.532,-7.49676
234970,279.915,278.155,71.1915,-7.49676
234980,278.744,278.155,7.50983,-1.178
234990,278.744,278.155,7.50983,-1.178
235000,278.744,278.155,7.50983,-1.178
235010,278.524,278.155,7.50983,-1.178
235020,278.524,278.155,7.50983,-1.178
235030,278.718,278.155,7.50983,-1.178
235040,278.329,278.155,7.50983,-1.178
235050,278.189,278.063,103.563,-1.178
235060,278.189,278.063,103.563,-1.178
235070,278.189,278.063,77.4751,-1.178
235080,278.189,278.063,108.838,-1.178
235090,278.189,278.063,108.838,-1.178
235100,278.189,278.063,108.838,-1.178
235110,278.189,278.063,108.838,-1.178
235120,278.331,278.063,1.99856,-1.178
235130,278.331,278.063,100.248,-3.36303
235140,278.331,278.063,100.248,-3.36303
235150,278.331,278.063,100.248,-3.36303
235160,278.331,278.063,3.59508,-1.178
235170,278.538,278.063,3.59508,-1.178
235180,278.314,278.098,3.59508,-1.178
235190,278.314,278.098,27.2542,-1.178
235200,277.737,277.213,27.2542,-1.178
235210,277.737,277.213,27.2542,-1.178
235220,278.392,277.617,27.2542,-3.36303
235230,278.392,278.342,27.2542,-1.178
235240,278.392,278.342,27.2542,-1.178
235250,278.392,278.342,27.2542,-1.178
235260,278.373,278.342,39.4545,-1.178
235270,278.373,278.2,39.4545,-1.178
235280,278.373,278.2,95.9127,-1.178
235290,278.373,278.2,95.9127,-1.178
235300,278.373,278.2,95.9127,-1.178
235310,278.373,278.2,13.865,-1.178
235320,278.373,278.2,95.9569,-1.178
235330,278.397,278.2,31.7583,-1.178
235340,278.289,278.281,94.8586,-1.178
235350,278.289,278.281,43.1313,-1.178
235360,278.339,277.92,43.1313,-1.178
235370,278.283,278.054,43.1313,-1.178
235380,278.283,278.054,24.1178,-1.178
235390,278.414,278.054,60.3397,-1.178
235400,278.125,278.054,60.3397,-1.178
235410,278.125,278.054,60.3397,-1.178
235420,278.125,278.054,29.086,-1.178
235430,278.125,277.924,29.086,-1.178
235440,278.125,277.924,6.41382,-1.178
235450,278.125,277.924,108.224,-3.36303
235460,278.125,277.924,108.224,-3.36303
235470,278.125,277.924,108.224,-3.36303
235480,278.125,277.924,108.224,-3.36303
235490,278.125,277.924,108.224,-3.36303
235500,278.125,277.924,108.224,-3.36303
235510,278.125,278,108.224,-1.178
235520,278.125,278,108.224,-1.178
235530,278.125,278,23.618,-1.178
235540,278.125,278,23.618,-1.178
235550,278.125,278,23.618,-1.178
235560,278.641,277.394,23.618,-3.36303
235570,278.019,277.806,23.618,-1.178
235580,278.039,276.827,23.618,-3.36303
235590,277.129,276.925,23.618,-1.178
235600,277.129,276.821,23.618,-1.178
235610,277.129,276.84,23.618,-1.178
235620,277.129,276.84,23.618,-1.178
235630,277.129,276.84,81.1645,-1.178
235640,277.129,276.84,0.503167,-1.178
235650,277.129,276.84,65.0691,-1.178
235660,277.129,276.84,13.8346,-1.178
235670,277.129,276.84,13.8346,-1.178
235680,277.129,276.838,13.8346,-1.178
235690,277.194,276.838,13.8346,-1.178
235700,277.296,276.838,13.8346,-1.178
235710,277.231,276.838,13.8346,-1.178
235720,277.231,276.838,33.4725,-1.178
235730,277.231,277.209,33.4725,-1.178
235740,277.231,277.209,33.4725,-1.178
235750,277.231,277.116,33.4725,-1.178
235760,278.324,276.552,33.4725,-5.42989
235770,276.914,276.552,33.4725,-1.178
235780,276.914,276.552,4.42308,-1.178
235790,277.193,276.849,41.3024,-1.178
235800,277.193,276.849,41.3024,-1.178
235810,277.322,276.849,41.3024,-1.178
235820,277.322,277.202,41.3024,-1.178
235830,277.322,277.215,102.655,-1.178
235840,277.305,277.215,91.3594,-1.178
235850,277.305,277.215,91.3594,-1.178
235860,277.305,277.215,91.3594,-1.178
235870,277.305,277.215,4.75817,-1.178
235880,277.464,275.167,4.75817,-5.42989
235890,275.494,275.167,4.75817,-1.178
235900,275.583,275.032,4.75817,-1.178
235910,275.583,275.032,4.75817,-1.178
235920,275.583,275.032,4.75817,-1.178
235930,275.074,275.032,4.75817,-1.178
235940,275.074,272.693,4.75817,-5.42989
235950,275.074,274.503,4.75817,-1.178
235960,275.9,274.503,4.75817,-3.36303
235970,275.238,274.486,28.5965,-3.36303
235980,274.711,274.23,28.5965,-1.178
235990,275.259,273.069,28.5965,-5.42989
236000,274.063,273.606,28.5965,-1.178
236010,273.812,273.606,49.7924,-1.178
236020,273.812,273.606,49.7924,-1.178
236030,273.812,273.606,116.138,-3.36303
236040,273.812,273.606,51.5163,-1.178
236050,274.029,273.606,51.5163,-1.178
236060,274.267,273.606,51.5163,-3.36303
236070,274.267,273.606,1.31252,-1.178
236080,273.932,273.606,1.31252,-1.178
236090,273.932,273.606,69.9414,-1.178
236100,273.932,273.606,69.9414,-1.178
236110,273.955,273.606,69.9414,-1.178
236120,273.955,273.606,69.9414,-1.178
236130,273.955,273.606,69.9414,-1.178
236140,273.955,273.606,6.16179,-1.178
236150,273.955,273.461,67.9653,-3.36303
236160,274.273,273.994,67.9653,-1.178
236170,274.273,273.994,44.9595,-1.178
236180,274.254,273.994,44.9595,-1.178
236190,274.254,273.994,44.9595,-1.178
236200,274.254,273.994,44.9595,-1.178
236210,274.254,273.994,76.8259,-1.178
236220,274.254,273.994,45.4195,-1.178
236230,274.254,273.967,45.4195,-1.178
236240,274.254,273.967,45.4195,-1.178
236250,274.254,273.967,55.2767,-1.178
236260,274.752,273.967,67.3553,-3.36303
236270,274.752,273.967,67.3553,-3.36303
236280,274.752,274.419,10.2532,-1.178
236290,274.426,274.419,10.2532,-1.178
236300,274.426,274.419,112.917,-1.178
236310,274.426,274.419,112.917,-1.178
236320,274.426,274.419,39.177,-1.178
236330,274.426,274.419,39.177,-1.178
236340,274.426,274.419,39.177,-1.178
236350,274.426,274.419,39.177,-1.178
236360,274.426,274.419,39.177,-1.178
236370,274.426,274.419,39.177,-1.178
236380,274.426,274.419,39.177,-1.178
236390,274.426,274.419,39.177,-1.178
236400,275.522,272.739,39.177,-7.49676
236410,275.333,274.839,19.1236,-1.178
236420,275.333,274.839,19.1236,-1.178
236430,275.149,274.839,19.1236,-1.178
236440,275.149,274.839,47.699,-1.178
236450,275.149,274.839,47.699,-1.178
236460,275.149,274.839,47.699,-1.178
236470,275.149,274.839,47.699,-1.178
236480,275.149,274.839,63.1997,-1.178
236490,275.3,274.839,28.284,-1.178
236500,275.3,275.011,28.284,-1.178
236510,275.296,275.011,28.284,-1.178
236520,275.056,275.011,28.284,-1.178
236530,275.056,275.011,104.572,-1.178
236540,275.026,275.011,71.8922,-1.178
236550,275.026,275.011,71.8922,-1.178
236560,275.026,275.011,71.8922,-1.178
236570,275.082,274.697,32.7317,-1.178
236580,275.082,274.697,4.03417,-1.178
236590,275.082,274.705,4.03417,-1.178
236600,273.417,273.404,4.03417,-1.178
236610,273.417,273.404,38.5158,-1.178
236620,273.417,272.969,48.7083,-1.178
236630,273.417,272.969,48.7083,-1.178
236640,273.417,272.969,11.1944,-1.178
236650,273.417,272.969,11.1944,-1.178
236660,273.869,273.524,11.1944,-1.178
236670,273.869,273.524,11.1944,-1.178
236680,273.869,273.524,11.1944,-1.178
236690,273.894,273.524,67.6923,-3.36303
236700,273.894,273.524,67.6923,-3.36303
236710,275.082,272.208,67.6923,-7.49676
236720,273.14,272.208,83.8075,-5.42989
236730,273.049,272.252,83.8075,-5.42989
236740,272.443,272.389,83.8075,-1.178
236750,272.495,272.389,61.7443,-1.178
236760,272.495,272.389,61.7443,-1.178
236770,272.495,272.389,75.3503,-1.178
236780,272.495,272.389,75.3503,-1.178
236790,272.916,272.389,75.3503,-3.36303
236800,272.916,272.853,46.4697,-1.178
236810,273.139,272.853,73.9663,-1.178
236820,273.094,272.853,73.9663,-1.178
236830,273.094,272.853,19.188,-1.178
236840,273.094,272.853,19.188,-1.178
236850,273.094,272.853,15.4213,-1.178
236860,272.51,272.23,15.4213,-1.178
236870,272.51,272.23,14.7464,-1.178
236880,272.51,271.969,14.7464,-1.178
236890,272.303,272.133,14.7464,-1.178
236900,272.289,272.26,14.7464,-1.178
236910,272.477,272.26,14.7464,-1.178
236920,272.477,271.189,14.7464,-3.36303
236930,272.945,272.113,14.7464,-3.36303
236940,272.945,272.113,14.7464,-3.36303
236950,272.305,272.113,14.7464,-1.178
236960,272.305,272.113,14.7464,-1.178
236970,272.305,272.113,14.7464,-1.178
236980,272.305,272.113,75.3621,-1.178
236990,272.2,272.113,75.3621,-1.178
237000,272.2,272.152,75.3621,-1.178
237010,272.2,272.152,75.3621,-1.178
237020,272.2,272.152,75.3621,-1.178
237030,272.2,271.779,7.07543,-1.178
237040,271.844,271.779,7.07543,-1.178
237050,271.844,271.278,7.07543,-1.178
237060,271.844,271.251,7.07543,-1.178
237070,271.844,271.251,7.07543,-1.178
237080,271.966,271.816,7.07543,-1.178
237090,272.173,271.816,7.07543,-1.178
237100,272.219,271.816,7.07543,-1.178
237110,272.219,271.55,7.07543,-1.178
237120,272.219,271.55,0.315398,-1.178
237130,272.219,271.55,0.315398,-1.178
237140,272.219,271.933,0.315398,-1.178
237150,272.219,271.523,30.4417,-3.36303
237160,272.219,271.523,30.4417,-3.36303
237170,272.219,271.523,9.00684,-3.36303
237180,272.219,271.523,9.00684,-3.36303
237190,272.308,271.89,9.00684,-1.178
237200,272.308,271.89,9.00684,-1.178
237210,271.965,271.89,9.00684,-1.178
237220,271.965,271.89,105.59,-1.178
237230,271.965,271.89,23.4953,-1.178
237240,271.965,271.89,57.1907,-1.178
237250,271.965,271.89,21.0275,-1.178
237260,271.965,271.723,84.4583,-1.178
237270,271.965,271.723,84.4583,-1.178
237280,271.965,271.781,84.4583,-1.178
237290,271.937,271.781,84.4583,-1.178
237300,271.937,271.781,84.4583,-1.178
237310,271.937,271.781,13.5603,-1.178
237320,272.205,271.798,13.5603,-1.178
237330,272.205,271.52,13.5603,-3.36303
237340,271.997,271.635,13.5603,-1.178
237350,271.997,271.635,13.5603,-1.178
237360,272.765,271.635,13.3877,-3.36303
237370,272.834,271.635,32.8286,-3.36303
237380,272.66,271.635,32.8286,-3.36303
237390,271.673,271.635,1.95779,-1.178
237400,271.673,271.644,1.95779,-1.178
237410,271.673,271.644,17.249,-1.178
237420,271.673,271.496,17.249,-1.178
237430,271.549,271.496,17.249,-1.178
237440,271.549,271.496,17.249,-1.178
237450,271.853,271.496,17.249,-1.178
237460,271.853,271.496,34.6123,-1.178
237470,271.853,271.496,34.6123,-1.178
237480,271.853,271.496,34.6123,-1.178
237490,271.853,271.052,50.8587,-3.36303
237500,271.853,271.31,50.8587,-3.36303
237510,271.853,271.31,24.5469,-1.178
237520,271.853,271.31,19.714,-1.178
237530,271.853,271.784,19.714,-1.178
237540,271.853,271.725,108.79,-1.178
237550,271.853,271.725,108.79,-1.178
237560,271.853,271.725,108.906,-1.178
237570,271.853,271.725,95.658,-1.178
237580,271.853,271.725,51.8989,-1.178
237590,271.853,271.725,77.776,-1.178
237600,271.853,271.725,30.3372,-1.178
237610,271.853,271.725,30.3372,-1.178
237620,272.033,271.725,62.4974,-1.178
237630,272.033,271.802,62.4974,-1.178
237640,272.033,271.802,62.4974,-1.178
237650,272.035,271.955,62.4974,-1.178
237660,272.035,271.991,8.66507,-1.178
237670,272.035,271.598,50.2618,-1.178
237680,272.035,271.598,50.2618,-1.178
237690,271.727,271.598,50.2618,-1.178
237700,271.727,271.598,50.2618,-1.178
237710,271.698,271.598,50.2618,-1.178
237720,271.698,271.598,57.8132,-1.178
237730,271.698,271.598,2.58935,-1.178
237740,271.698,271.598,53.1417,-1.178
237750,271.698,271.598,53.1417,-1.178
237760,271.683,271.413,53.1417,-1.178
237770,271.475,271.413,53.1417,-1.178
237780,271.692,271.413,53.1417,-1.178
237790,271.692,270.331,53.1417,-5.42989
237800,270.383,270.331,53.1417,-1.178
237810,270.383,270.331,53.1417,-1.178
237820,270.383,270.331,53.1417,-1.178
237830,270.603,270.331,54.9343,-1.178
237840,270.603,270.456,83.5321,-1.178
237850,270.603,270.456,83.5321,-1.178
237860,270.52,270.456,83.5321,-1.178
237870,270.52,270.456,43.4741,-1.178
237880,270.52,270.456,5.81231,-1.178
237890,270.52,270.456,58.1881,-1.178
237900,270.52,270.456,45.4936,-1.178
237910,270.771,270.456,60.9844,-1.178
237920,270.771,270.456,60.9844,-1.178
237930,270.771,270.456,91.3223,-3.36303
237940,270.771,270.462,91.3223,-3.36303
237950,270.771,270.43,91.3223,-3.36303
237960,270.771,270.43,74.8369,-3.36303
237970,270.771,270.43,74.8369,-3.36303
237980,270.57,270.43,85.0071,-1.178
237990,270.695,270.43,85.0071,-1.178
238000,270.695,270.43,85.0071,-1.178
238010,270.695,270.43,57.312,-1.178
238020,270.695,270.43,8.359,-1.178
238030,270.695,270.439,66.4729,-1.178
238040,270.695,270.439,44.2694,-1.178
238050,270.539,270.439,44.2694,-1.178
238060,270.539,270.439,31.9639,-1.178
238070,270.539,270.439,31.9639,-1.178
238080,270.539,270.461,31.9639,-1.178
238090,270.539,270.461,31.9639,-1.178
238100,271.34,270.461,43.8597,-3.36303
238110,271.34,270.461,43.8597,-3.36303
238120,272.875,270.461,23.8789,-7.49676
238130,272.875,271.856,23.8789,-3.36303
238140,272.382,271.856,23.8789,-1.178
238150,272.382,271.856,23.8789,-1.178
238160,272.382,271.856,23.8789,-1.178
238170,271.926,271.856,79.1155,-1.178
238180,271.926,271.856,110.342,-1.178
238190,271.926,271.856,108.405,-1.178
238200,273.315,272.829,108.405,-5.42989
238210,273.315,272.748,35.8525,-3.36303
238220,273.254,272.748,35.8525,-1.178
238230,273.254,272.747,35.8525,-1.178
238240,273.254,272.747,40.4131,-3.36303
238250,272.832,272.761,40.4131,-1.178
238260,272.832,272.761,40.4131,-1.178
238270,273.147,272.761,16.8305,-1.178
238280,273.147,272.761,16.8305,-1.178
238290,273.147,272.761,11.6922,-1.178
238300,272.57,272.273,11.6922,-1.178
238310,272.328,272.273,11.6922,-1.178
238320,272.328,271.86,11.6922,-1.178
238330,272.328,271.86,11.6922,-1.178
238340,272.328,271.86,11.6922,-1.178
238350,272.328,271.86,11.6922,-1.178
238360,272.328,271.86,11.6922,-1.178
238370,272.328,271.86,38.1923,-1.178
238380,272.328,271.86,38.1923,-1.178
238390,272.328,271.829,38.1923,-1.178
238400,272.328,271.829,38.1923,-1.178
238410,272.328,271.829,36.6939,-1.178
238420,272.328,271.829,12.0053,-1.178
238430,272.328,272.171,25.3937,-1.178
238440,272.328,272.073,63.224,-1.178
238450,272.328,272.292,63.224,-1.178
238460,272.328,272.292,63.224,-1.178
238470,272.328,272.292,76.3628,-1.178
238480,272.328,272.292,76.6161,-1.178
238490,272.328,272.292,76.6161,-1.178
238500,272.328,272.292,104.262,-1.178
238510,272.328,272.292,114.148,-1.178
238520,272.328,272.292,40.7747,-1.178
238530,272.328,272.245,43.2992,-1.178
238540,272.328,272.245,97.1461,-1.178
238550,272.328,272.245,85.4565,-1.178
238560,272.328,272.245,31.4982,-1.178
238570,272.328,271.821,31.4982,-1.178
238580,272.328,271.846,4.39158,-1.178
238590,272.328,271.846,4.39158,-1.178
238600,272.328,272.319,55.7689,-1.178
238610,272.328,272.319,55.7689,-1.178
238620,272.328,271.955,55.7689,-1.178
238630,272.336,271.955,55.7689,-1.178
238640,272.627,272.017,55.7689,-3.36303
238650,272.627,272.526,55.7689,-1.178
238660,272.627,272.526,12.8032,-1.178
238670,272.627,272.538,105.558,-1.178
238680,272.627,272.538,2.17849,-1.178
238690,272.721,272.494,2.17849,-1.178
238700,272.721,272.598,76.8625,-1.178
238710,272.721,272.598,76.8625,-1.178
238720,272.721,272.598,76.8625,-1.178
238730,272.721,272.598,76.8625,-1.178
238740,272.721,272.51,76.8625,-1.178
238750,272.721,272.51,76.8625,-1.178
238760,272.721,272.616,50.0886,-1.178
238770,272.84,272.616,50.0886,-1.178
238780,272.84,272.616,50.0886,-1.178
238790,272.84,272.48,50.0886,-1.178
238800,272.84,272.661,101.518,-1.178
238810,272.84,272.661,101.518,-1.178
238820,272.833,272.661,97.768,-1.178
238830,272.833,272.661,97.768,-1.178
238840,272.833,272.661,97.768,-1.178
238850,272.833,272.661,57.5024,-1.178
238860,272.957,272.661,57.5024,-1.178
238870,272.957,272.661,23.7382,-1.178
238880,272.973,272.661,23.7382,-1.178
238890,272.973,272.661,31.3514,-1.178
238900,272.85,272.661,31.3514,-1.178
238910,272.85,272.661,31.3514,-1.178
238920,272.85,272.661,31.3514,-1.178
238930,273.2,272.673,31.3514,-1.178
238940,272.535,272.402,40.2439,-1.178
238950,272.535,272.402,84.0794,-1.178
238960,272.535,272.402,103.775,-1.178
238970,272.535,272.402,103.775,-1.178
238980,272.535,272.449,92.5236,-1.178
238990,272.535,272.449,88.22,-1.178
239000,272.535,272.449,88.22,-1.178
239010,272.535,272.449,88.22,-1.178
239020,272.535,272.529,67.2977,-1.178
239030,272.535,272.529,86.4884,-1.178
239040,272.535,272.529,86.4884,-1.178
239050,272.535,272.484,58.2658,-1.178
239060,272.535,272.252,58.2658,-1.178
239070,272.535,272.252,58.2658,-1.178
239080,272.535,272.252,79.8051,-1.178
239090,272.262,272.252,113.742,-1.178
239100,272.262,272.252,32.4375,-1.178
239110,271.814,271.799,32.4375,-1.178
239120,271.814,271.799,43.551,-1.178
239130,271.814,271.799,43.551,-1.178
239140,271.637,271.506,43.551,-1.178
239150,272.091,271.506,17.89,-1.178
239160,272.091,271.624,12.2239,-1.178
239170,272.125,271.624,12.2239,-1.178
239180,272.246,271.624,12.2239,-1.178
239190,272.811,271.624,12.2239,-3.36303
239200,273.064,272.452,12.2239,-1.178
239210,272.916,272.611,12.2239,-1.178
239220,272.902,272.669,12.2239,-1.178
239230,272.902,272.827,85.1651,-1.178
239240,272.902,272.827,85.1651,-1.178
239250,272.902,272.763,99.0131,-1.178
239260,272.893,272.763,99.0131,-1.178
239270,273.094,272.763,42.2761,-1.178
239280,273.094,272.763,42.2761,-1.178
239290,273.094,272.993,42.2761,-1.178
239300,273.094,272.993,66.5108,-1.178
239310,273.094,272.993,10.2528,-1.178
239320,273.094,272.874,40.3696,-1.178
239330,272.895,272.874,40.3696,-1.178
239340,272.895,272.55,40.3696,-1.178
239350,272.895,272.55,40.3696,-1.178
239360,272.895,272.55,0.716452,-1.178
239370,272.895,272.55,56.1563,-1.178
239380,272.895,272.55,56.1563,-1.178
239390,272.745,272.55,56.1563,-1.178
239400,272.745,272.55,56.1563,-1.178
239410,272.902,272.685,56.1563,-1.178
239420,272.693,272.685,49.3302,-1.178
239430,272.693,272.685,49.3302,-1.178
239440,272.693,272.685,68.4033,-1.178
239450,272.693,272.685,68.4033,-1.178
239460,272.693,272.587,39.6258,-1.178
239470,273.051,272.587,39.6258,-1.178
239480,272.751,272.587,39.6258,-1.178
239490,273.472,272.324,39.6258,-3.36303
239500,272.828,272.42,39.6258,-1.178
239510,272.897,272.42,39.6258,-1.178
239520,272.897,272.42,39.6258,-1.178
239530,272.589,272.42,14.7212,-1.178
239540,273.168,272.554,14.7212,-1.178
239550,273.168,272.554,14.7212,-1.178
239560,272.664,272.554,14.7212,-1.178
239570,272.333,272.067,12.0747,-1.178
239580,272.333,272.232,12.0747,-1.178
239590,272.721,272.232,12.0747,-1.178
239600,272.721,272.232,12.0747,-1.178
239610,272.721,272.615,12.0747,-1.178
239620,272.721,271.359,12.0747,-3.36303
239630,272.721,271.359,12.0747,-3.36303
239640,272.608,272.436,12.0747,-1.178
239650,272.608,271.976,12.0747,-1.178
239660,272.608,271.976,4.47642,-1.178
239670,272.608,272.101,13.6842,-1.178
239680,272.608,272.122,13.6842,-1.178
239690,272.608,272.122,13.6842,-1.178
239700,272.357,272.122,13.6842,-1.178
239710,272.357,272.122,13.6842,-1.178
239720,272.162,272.122,13.6842,-1.178
239730,272.528,272.122,13.6842,-1.178
239740,272.641,272.405,13.6842,-1.178
239750,272.636,272.258,13.6842,-1.178
239760,273.716,272.258,13.6842,-3.36303
239770,273.716,272.258,13.6842,-3.36303
239780,273.716,273.457,13.6842,-1.178
239790,273.716,273.441,77.7922,-1.178
239800,273.716,273.327,83,-3.36303
239810,273.716,273.327,83,-3.36303
239820,273.716,273.327,83,-3.36303
239830,273.637,273.327,83,-3.36303
239840,273.845,273.327,83,-3.36303
239850,274.121,273.327,83,-5.42989
239860,274.121,273.149,19.5332,-3.36303
239870,274.828,273.027,19.5332,-5.42989
239880,273.98,273.461,19.5332,-1.178
239890,273.98,273.589,19.5332,-1.178
239900,274.145,273.589,20.7431,-1.178
239910,274.145,273.589,20.7431,-1.178
239920,274.145,273.589,20.7431,-1.178
239930,273.806,273.589,20.7431,-1.178
239940,273.806,273.161,20.7431,-3.36303
239950,274.107,273.161,20.7431,-3.36303
239960,273.486,273.161,20.7431,-1.178
239970,273.486,273.161,20.7431,-1.178
239980,273.527,273.161,20.7431,-1.178
239990,273.527,273.161,20.7431,-1.178
240000,273.527,273.161,20.7431,-1.178
240010,273.527,273.161,20.7431,-1.178
240020,273.527,273.161,20.7431,-1.178
240030,273.527,273.161,20.7431,-1.178
240040,273.527,273.161,20.7431,-1.178
240050,273.527,273.161,64.8906,-1.178
240060,273.527,273.161,40.3476,-1.178
240070,273.527,273.331,40.3476,-1.178
240080,273.527,273.331,40.3476,-1.178
240090,273.37,273.331,62.9942,-1.178
240100,273.37,273.331,39.7618,-1.178
240110,273.37,273.331,39.7618,-1.178
240120,273.37,272.977,39.7618,-1.178
240130,273.37,272.977,52.7324,-1.178
240140,273.429,272.977,17.6533,-1.178
240150,272.992,272.977,9.95657,-1.178
240160,272.992,272.977,133.249,-1.178
240170,272.992,272.977,133.249,-1.178
240180,272.992,272.977,133.249,-1.178
240190,272.992,272.977,133.249,-1.178
240200,272.992,272.977,105.009,-1.178
240210,272.992,272.977,46.9195,-1.178
240220,272.992,272.88,38.2137,-1.178
240230,272.892,272.88,103.158,-1.178
240240,272.892,272.707,3.11086,-1.178
240250,272.892,272.707,3.11086,-1.178
240260,272.892,272.802,3.11086,-1.178
240270,272.892,272.51,55.8937,-1.178
240280,272.892,272.51,39.46,-1.178
240290,272.892,272.653,80.435,-1.178
240300,272.779,272.653,80.435,-1.178
240310,272.779,272.653,80.435,-1.178
240320,272.773,272.653,80.435,-1.178
240330,272.773,272.653,54.9502,-1.178
240340,272.773,272.653,54.9502,-1.178
240350,273.055,272.653,21.9271,-1.178
240360,273.055,272.653,12.2052,-1.178
240370,273.596,272.653,48.5294,-3.36303
240380,273.596,272.842,48.5294,-3.36303
240390,273.596,272.842,33.8459,-3.36303
240400,273.596,273.304,33.8459,-1.178
240410,273.723,273.304,33.8459,-1.178
240420,273.968,273.466,33.8459,-1.178
240430,273.661,273.466,33.8459,-1.178
240440,273.721,273.466,13.6599,-1.178
240450,273.721,273.144,13.6599,-1.178
240460,273.577,273.144,13.6599,-1.178
240470,273.577,273.144,50.3131,-1.178
240480,273.577,273.144,50.3131,-1.178
240490,273.577,273.144,50.3131,-1.178
240500,273.817,273.144,21.8968,-3.36303
240510,273.551,273.144,21.8968,-1.178
240520,273.551,273.144,21.8968,-1.178
240530,273.7,273.144,30.1588,-1.178
240540,273.7,273.144,30.1588,-1.178
240550,273.7,273.144,9.40754,-1.178
240560,273.7,273.144,9.40754,-1.178
240570,273.7,273.144,9.40754,-1.178
240580,273.7,273.144,9.40754,-1.178
240590,273.7,273.144,9.40754,-1.178
240600,273.7,273.4,9.40754,-1.178
240610,273.872,273.4,9.40754,-1.178
240620,273.673,273.4,9.40754,-1.178
240630,273.565,273.4,9.40754,-1.178
240640,273.565,273.047,9.40754,-1.178
240650,273.565,272.923,9.40754,-1.178
240660,273.565,272.923,9.40754,-1.178
240670,273.058,272.923,9.40754,-1.178
240680,273.519,272.923,20.5697,-1.178
240690,273.519,273.052,36.6912,-1.178
240700,273.427,273.052,33.4205,-1.178
240710,273.423,273.052,33.4205,-1.178
240720,273.319,273.052,33.4205,-1.178
240730,273.319,273.052,33.4205,-1.178
240740,273.319,273.052,33.4205,-1.178
240750,273.319,273.052,6.55949,-1.178
240760,273.319,272.789,6.55949,-1.178
240770,274.221,273.072,6.55949,-3.36303
240780,274.18,273.072,6.55949,-3.36303
240790,273.698,273.072,6.55949,-1.178
240800,272.588,272.248,6.55949,-1.178
240810,272.814,272.546,6.55949,-1.178
240820,272.787,272.546,53.2252,-1.178
240830,272.787,272.63,53.2252,-1.178
240840,272.787,272.55,53.2252,-1.178
240850,272.787,272.55,53.2252,-1.178
240860,272.787,272.55,53.2252,-1.178
240870,272.878,272.55,53.2252,-1.178
240880,272.878,272.55,53.2252,-1.178
240890,272.757,272.55,53.2252,-1.178
240900,272.757,272.55,53.2252,-1.178
240910,272.757,272.55,53.2252,-1.178
240920,272.757,272.55,15.9681,-1.178
240930,272.978,272.55,15.9681,-1.178
240940,272.978,272.13,15.9681,-3.36303
240950,272.978,271.61,15.9681,-3.36303
240960,273.198,272.735,15.9681,-1.178
240970,273.198,272.735,23.2601,-1.178
240980,273.198,273.181,16.0532,-1.178
240990,273.627,273.08,16.0532,-1.178
241000,273.627,273.08,16.0532,-1.178
241010,273.627,273.08,16.0532,-1.178
241020,273.627,273.08,18.4679,-1.178
241030,273.627,273.184,18.4679,-1.178
241040,273.627,273.184,18.4679,-1.178
241050,273.585,273.184,18.4679,-1.178
241060,273.585,273.079,5.0077,-1.178
241070,273.585,272.807,5.0077,-3.36303
241080,273.585,273.518,86.6159,-1.178
241090,273.585,273.518,107.826,-1.178
241100,273.585,273.518,107.826,-1.178
241110,273.585,273.518,107.826,-1.178
241120,273.585,273.518,53.9774,-1.178
241130,273.585,273.518,39.0911,-1.178
241140,273.585,273.518,56.2068,-1.178
241150,273.585,273.518,99.1738,-1.178
241160,273.585,273.518,99.1738,-1.178
241170,273.585,273.518,79.2443,-1.178
241180,273.585,273.518,110.445,-1.178
241190,273.585,273.518,29.3227,-1.178
241200,273.585,273.518,29.3227,-1.178
241210,273.585,273.518,34.8027,-1.178
241220,273.585,273.176,34.8027,-1.178
241230,274.229,272.571,34.8027,-5.42989
241240,274.52,272.571,34.8027,-5.42989
241250,274.52,272.571,158.913,-7.49676
241260,274.64,272.571,167.962,-7.49676
241270,273.461,271.339,189.024,-7.49676
241280,273.098,272.747,138.445,-7.49676
241290,274.32,272.747,138.445,-7.49676
241300,274.32,272.428,138.445,-7.49676
241310,274.104,273.419,49.6969,-3.36303
241320,274.104,273.074,49.6969,-3.36303
241330,274.104,273.086,49.6969,-3.36303
241340,274.104,273.458,49.6969,-3.36303
241350,274.104,273.458,49.6969,-3.36303
241360,273.878,273.635,49.6969,-1.178
241370,273.878,273.635,55.4811,-1.178
241380,273.977,273.877,55.4811,-1.178
241390,273.977,273.877,87.8816,-1.178
241400,273.977,273.877,87.8816,-1.178
241410,273.977,273.877,42.2009,-1.178
241420,274.344,274.049,42.2009,-1.178
241430,274.344,274.049,76.2102,-1.178
241440,274.344,274.049,60.9487,-1.178
241450,274.344,274.049,60.9487,-1.178
241460,274.344,274.049,60.9487,-1.178
241470,274.344,274.049,60.9487,-1.178
241480,274.344,274.049,60.9487,-1.178
241490,274.344,274.049,60.9487,-1.178
241500,274.344,274.337,69.0275,-1.178
241510,274.344,274.337,69.0275,-1.178
241520,274.344,274.337,69.0275,-1.178
241530,274.344,274.337,105.776,-1.178
241540,274.374,274.337,28.1565,-1.178
241550,274.534,274.337,99.1538,-1.178
241560,274.534,274.337,99.1538,-1.178
241570,274.534,274.337,99.1538,-1.178
241580,274.534,274.397,99.1538,-1.178
241590,274.534,274.397,99.1538,-1.178
241600,274.534,274.397,99.1538,-1.178
241610,274.534,274.397,99.1538,-1.178
241620,274.534,274.397,55.1524,-1.178
241630,274.542,274.397,55.1524,-1.178
241640,274.446,274.397,0.0509869,-1.178
241650,274.446,274.397,33.0053,-1.178
241660,275.538,274.397,36.0853,-3.36303
241670,274.485,274.397,36.0853,-1.178
241680,274.485,274.397,36.0853,-1.178
241690,274.485,274.397,117.523,-1.178
241700,274.485,274.397,117.523,-1.178
241710,274.485,274.397,117.523,-1.178
241720,274.485,274.387,117.523,-1.178
241730,274.485,274.387,117.523,-1.178
241740,274.485,274.317,117.523,-3.36303
241750,274.485,274.309,94.6763,-1.178
241760,274.485,274.309,94.6763,-1.178
241770,274.63,272.728,34.459,-5.42989
241780,275.812,273.863,43.9944,-7.49676
241790,275.666,272.896,43.9944,-7.49676
241800,273.181,272.896,43.9944,-1.178
241810,274.855,273.171,43.9944,-5.42989
241820,274.855,273.71,43.9944,-5.42989
241830,274.855,273.761,43.9944,-3.36303
241840,274.477,273.761,49.0076,-3.36303
241850,274.477,273.761,49.0076,-3.36303
241860,274.091,273.761,49.0076,-1.178
241870,273.996,273.761,49.0076,-1.178
241880,273.996,273.761,49.0076,-1.178
241890,273.996,273.761,49.0076,-1.178
241900,273.996,273.761,49.0076,-1.178
241910,273.996,273.761,53.4179,-1.178
241920,273.996,273.761,104.717,-3.36303
241930,273.996,273.854,5.16746,-1.178
241940,273.996,273.854,48.7255,-1.178
241950,274.245,273.854,48.7255,-1.178
241960,274.245,273.854,48.7255,-1.178
241970,274.245,273.896,48.7255,-1.178
241980,274.245,273.896,48.7255,-1.178
241990,274.245,273.896,48.7255,-1.178
242000,274.245,273.896,22.0168,-1.178
242010,274.444,273.896,22.0168,-1.178
242020,274.444,273.896,22.0168,-1.178
242030,274.403,273.896,22.0168,-1.178
242040,274.403,273.896,22.0168,-1.178
242050,274.311,273.896,0.616702,-1.178
242060,274.311,273.896,0.616702,-1.178
242070,274.311,274.153,76.9572,-1.178
242080,274.311,274.153,76.9572,-1.178
242090,274.311,274.153,54.4578,-1.178
242100,274.311,273.944,54.4578,-1.178
242110,274.311,273.944,54.4578,-1.178
242120,273.984,273.944,54.4578,-1.178
242130,273.984,273.944,1.5256,-1.178
242140,273.984,273.944,100.332,-1.178
242150,273.984,273.968,21.6325,-1.178
242160,273.984,273.829,21.6325,-1.178
242170,273.874,273.829,61.1747,-1.178
242180,273.874,273.49,8.64302,-1.178
242190,273.874,273.49,8.64302,-1.178
242200,273.874,273.49,1.15728,-1.178
242210,273.874,273.805,29.7156,-1.178
242220,274.266,273.805,29.7156,-1.178
242230,274.266,273.805,29.7156,-1.178
242240,274.266,273.805,29.7156,-1.178
242250,274.266,274.056,29.7156,-1.178
242260,274.266,274.056,29.7156,-1.178
242270,274.17,274.056,29.7156,-1.178
242280,274.17,274.056,29.7156,-1.178
242290,274.172,274.056,24.0565,-1.178
242300,274.45,274.056,24.0565,-1.178
242310,274.45,274.056,37.5585,-1.178
242320,274.45,274.056,11.2778,-1.178
242330,274.45,274.056,57.7284,-1.178
242340,274.45,274.056,2.6688,-1.178
242350,274.45,274.056,2.6688,-1.178
242360,274.45,274.056,2.6688,-1.178
242370,274.45,274.056,44.158,-1.178
242380,274.45,274.08,25.7565,-1.178
242390,274.155,274.08,78.063,-1.178
242400,274.155,274.08,94.6688,-1.178
242410,274.155,274.08,94.6688,-1.178
242420,274.155,274.08,94.6688,-1.178
242430,274.155,274.122,99.9626,-1.178
242440,274.155,274.122,51.293,-1.178
242450,274.155,274.122,100.281,-1.178
242460,274.155,274.122,40.4576,-1.178
242470,274.416,274.122,40.4576,-1.178
242480,274.194,274.122,48.8162,-1.178
242490,274.194,274.122,48.8162,-1.178
242500,274.483,274.122,48.8162,-1.178
242510,274.327,274.122,48.8162,-1.178
242520,274.327,274.122,48.8162,-1.178
242530,274.338,274.224,69.2454,-1.178
242540,274.338,274.224,69.2454,-1.178
242550,274.338,274.224,69.2454,-1.178
242560,274.267,274.224,69.2454,-1.178
242570,274.267,274.224,69.2454,-1.178
242580,274.267,272.389,53.8817,-7.49676
242590,273.264,272.335,53.8817,-3.36303
242600,273.264,272.335,53.8817,-3.36303
242610,273.264,272.335,53.8817,-3.36303
242620,273.264,272.335,53.8817,-3.36303
242630,272.828,272.46,34.52,-1.178
242640,272.828,272.46,30.6892,-1.178
242650,272.828,272.46,17.7577,-1.178
242660,272.761,272.46,36.0018,-1.178
242670,272.965,272.46,36.0018,-1.178
242680,272.462,272.46,54.1818,-1.178
242690,272.462,272.46,54.1818,-1.178
242700,272.462,272.46,38.7172,-1.178
242710,272.462,272.46,73.213,-1.178
242720,272.462,272.46,66.7554,-1.178
242730,272.462,272.46,66.7554,-1.178
242740,272.462,272.46,102.874,-1.178
242750,272.462,272.46,102.874,-1.178
242760,272.462,272.46,102.874,-1.178
242770,272.462,272.46,39.5512,-1.178
242780,272.462,272.46,39.5512,-1.178
242790,272.462,272.46,39.5512,-1.178
242800,272.462,272.46,120.625,-1.178
242810,272.462,272.46,120.625,-1.178
242820,272.462,272.46,45.0315,-1.178
242830,272.462,272.46,81.5144,-1.178
242840,272.462,272.014,26.1073,-1.178
242850,272.462,272.086,26.1073,-1.178
242860,272.462,272.166,61.058,-1.178
242870,272.204,272.166,1.54404,-1.178
242880,272.013,271.611,1.54404,-1.178
242890,272.122,271.611,1.54404,-1.178
242900,272.122,271.985,66.9588,-1.178
242910,272.122,271.985,30.3146,-1.178
242920,272.122,271.985,30.3146,-1.178
242930,272.122,271.985,30.3146,-1.178
242940,272.944,271.985,30.3146,-3.36303
242950,273.36,272.849,30.3146,-1.178
242960,273.36,272.849,30.3146,-1.178
242970,273.36,272.849,30.3146,-1.178
242980,273.36,272.849,30.3146,-1.178
242990,273.36,272.849,30.3146,-1.178
243000,273.275,272.849,30.3146,-1.178
243010,273.275,273.082,47.2243,-1.178
243020,273.275,273.082,47.2243,-1.178
243030,273.275,273.082,47.2243,-1.178
243040,273.275,273.082,47.2243,-1.178
243050,273.275,273.082,47.2243,-1.178
243060,273.215,273.082,47.2243,-1.178
243070,273.43,273.082,47.2243,-1.178
243080,273.759,273.082,47.2243,-3.36303
243090,273.611,273.082,47.2243,-3.36303
243100,274.081,273.082,47.2243,-3.36303
243110,274.027,273.082,47.2243,-3.36303
243120,274.027,273.553,40.6245,-1.178
243130,274.027,273.553,40.6245,-1.178
243140,273.729,273.553,40.6245,-1.178
243150,273.748,273.553,46.941,-1.178
243160,273.748,273.553,46.941,-1.178
243170,273.748,273.553,46.941,-1.178
243180,273.748,273.553,60.8308,-1.178
243190,273.866,273.553,60.8308,-1.178
243200,273.866,273.553,60.8308,-1.178
243210,273.866,273.553,60.8308,-1.178
243220,273.866,273.553,27.0935,-1.178
243230,273.866,273.553,65.7389,-1.178
243240,273.653,273.553,65.7389,-1.178
243250,273.653,273.553,65.7389,-1.178
243260,273.653,273.553,65.7389,-1.178
243270,273.508,273.361,65.7389,-1.178
243280,273.508,273.361,50.0461,-1.178
243290,273.508,273.361,50.0461,-1.178
243300,273.573,273.361,50.0461,-1.178
243310,273.573,273.361,93.6938,-1.178
243320,273.407,273.361,30.5125,-1.178
243330,273.567,273.361,77.9266,-1.178
243340,273.567,273.361,40.2498,-1.178
243350,273.567,273.361,40.2498,-1.178
243360,273.847,273.361,40.2498,-1.178
243370,273.847,273.361,40.2498,-1.178
243380,273.847,273.361,40.2498,-1.178
243390,273.847,273.361,4.12247,-1.178
243400,273.847,273.374,4.12247,-1.178
243410,273.847,273.179,4.12247,-1.178
243420,274.035,273.728,4.12247,-1.178
243430,274.035,273.698,4.12247,-1.178
243440,274.035,273.378,4.12247,-1.178
243450,274.035,273.378,4.12247,-1.178
243460,273.456,273.378,4.12247,-1.178
243470,273.456,273.378,45.5125,-1.178
243480,273.456,273.238,45.5125,-1.178
243490,273.409,273.238,103.853,-1.178
243500,273.409,273.238,47.2549,-1.178
243510,273.409,273.238,47.2549,-1.178
243520,273.409,273.238,47.2549,-1.178
243530,273.409,273.238,47.2549,-1.178
243540,273.409,273.238,47.2549,-1.178
243550,274.062,273.238,47.2549,-3.36303
243560,273.333,273.289,47.2549,-1.178
243570,273.333,273.289,85.8222,-1.178
243580,273.379,273.289,36.2984,-1.178
243590,273.637,273.236,36.2984,-1.178
243600,273.637,273.236,27.8604,-1.178
243610,273.637,273.252,27.8604,-1.178
243620,273.637,273.537,8.40283,-1.178
243630,273.637,273.537,8.40283,-1.178
243640,273.637,273.512,21.5512,-1.178
243650,273.637,273.38,21.5512,-1.178
243660,273.637,273.352,58.7829,-1.178
243670,273.637,273.352,40.5511,-1.178
243680,273.637,273.352,40.5511,-1.178
243690,273.576,273.352,81.1209,-1.178
243700,273.366,273.352,81.1209,-1.178
243710,273.366,273.352,81.1209,-1.178
243720,273.366,273.352,108.006,-1.178
243730,273.366,273.352,108.006,-1.178
243740,273.366,273.352,78.9337,-1.178
243750,273.366,273.352,9.58867,-1.178
243760,273.366,272.216,9.58867,-3.36303
243770,273.366,271.206,9.58867,-5.42989
243780,271.773,271.206,9.58867,-1.178
243790,271.773,271.64,9.58867,-1.178
243800,271.747,271.64,9.58867,-1.178
243810,271.747,271.64,89.5548,-1.178
243820,271.849,271.64,89.5548,-1.178
243830,271.849,271.64,89.5548,-1.178
243840,271.849,271.64,89.9228,-1.178
243850,271.814,271.64,89.9228,-1.178
243860,271.814,271.64,20.4817,-1.178
243870,271.814,271.64,20.4817,-1.178
243880,272.863,271.143,20.4817,-5.42989
243890,272.863,272.173,20.4817,-3.36303
243900,273.121,272.173,20.4817,-3.36303
243910,274.094,272.173,20.4817,-5.42989
243920,273.504,272.744,41.8757,-3.36303
243930,273.504,273.26,41.8757,-1.178
243940,273.625,273.26,41.8757,-1.178
243950,273.625,273.489,75.734,-1.178
243960,273.625,273.489,96.6862,-1.178
243970,273.625,273.489,96.6862,-1.178
243980,273.549,273.475,96.6862,-1.178
243990,273.549,271.201,2.16639,-5.42989
244000,273.549,273.543,2.16639,-1.178
244010,273.549,273.543,7.21847,-1.178
244020,273.549,273.543,97.6764,-1.178
244030,273.549,273.543,97.6764,-1.178
244040,273.549,273.543,120.414,-1.178
244050,273.549,273.543,120.414,-1.178
244060,273.549,273.467,120.414,-1.178
244070,273.549,273.467,120.414,-1.178
244080,273.549,273.467,120.414,-1.178
244090,273.549,273.467,120.414,-1.178
244100,273.549,273.467,120.414,-1.178
244110,273.549,273.467,20.018,-1.178
244120,273.953,273.467,20.018,-1.178
244130,273.491,273.467,20.018,-1.178
244140,273.491,273.467,20.018,-1.178
244150,273.491,273.467,122.815,-1.178
244160,273.491,273.467,76.1954,-1.178
244170,273.491,273.329,36.4872,-1.178
244180,273.617,273.329,36.4872,-1.178
244190,273.364,273.329,10.3663,-1.178
244200,273.426,273.329,18.8645,-1.178
244210,273.426,273.329,18.8645,-1.178
244220,273.781,273.329,87.5633,-3.36303
244230,273.781,273.329,87.5633,-3.36303
244240,273.386,273.272,91.2806,-1.178
244250,273.386,273.272,91.2806,-1.178
244260,273.386,273.272,107.679,-1.178
244270,273.386,273.272,107.679,-1.178
244280,273.386,273.272,107.679,-1.178
244290,273.386,273.272,107.679,-1.178
244300,273.386,273.272,107.679,-1.178
244310,273.386,273.272,107.679,-1.178
244320,273.386,273.272,107.679,-1.178
244330,273.518,273.272,47.8416,-1.178
244340,273.518,273.272,24.0821,-1.178
244350,273.567,273.273,24.0821,-1.178
244360,273.567,273.273,24.0821,-1.178
244370,273.567,273.273,24.0821,-1.178
244380,273.567,273.184,24.0821,-1.178
244390,273.433,272.908,24.0821,-1.178
244400,272.922,272.908,79.4971,-1.178
244410,273.181,272.908,79.4971,-1.178
244420,273.181,272.908,79.4971,-1.178
244430,273.181,272.908,79.4971,-1.178
244440,273.181,272.908,79.4971,-1.178
244450,273.181,272.908,70.7394,-1.178
244460,273.181,272.908,75.7711,-1.178
244470,273.036,272.908,75.7711,-1.178
244480,273.036,272.782,75.7711,-1.178
244490,272.785,272.782,75.7711,-1.178
244500,272.932,272.782,75.7711,-1.178
244510,272.932,272.782,75.7711,-1.178
244520,272.932,272.782,75.7711,-1.178
244530,272.906,272.478,41.3296,-1.178
244540,272.906,272.478,41.3296,-1.178
244550,272.906,272.721,91.6281,-1.178
244560,272.925,272.721,91.6281,-1.178
244570,272.925,272.721,91.6281,-1.178
244580,272.925,272.721,91.6281,-1.178
244590,272.925,272.721,91.6281,-1.178
244600,272.925,272.721,91.6281,-1.178
244610,272.925,272.721,91.6281,-1.178
244620,273.357,272.721,4.10424,-1.178
244630,272.915,272.721,8.23827,-1.178
244640,272.915,272.464,8.23827,-1.178
244650,272.831,272.464,8.23827,-1.178
244660,272.782,272.464,8.23827,-1.178
244670,272.485,272.464,8.23827,-1.178
244680,272.485,271.293,8.23827,-3.36303
244690,272.485,271.204,8.23827,-3.36303
244700,272.485,271.204,8.23827,-3.36303
244710,272.485,272.326,8.23827,-1.178
244720,272.485,272.086,8.23827,-1.178
244730,272.352,272.31,8.23827,-1.178
244740,272.352,272.31,8.23827,-1.178
244750,272.355,272.281,8.23827,-1.178
244760,272.851,272.27,8.23827,-1.178
244770,272.851,271.45,12.4354,-3.36303
244780,272.851,271.45,12.4354,-3.36303
244790,272.851,272.68,12.4354,-1.178
244800,271.459,271.116,12.4354,-1.178
244810,271.459,271.116,12.4354,-1.178
244820,271.459,271.411,123.376,-1.178
244830,271.459,271.411,123.376,-1.178
244840,271.418,271.411,123.376,-1.178
244850,271.418,271.411,92.9812,-1.178
244860,271.418,271.262,46.4102,-1.178
244870,271.704,271.262,46.4102,-1.178
244880,271.704,271.531,46.4102,-1.178
244890,271.981,271.531,25.5497,-1.178
244900,271.981,271.518,47.7293,-1.178
244910,271.981,271.518,47.7293,-1.178
244920,271.981,271.518,47.7293,-1.178
244930,271.981,271.518,47.7293,-1.178
244940,271.981,271.518,4.37028,-1.178
244950,271.981,271.518,4.37028,-1.178
244960,271.981,271.518,4.37028,-1.178
244970,271.981,271.518,4.37028,-1.178
244980,272.038,271.518,93.0162,-3.36303
244990,272.038,271.914,93.0162,-1.178
245000,272.038,271.914,66.8344,-1.178
245010,272.022,271.914,66.8344,-1.178
245020,272.022,271.914,66.8344,-1.178
245030,272.022,271.914,66.8344,-1.178
245040,272.487,271.914,42.5348,-3.36303
245050,272.159,271.914,42.5348,-1.178
245060,271.936,271.914,42.5348,-1.178
245070,272.142,271.914,75.9239,-1.178
245080,272.097,271.888,75.9239,-1.178
245090,272.097,271.888,75.9239,-1.178
245100,271.911,271.888,118.417,-1.178
245110,271.94,271.888,118.417,-1.178
245120,271.94,271.519,36.6094,-1.178
245130,271.547,271.519,77.0499,-1.178
245140,271.547,271.519,77.0499,-1.178
245150,271.547,271.519,77.0499,-1.178
245160,271.547,271.519,77.0499,-1.178
245170,271.715,271.538,77.0499,-1.178
245180,271.715,271.538,77.0499,-1.178
245190,271.655,271.538,93.8757,-1.178
245200,271.655,271.538,93.8757,-1.178
245210,271.655,271.538,93.8757,-1.178
245220,271.655,271.538,93.8757,-1.178
245230,271.655,271.224,41.0105,-1.178
245240,271.655,271.224,41.0105,-1.178
245250,271.655,271.556,14.2784,-1.178
245260,271.99,271.37,14.2784,-1.178
245270,271.99,271.37,14.2784,-1.178
245280,271.99,271.37,14.2784,-1.178
245290,271.574,271.37,58.8611,-1.178
245300,271.574,271.407,58.8611,-1.178
245310,271.574,271.495,49.236,-1.178
245320,271.574,271.495,49.236,-1.178
245330,271.574,271.495,38.7664,-1.178
245340,271.574,271.495,38.7664,-1.178
245350,271.574,271.495,38.7664,-1.178
245360,271.574,271.495,38.7664,-1.178
245370,271.574,271.495,86.1893,-1.178
245380,271.574,271.422,86.1893,-1.178
245390,271.574,271.422,86.1893,-1.178
245400,271.626,271.422,86.1893,-1.178
245410,271.43,271.422,86.1893,-1.178
245420,271.43,271.422,73.1062,-1.178
245430,271.43,271.422,55.3423,-1.178
245440,271.43,271.422,55.3423,-1.178
245450,271.43,271.422,90.9807,-1.178
245460,271.862,271.422,25.305,-1.178
245470,271.862,271.422,60.2727,-3.36303
245480,271.738,271.422,60.2727,-1.178
245490,271.738,271.422,60.2727,-1.178
245500,271.738,271.422,60.2727,-1.178
245510,272.183,271.422,60.2727,-3.36303
245520,272.183,271.422,60.2727,-3.36303
245530,271.78,271.422,60.2727,-1.178
245540,271.78,271.422,60.2727,-1.178
245550,271.78,271.422,60.2727,-1.178
245560,271.78,271.422,26.7587,-1.178
245570,271.78,271.422,26.7587,-1.178
245580,271.78,271.422,26.7587,-1.178
245590,271.78,271.422,26.7587,-1.178
245600,271.452,271.422,46.183,-1.178
245610,271.122,270.181,12.8516,-3.36303
245620,271.122,270.181,12.8516,-3.36303
245630,271.122,270.181,12.8516,-3.36303
245640,271.122,270.181,12.8516,-3.36303
245650,271.115,270.826,20.9602,-1.178
245660,271.115,270.826,20.9602,-1.178
245670,270.848,270.826,60.0273,-1.178
245680,270.848,270.826,109.91,-1.178
245690,270.848,270.826,109.91,-1.178
245700,270.848,270.826,109.91,-1.178
245710,270.848,270.826,20.4677,-1.178
245720,271.221,270.826,20.4677,-1.178
245730,271.221,270.826,20.4677,-1.178
245740,271.221,270.826,20.4677,-1.178
245750,271.111,270.826,20.4677,-1.178
245760,271.111,270.826,69.7808,-1.178
245770,271.111,270.826,69.7808,-1.178
245780,271.111,270.826,4.06863,-1.178
245790,271.048,270.826,41.4736,-1.178
245800,270.912,270.826,41.4736,-1.178
245810,270.912,270.826,41.4736,-1.178
245820,270.912,270.826,87.6833,-1.178
245830,270.912,270.826,87.6833,-1.178
245840,270.912,270.826,87.6833,-1.178
245850,270.912,270.826,80.3375,-1.178
245860,270.912,270.89,99.6496,-1.178
245870,271.093,270.89,88.4663,-1.178
245880,271.093,270.89,88.4663,-1.178
245890,271.093,270.89,88.4663,-1.178
245900,271.093,270.89,88.4663,-1.178
245910,271.093,270.89,53.3274,-1.178
245920,271.22,270.89,45.7243,-1.178
245930,271.22,270.89,42.5851,-1.178
245940,271.177,270.13,42.5851,-3.36303
245950,271.177,270.794,42.5851,-1.178
245960,270.867,270.794,67.1148,-1.178
245970,270.867,270.59,67.1148,-1.178
245980,271.196,270.59,67.1148,-3.36303
245990,270.721,270.59,67.1148,-1.178
246000,270.721,270.59,67.1148,-1.178
246010,270.721,270.59,42.6699,-1.178
246020,270.677,270.59,42.6699,-1.178
246030,270.677,270.59,64.3036,-1.178
246040,270.677,270.59,64.3036,-1.178
246050,270.67,270.59,64.3036,-1.178
246060,270.67,270.59,50.4439,-1.178
246070,270.67,270.59,50.4439,-1.178
246080,270.641,270.59,50.4439,-1.178
246090,270.641,270.59,50.4439,-1.178
246100,270.598,270.59,50.4439,-1.178
246110,270.598,270.465,50.4439,-1.178
246120,270.598,270.391,3.23354,-1.178
246130,270.461,270.391,44.9374,-1.178
246140,270.461,270.391,80.2356,-1.178
246150,270.461,270.391,105.749,-1.178
246160,270.461,270.391,105.749,-1.178
246170,270.461,270.391,105.749,-1.178
246180,270.461,270.391,105.749,-1.178
246190,270.461,270.391,105.749,-1.178
246200,270.461,270.391,117.902,-1.178
246210,270.178,270.088,28.113,-1.178
246220,270.178,270.088,28.113,-1.178
246230,270.61,270.088,28.113,-1.178
246240,270.61,270.088,28.113,-1.178
246250,270.628,270.088,28.113,-1.178
246260,270.628,269.999,28.113,-3.36303
246270,270.628,269.999,64.6224,-3.36303
246280,270.628,269.999,64.6224,-3.36303
246290,270.628,269.983,64.6224,-3.36303
246300,271.217,269.983,17.1265,-3.36303
246310,270.234,269.983,51.4118,-1.178
246320,270.234,269.916,51.4118,-1.178
246330,270.234,269.916,51.4118,-1.178
246340,270.234,269.916,51.4118,-1.178
246350,270.234,269.916,51.4118,-1.178
246360,270.234,269.916,51.4118,-1.178
246370,270.234,269.916,51.4118,-1.178
246380,270.234,269.219,51.4118,-3.36303
246390,269.602,269.219,51.4118,-1.178
246400,269.602,269.219,51.4118,-1.178
246410,269.602,269.534,51.4118,-1.178
246420,270.147,269.534,9.60575,-1.178
246430,270.158,269.534,9.60575,-1.178
246440,270.158,269.534,9.60575,-1.178
246450,270.158,270.062,9.60575,-1.178
246460,270.136,270.062,9.60575,-1.178
246470,270.136,270.062,11.9055,-1.178
246480,270.136,270.062,32.6514,-1.178
246490,270.136,270.062,32.6514,-1.178
246500,270.136,270.062,32.6514,-1.178
246510,270.586,270.136,32.6514,-1.178
246520,270.586,270.136,20.0938,-1.178
246530,269.842,269.808,35.2091,-1.178
246540,270.255,269.808,35.2091,-1.178
246550,270.255,269.808,38.4097,-1.178
246560,270.255,269.808,41.2458,-1.178
246570,270.255,269.918,37.2455,-1.178
246580,270.164,269.928,37.2455,-1.178
246590,270.164,269.928,66.5519,-1.178
246600,270.164,269.882,66.5519,-1.178
246610,270.164,269.882,66.5519,-1.178
246620,270.164,269.875,66.5519,-1.178
246630,270.463,269.875,66.5519,-3.36303
246640,270.041,269.875,66.5519,-1.178
246650,270.041,269.875,66.5519,-1.178
246660,270.041,269.875,66.5519,-1.178
246670,270.041,269.875,82.0883,-1.178
246680,270.041,269.875,82.0883,-1.178
246690,270.041,269.875,44.8123,-1.178
246700,270.041,269.875,72.1018,-1.178
246710,270.098,269.875,72.1018,-1.178
246720,270.155,269.875,72.1018,-1.178
246730,270.029,269.875,89.7496,-1.178
246740,270.029,269.875,93.3261,-1.178
246750,270.029,269.875,23.8175,-1.178
246760,270.253,269.875,23.8175,-1.178
246770,269.963,269.298,47.8328,-3.36303
246780,269.963,268.872,168.279,-7.49676
246790,269.21,268.872,85.5625,-3.36303
246800,269.85,268.872,85.5625,-5.42989
246810,269.877,268.872,85.5625,-5.42989
246820,269.877,269.363,85.5625,-3.36303
246830,269.877,269.363,46.212,-3.36303
246840,269.454,269.363,46.212,-1.178
246850,269.454,269.363,95.3736,-1.178
246860,269.454,269.363,13.8041,-1.178
246870,269.454,269.363,13.8041,-1.178
246880,269.573,269.363,13.8041,-1.178
246890,269.696,269.363,13.8041,-1.178
246900,269.696,269.355,13.8041,-1.178
246910,269.696,269.355,64.108,-1.178
246920,269.428,269.355,64.108,-1.178
246930,270.067,269.355,4.92381,-3.36303
246940,271.695,269.355,4.92381,-5.42989
246950,271.695,269.664,88.6939,-7.49676
246960,271.794,270.694,6.63125,-3.36303
246970,270.452,269.764,6.63125,-3.36303
246980,271.041,269.764,6.63125,-3.36303
246990,271.041,270.794,6.66519,-1.178
247000,271.041,270.879,6.66519,-1.178
247010,271.143,270.831,6.66519,-1.178
247020,271.143,271.141,6.66519,-1.178
247030,271.73,271.141,6.66519,-1.178
247040,271.537,271.527,6.66519,-1.178
247050,271.537,271.527,95.1744,-1.178
247060,271.537,271.527,122.877,-1.178
247070,271.537,271.527,53.2574,-1.178
247080,271.537,271.402,53.2574,-1.178
247090,271.577,271.402,53.2574,-1.178
247100,271.577,271.402,53.2574,-1.178
247110,271.577,271.402,74.8686,-1.178
247120,271.588,271.402,74.8686,-1.178
247130,271.588,271.402,53.3611,-1.178
247140,271.588,271.257,53.3611,-1.178
247150,271.367,271.257,77.6081,-1.178
247160,271.367,271.257,77.6081,-1.178
247170,271.367,271.257,77.6081,-1.178
247180,271.943,271.257,77.6081,-3.36303
247190,271.408,271.257,77.6081,-1.178
247200,271.569,271.274,77.6081,-1.178
247210,271.569,271.274,77.6081,-1.178
247220,271.569,271.274,77.6081,-1.178
247230,271.569,271.274,77.6081,-1.178
247240,271.569,271.274,77.6081,-1.178
247250,271.569,271.274,36.2185,-1.178
247260,271.569,271.274,38.971,-1.178
247270,271.778,271.491,38.971,-1.178
247280,271.778,271.491,63.3549,-1.178
247290,271.778,271.491,56.0426,-1.178
247300,271.778,271.491,56.0426,-1.178
247310,272.645,271.501,27.3226,-3.36303
247320,272.645,271.501,27.3226,-3.36303
247330,272.645,272.643,27.3226,-1.178
247340,273.13,273.127,27.3226,-1.178
247350,273.13,273.096,64.1589,-1.178
247360,273.13,273.096,107.767,-1.178
247370,273.13,273.096,103.457,-1.178
247380,273.148,273.096,35.7463,-1.178
247390,273.148,272.926,79.9176,-1.178
247400,273.148,272.926,34.7197,-1.178
247410,273.148,272.926,34.7197,-1.178
247420,273.152,272.926,45.5927,-1.178
247430,273.152,272.926,11.9182,-1.178
247440,272.927,272.926,11.9182,-1.178
247450,272.927,272.926,88.3264,-1.178
247460,272.927,272.926,88.3264,-1.178
247470,273.043,272.926,69.2648,-1.178
247480,273.043,272.926,90.9859,-1.178
247490,273.043,272.926,90.9859,-1.178
247500,273.043,272.94,29.9553,-1.178
247510,273.726,273.512,29.9553,-1.178
247520,273.726,273.334,29.9553,-1.178
247530,273.965,273.877,29.9553,-1.178
247540,273.965,273.877,53.8729,-1.178
247550,274.28,273.899,53.8729,-1.178
247560,274.28,273.993,53.8729,-1.178
247570,274.28,273.993,13.5129,-1.178
247580,274.285,273.993,70.4619,-1.178
247590,274.285,273.993,70.4619,-1.178
247600,274.227,273.993,70.4619,-1.178
247610,274.227,273.993,47.4971,-1.178
247620,274.227,273.993,6.94551,-1.178
247630,273.85,273.612,50.2268,-1.178
247640,273.973,273.612,50.2268,-1.178
247650,274.286,273.537,50.2268,-3.36303
247660,273.557,273.537,50.2268,-1.178
247670,273.557,273.537,50.2268,-1.178
247680,273.557,273.537,83.408,-1.178
247690,273.557,273.451,83.408,-1.178
247700,273.465,273.451,105.774,-1.178
247710,273.465,273.451,105.774,-1.178
247720,273.465,273.451,64.5101,-1.178
247730,273.465,273.451,64.5101,-1.178
247740,273.661,273.451,64.5101,-1.178
247750,273.661,273.341,64.5101,-1.178
247760,273.472,273.239,55.2261,-1.178
247770,273.472,273.239,55.2261,-1.178
247780,273.472,273.357,65.5357,-1.178
247790,273.611,273.357,38.5344,-1.178
247800,273.611,273.357,38.5344,-1.178
247810,273.44,273.357,38.5344,-1.178
247820,273.44,273.357,24.9402,-1.178
247830,273.87,273.357,46.1344,-3.36303
247840,274.601,273.301,46.1344,-5.42989
247850,274.601,274.264,46.1344,-1.178
247860,274.601,274.264,46.1344,-1.178
247870,274.601,274.264,0.852442,-1.178
247880,274.834,274.264,0.852442,-1.178
247890,274.834,274.192,0.852442,-1.178
247900,274.834,274.451,0.852442,-1.178
247910,275.566,274.451,74.8842,-5.42989
247920,275.505,274.451,15.0099,-3.36303
247930,275.265,274.451,15.0099,-3.36303
247940,275.265,274.451,45.9342,-3.36303
247950,275.807,274.372,45.9342,-5.42989
247960,275.807,274.372,28.1084,-5.42989
247970,275.337,273.621,28.1084,-5.42989
247980,273.783,273.621,28.1084,-1.178
247990,273.783,273.621,71.3308,-1.178
248000,273.783,273.621,71.3308,-1.178
248010,273.817,273.621,57.7151,-1.178
248020,273.817,273.31,57.7151,-3.36303
248030,273.981,273.31,14.8314,-3.36303
248040,273.981,273.841,14.8314,-1.178
248050,274.073,273.841,10.4886,-1.178
248060,274.008,273.841,10.4886,-1.178
248070,274.008,273.841,42.4556,-1.178
248080,274.008,273.841,42.4556,-1.178
248090,274.008,273.841,68.2402,-1.178
248100,274.008,273.841,68.2402,-1.178
248110,274.008,273.841,95.1144,-1.178
248120,274.008,273.841,95.1144,-1.178
248130,274.008,273.841,74.942,-1.178
248140,274.008,273.841,74.942,-1.178
248150,274.008,273.841,59.1913,-1.178
248160,274.008,273.667,59.1913,-1.178
248170,274.008,273.681,71.5282,-1.178
248180,274.008,273.681,50.7468,-1.178
248190,274.008,273.415,4.68604,-1.178
248200,274.008,273.447,4.68604,-1.178
248210,274.008,273.447,4.68604,-1.178
248220,274.008,273.469,4.68604,-1.178
248230,274.074,273.469,4.68604,-1.178
248240,274.074,273.469,4.68604,-1.178
248250,274.074,273.469,4.68604,-1.178
248260,274.043,273.469,4.68604,-1.178
248270,274.043,273.93,4.68604,-1.178
248280,274.115,273.508,4.68604,-1.178
248290,274.115,273.658,4.68604,-1.178
248300,274.115,273.658,4.68604,-1.178
248310,274.147,273.658,8.25127,-1.178
248320,274.147,273.658,8.25127,-1.178
248330,274.112,273.658,41.098,-1.178
248340,274.112,273.658,41.098,-1.178
248350,274.112,273.658,41.098,-1.178
248360,274.112,273.968,41.098,-1.178
248370,274.199,273.968,41.098,-1.178
248380,274.199,273.968,41.098,-1.178
248390,274.331,273.968,41.098,-1.178
248400,274.492,273.507,41.098,-3.36303
248410,274.492,274.25,41.098,-1.178
248420,274.492,274.25,41.098,-1.178
248430,274.387,274.25,41.098,-1.178
248440,272.978,272.853,41.098,-1.178
248450,272.978,272.853,41.098,-1.178
248460,272.978,272.853,9.59082,-1.178
248470,272.978,272.853,24.1183,-1.178
248480,273.377,272.816,24.1183,-1.178
248490,273.138,272.816,13.9225,-1.178
248500,273.138,272.816,72.1903,-1.178
248510,273.138,272.816,19.7348,-1.178
248520,273.138,272.816,52.8932,-1.178
248530,273.138,272.816,52.8932,-1.178
248540,273.138,272.816,79.8387,-3.36303
248550,273.213,272.816,86.6796,-3.36303
248560,273.213,272.816,26.3256,-1.178
248570,272.851,272.816,25.6537,-1.178
248580,272.851,272.729,3.70337,-1.178
248590,272.851,272.729,17.8031,-1.178
248600,273.271,272.729,17.8031,-1.178
248610,272.823,272.729,17.8031,-1.178
248620,272.826,272.729,17.8031,-1.178
248630,272.826,272.353,17.8031,-1.178
248640,272.753,272.353,17.8031,-1.178
248650,272.753,272.502,17.8031,-1.178
248660,272.753,272.498,17.8031,-1.178
248670,272.753,272.498,17.8031,-1.178
248680,272.753,272.498,17.8031,-1.178
248690,274.07,272.999,17.8031,-3.36303
248700,274.07,273.888,17.8031,-1.178
248710,274.07,273.888,17.8031,-1.178
248720,274.07,273.888,117.461,-3.36303
248730,274.07,273.888,117.461,-3.36303
248740,274.07,273.888,117.461,-3.36303
248750,276.334,273.888,117.461,-7.49676
248760,276.334,273.888,155.604,-7.49676
248770,275.795,273.888,65.2495,-7.49676
248780,274.791,274.063,65.2495,-3.36303
248790,274.791,274.273,65.2495,-3.36303
248800,274.791,274.273,65.2495,-3.36303
248810,274.791,274.273,73.6359,-3.36303
248820,274.519,274.273,9.23941,-1.178
248830,274.688,274.273,9.23941,-1.178
248840,274.688,274.273,9.23941,-1.178
248850,274.688,274.508,90.1088,-1.178
248860,274.688,274.287,13.5032,-1.178
248870,274.688,274.56,15.1222,-1.178
248880,274.688,274.56,87.4309,-1.178
248890,274.76,274.56,41.2622,-1.178
248900,274.773,274.56,41.2622,-1.178
248910,274.773,274.484,41.2622,-1.178
248920,274.773,274.484,3.97001,-1.178
248930,274.816,274.484,29.3807,-1.178
248940,274.816,274.484,38.6594,-1.178
248950,274.816,274.484,27.539,-1.178
248960,274.816,274.484,27.539,-1.178
248970,274.816,274.484,52.2567,-1.178
248980,274.753,274.484,52.2567,-1.178
248990,274.834,274.484,52.2567,-1.178
249000,274.756,274.484,52.2567,-1.178
249010,274.772,274.484,44.5307,-1.178
249020,274.953,274.484,24.5938,-1.178
249030,275.81,274.427,15.8323,-3.36303
249040,275.81,274.917,15.8323,-3.36303
249050,275.81,275.28,10.7872,-1.178
249060,275.81,275.28,10.7872,-1.178
249070,275.81,275.215,10.7872,-1.178
249080,275.81,275.215,10.7872,-1.178
249090,275.584,275.215,10.7872,-1.178
249100,275.318,275.215,10.7872,-1.178
249110,275.374,275.196,69.4821,-1.178
249120,275.374,274.944,40.7518,-1.178
249130,275.374,274.944,21.2419,-1.178
249140,275.374,274.944,21.2419,-1.178
249150,275.374,274.944,31.0563,-1.178
249160,275.374,274.959,31.0563,-1.178
249170,275.374,274.959,7.12524,-1.178
249180,275.374,275.32,49.5755,-1.178
249190,275.374,275.32,49.5755,-1.178
249200,275.374,275.148,75.9203,-1.178
249210,275.374,275.148,58.0269,-1.178
249220,275.374,275.09,58.0269,-1.178
249230,275.374,275.09,18.3334,-1.178
249240,275.374,275.09,92.7998,-3.36303
249250,275.374,275.09,34.9541,-1.178
249260,275.374,275.09,34.9541,-1.178
249270,275.493,275.09,34.9541,-1.178
249280,275.493,275.12,34.9541,-1.178
249290,275.493,275.12,56.4451,-1.178
249300,275.493,275.12,56.4451,-1.178
249310,275.235,275.12,56.4451,-1.178
249320,274.547,274.473,56.4451,-1.178
249330,274.547,274.473,54.8457,-1.178
249340,274.329,273.609,54.8457,-3.36303
249350,274.064,273.609,34.2958,-1.178
249360,274.064,273.597,45.6108,-1.178
249370,273.672,273.597,45.6108,-1.178
249380,273.895,273.597,10.8419,-1.178
249390,273.895,273.67,10.8419,-1.178
249400,273.895,273.67,10.8419,-1.178
249410,273.895,273.883,93.5312,-1.178
249420,273.895,273.883,98.8852,-1.178
249430,273.966,273.297,80.0581,-3.36303
249440,273.966,273.297,80.0581,-3.36303
249450,273.966,273.297,19.3181,-3.36303
249460,273.966,273.96,29.13,-1.178
249470,273.966,273.96,18.4365,-1.178
249480,273.966,273.96,15.7817,-1.178
249490,273.966,273.96,29.4473,-1.178
249500,273.966,273.815,29.4473,-1.178
249510,274.352,273.815,29.4473,-1.178
249520,274.352,273.815,29.4473,-1.178
249530,274.352,273.815,29.4473,-1.178
249540,273.819,273.815,29.4473,-1.178
249550,273.819,273.798,29.4473,-1.178
249560,273.819,273.798,127.078,-1.178
249570,273.819,273.798,24.6115,-1.178
249580,274.219,273.698,23.5891,-1.178
249590,274.219,273.698,8.71455,-1.178
249600,274.219,273.698,8.71455,-1.178
249610,274.359,273.698,8.71455,-1.178
249620,274.359,273.698,8.71455,-1.178
249630,272.877,272.787,8.71455,-1.178
249640,272.98,272.787,8.71455,-1.178
249650,273.217,272.787,5.1768,-1.178
249660,273.096,272.787,5.1768,-1.178
249670,273.096,272.787,5.1768,-1.178
249680,273.096,272.444,5.1768,-1.178
249690,272.679,272.444,5.1768,-1.178
249700,272.476,272.444,14.7702,-1.178
249710,272.859,272.444,14.7702,-1.178
249720,272.859,272.637,14.7702,-1.178
249730,272.01,271.438,14.7702,-1.178
249740,272.732,271.438,14.7702,-3.36303
249750,272.764,272.598,14.7702,-1.178
249760,272.816,272.598,14.7702,-1.178
249770,272.816,272.598,14.7702,-1.178
249780,273.181,272.598,14.7702,-1.178
249790,273.181,272.598,14.7702,-1.178
249800,273.181,272.556,14.7702,-1.178
249810,273.181,272.801,14.7702,-1.178
249820,273.186,272.801,14.7702,-1.178
249830,273.186,272.877,52.1947,-1.178
249840,273.186,272.877,52.1947,-1.178
249850,273.186,272.877,52.1947,-1.178
249860,273.186,272.783,52.1947,-1.178
249870,272.803,272.286,52.1947,-3.36303
249880,272.407,272.286,52.1947,-1.178
249890,272.691,272.286,52.1947,-1.178
249900,272.829,272.286,12.2299,-1.178
249910,272.829,272.286,12.2299,-1.178
249920,272.674,272.106,12.2299,-1.178
249930,272.674,272.106,12.2299,-1.178
249940,272.674,272.106,12.2299,-1.178
249950,272.529,272.106,12.2299,-1.178
249960,272.562,272.235,12.2299,-1.178
249970,272.562,272.51,12.2299,-1.178
249980,272.562,272.51,84.2472,-1.178
249990,272.562,272.53,84.2472,-1.178
250000,272.562,272.53,7.22555,-1.178
250010,272.545,272.44,93.577,-1.178
250020,272.26,272.217,93.577,-1.178
250030,272.26,272.217,93.577,-1.178
250040,272.26,272.217,93.577,-1.178
250050,272.26,272.217,57.0095,-1.178
250060,272.26,272.217,57.0095,-1.178
250070,272.26,272.217,57.0095,-1.178
250080,272.26,271.902,57.0095,-1.178
250090,272.26,271.902,57.0095,-1.178
250100,273.076,272.79,57.0095,-1.178
250110,273.09,272.79,88.3616,-3.36303
250120,273.09,271.894,6.73104,-3.36303
250130,272.411,271.894,6.73104,-1.178
250140,272.411,271.894,6.73104,-1.178
250150,272.455,271.894,6.73104,-1.178
250160,272.455,271.894,6.73104,-1.178
250170,272.455,271.894,6.73104,-1.178
250180,272.39,271.894,6.73104,-1.178
250190,272.39,271.894,45.4731,-3.36303
250200,272.39,271.471,45.4731,-3.36303
250210,272.39,271.471,45.4731,-3.36303
250220,271.735,271.471,45.4731,-1.178
250230,271.735,270.899,46.949,-3.36303
250240,271.735,271.458,46.949,-1.178
250250,271.735,271.458,46.949,-1.178
250260,271.735,271.458,46.949,-1.178
250270,271.589,271.458,46.949,-1.178
250280,271.923,271.458,44.437,-1.178
250290,271.923,271.458,39.7462,-1.178
250300,271.839,271.458,39.7462,-1.178
250310,271.839,271.538,39.7462,-1.178
250320,271.774,271.538,69.3716,-1.178
250330,271.819,271.538,69.3716,-1.178
250340,271.819,271.538,69.3716,-1.178
250350,271.819,271.538,69.3716,-1.178
250360,271.539,271.538,69.3716,-1.178
250370,271.539,271.165,34.8251,-1.178
250380,271.245,271.165,22.3938,-1.178
250390,271.245,270.857,22.3938,-1.178
250400,271.245,270.857,22.3938,-1.178
250410,271.245,270.857,22.3938,-1.178
250420,271.245,270.857,22.3938,-1.178
250430,271.101,270.857,5.01455,-1.178
250440,271.101,270.857,5.01455,-1.178
250450,271.101,270.857,40.9487,-1.178
250460,271.101,270.805,40.9487,-1.178
250470,272.397,270.008,173.678,-7.49676
250480,271.194,270.008,173.678,-7.49676
250490,271.194,268.952,95.5576,-7.49676
250500,271.573,268.966,95.5576,-7.49676
250510,271.573,271.391,97.1527,-1.178
250520,271.573,271.391,97.1527,-1.178
250530,271.573,271.391,97.1527,-1.178
250540,271.573,271.391,97.1527,-1.178
250550,271.573,271.391,97.1527,-1.178
250560,271.573,271.391,15.4046,-1.178
250570,271.573,271.391,12.0945,-1.178
250580,271.573,271.391,12.0945,-1.178
250590,271.418,271.391,12.0945,-1.178
250600,273.102,271.605,12.0945,-5.42989
250610,273.181,271.605,12.0945,-5.42989
250620,270.769,270.521,12.0945,-1.178
250630,270.769,270.521,88.9675,-1.178
250640,270.769,270.521,88.9675,-1.178
250650,270.769,270.521,49.1023,-1.178
250660,270.769,270.521,0.978,-1.178
250670,270.769,270.521,0.978,-1.178
250680,270.769,270.521,0.978,-1.178
250690,270.769,270.521,0.978,-1.178
250700,270.769,270.521,79.0555,-1.178
250710,270.769,270.518,81.134,-1.178
250720,270.769,270.595,30.3719,-1.178
250730,270.769,270.496,30.3719,-1.178
250740,270.769,270.496,30.3719,-1.178
250750,270.769,270.496,74.7435,-1.178
250760,270.809,270.496,25.0633,-1.178
250770,270.809,270.496,25.0633,-1.178
250780,270.586,270.496,25.0633,-1.178
250790,270.901,270.496,25.0633,-1.178
250800,270.901,270.496,25.0633,-1.178
250810,270.901,270.519,25.0633,-1.178
250820,271.711,270.476,25.0633,-3.36303
250830,271.711,270.476,25.0633,-3.36303
250840,271.606,271.137,25.0633,-1.178
250850,271.268,271.137,51.8487,-1.178
250860,271.555,271.137,8.96403,-1.178
250870,271.555,271.137,36.145,-1.178
250880,271.555,271.137,36.145,-1.178
250890,271.555,271.137,20.2143,-1.178
250900,271.555,271.165,20.2143,-1.178
250910,271.555,271.165,20.2143,-1.178
250920,271.555,271.165,20.2143,-1.178
250930,271.555,271.165,20.2143,-1.178
250940,271.543,271.456,20.2143,-1.178
250950,271.543,271.456,20.2143,-1.178
250960,271.543,271.456,20.2143,-1.178
250970,271.543,271.456,20.2143,-1.178
250980,271.543,271.17,20.2143,-1.178
250990,271.543,271.17,20.2143,-1.178
251000,271.543,271.17,44.3146,-1.178
251010,271.543,271.13,19.283,-1.178
251020,271.543,271.13,19.283,-1.178
251030,271.543,271.13,6.91276,-1.178
251040,271.543,271.13,37.6896,-1.178
251050,271.543,270.389,37.6896,-3.36303
251060,271.543,271.07,37.6896,-1.178
251070,271.543,271.07,37.6896,-1.178
251080,271.107,270.952,37.6896,-1.178
251090,271.107,270.745,94.3262,-3.36303
251100,271.107,270.745,31.8212,-1.178
251110,271.107,270.745,13.2981,-1.178
251120,271.107,270.956,51.6102,-1.178
251130,271.107,270.793,51.6102,-1.178
251140,271.107,270.793,71.4947,-1.178
251150,271.107,271.093,71.4947,-1.178
251160,271.107,271.093,71.4947,-1.178
251170,271.107,271.093,55.9291,-1.178
251180,271.098,271.093,64.1776,-1.178
251190,271.098,271.093,66.0556,-1.178
251200,271.098,271.093,66.0556,-1.178
251210,271.143,271.093,66.0556,-1.178
251220,271.143,271.093,18.4383,-1.178
251230,272.186,271.093,12.2224,-3.36303
251240,271.38,271.093,12.2224,-1.178
251250,271.38,271.093,17.7832,-1.178
251260,271.38,271.093,17.7832,-1.178
251270,271.261,271.093,17.7832,-1.178
251280,271.261,271.093,17.7832,-1.178
251290,271.261,271.093,17.7832,-1.178
251300,272.163,271.093,17.7832,-3.36303
251310,272.163,271.554,17.7832,-1.178
251320,271.648,271.554,17.7832,-1.178
251330,271.648,271.335,7.95686,-1.178
251340,273.314,271.335,7.95686,-5.42989
251350,273.83,273.739,7.95686,-1.178
251360,273.83,273.827,7.95686,-1.178
251370,273.83,273.618,89.3063,-1.178
251380,273.83,273.618,118.757,-3.36303
251390,273.783,273.618,21.701,-1.178
251400,274.329,273.618,89.7476,-5.42989
251410,274.329,274.31,113.378,-1.178
251420,274.329,274.31,113.378,-1.178
251430,274.329,274.27,113.378,-1.178
251440,274.329,274.27,96.8661,-1.178
251450,274.329,272.567,3.37326,-5.42989
251460,273.055,272.567,3.37326,-1.178
251470,272.935,272.567,3.37326,-1.178
251480,272.711,272.193,3.37326,-1.178
251490,272.711,272.536,56.4122,-1.178
251500,272.711,272.536,98.2437,-1.178
251510,272.711,272.673,65.9796,-1.178
251520,272.724,272.635,65.9796,-1.178
251530,272.724,272.635,93.3164,-1.178
251540,272.713,272.635,93.3164,-1.178
251550,272.713,272.635,93.3164,-1.178
251560,272.713,272.635,93.3164,-1.178
251570,273.155,272.635,18.566,-1.178
251580,273.155,272.635,18.566,-1.178
251590,273.009,272.635,6.90861,-1.178
251600,273.181,272.635,6.90861,-1.178
251610,272.834,272.635,57.4098,-1.178
251620,273.153,273.126,0.970212,-1.178
251630,273.153,273.126,62.8582,-1.178
251640,273.388,273.126,63.6374,-1.178
251650,273.388,273.126,63.6374,-1.178
251660,273.388,273.15,49.8615,-1.178
251670,273.371,273.15,48.0944,-1.178
251680,273.218,273.15,48.0944,-1.178
251690,273.218,273.15,48.0944,-1.178
251700,273.218,273.15,115.032,-1.178
251710,273.218,273.15,115.032,-1.178
251720,273.218,273.05,41.2695,-1.178
251730,273.218,272.195,14.2082,-3.36303
251740,272.436,272.197,14.2082,-1.178
251750,272.603,272.197,14.2082,-1.178
251760,272.603,272.026,14.2082,-1.178
251770,272.048,272.026,14.2082,-1.178
251780,272.048,271.507,14.2082,-1.178
251790,272.048,271.507,14.2082,-1.178
251800,272.048,271.507,14.2082,-1.178
251810,272.048,271.507,14.2082,-1.178
251820,272.048,271.572,14.2082,-1.178
251830,272.009,271.572,14.2082,-1.178
251840,272.009,271.572,14.2082,-1.178
251850,272.009,271.705,14.2082,-1.178
251860,272.009,271.705,1.73329,-1.178
251870,272.009,271.705,75.38,-1.178
251880,271.731,271.31,66.8838,-3.36303
251890,272.664,271.31,66.8838,-5.42989
251900,272.303,271.125,66.8838,-5.42989
251910,272.303,271.741,66.8838,-3.36303
251920,272.303,271.912,66.8838,-3.36303
251930,272.303,271.66,66.8838,-3.36303
251940,271.783,271.66,66.8838,-1.178
251950,272.004,271.66,66.8838,-1.178
251960,271.663,271.66,42.1575,-1.178
251970,271.852,271.66,42.1575,-1.178
251980,271.852,271.66,42.1575,-1.178
251990,271.852,271.484,42.1575,-1.178
252000,271.852,271.484,42.1575,-1.178
252010,271.852,271.484,13.868,-1.178
252020,271.852,271.484,13.868,-1.178
252030,271.852,271.484,13.868,-1.178
252040,271.866,271.484,13.868,-1.178
252050,271.866,271.484,13.868,-1.178
252060,271.866,271.382,13.868,-1.178
252070,271.866,271.382,8.2471,-1.178
252080,271.866,271.478,8.2471,-1.178
252090,271.563,271.478,20.1476,-1.178
252100,272.025,271.478,20.1476,-1.178
252110,272.025,271.54,20.1476,-1.178
252120,272.025,271.657,20.1476,-1.178
252130,272.025,271.589,20.1476,-1.178
252140,271.896,271.589,20.1476,-1.178
252150,271.896,271.589,49.5924,-1.178
252160,271.882,271.589,49.5924,-1.178
252170,271.882,271.589,64.2101,-1.178
252180,271.882,271.589,11.1347,-1.178
252190,271.882,271.393,80.7437,-3.36303
252200,271.882,271.393,80.7437,-3.36303
252210,271.829,271.222,80.7437,-3.36303
252220,271.829,271.222,10.8082,-1.178
252230,271.838,271.222,10.8082,-1.178
252240,271.838,271.353,10.8082,-1.178
252250,271.8,271.353,10.8082,-1.178
252260,271.796,271.353,10.8082,-1.178
252270,271.796,271.353,10.8082,-1.178
252280,271.796,271.353,10.8082,-1.178
252290,271.796,271.353,13.4888,-1.178
252300,272.324,271.353,13.4888,-3.36303
252310,272.154,271.353,13.4888,-3.36303
252320,272.019,271.353,13.4888,-3.36303
252330,271.939,271.353,13.4888,-1.178
252340,271.469,271.353,60.5368,-1.178
252350,271.659,271.353,60.5368,-1.178
252360,271.659,271.449,47.1245,-1.178
252370,271.659,271.449,47.1245,-1.178
252380,271.659,271.321,47.1245,-1.178
252390,271.659,271.321,47.1245,-1.178
252400,271.659,271.321,47.1245,-1.178
252410,271.476,271.321,66.9008,-1.178
252420,271.514,271.321,66.9008,-1.178
252430,271.514,271.321,66.9008,-1.178
252440,271.514,271.321,66.9008,-1.178
252450,271.514,271.321,66.9008,-1.178
252460,271.514,271.321,66.9008,-1.178
252470,271.514,271.321,3.7687,-1.178
252480,271.514,271.321,9.7263,-1.178
252490,271.514,271.321,17.3929,-1.178
252500,271.514,271.321,17.2648,-1.178
252510,271.514,271.321,62.5442,-1.178
252520,271.514,271.321,98.9503,-1.178
252530,271.514,271.321,98.9503,-1.178
252540,271.514,271.321,98.9503,-1.178
252550,271.514,271.321,98.9503,-1.178
252560,271.514,271.321,98.9503,-1.178
252570,271.514,271.395,98.9503,-1.178
252580,271.514,271.395,98.9503,-1.178
252590,271.514,271.395,68.9602,-1.178
252600,271.514,271.395,68.9602,-1.178
252610,271.514,271.395,68.9602,-1.178
252620,271.514,271.395,20.2779,-1.178
252630,271.514,271.395,23.1116,-1.178
252640,271.806,271.395,23.1116,-1.178
252650,271.806,271.295,23.1116,-1.178
252660,271.806,271.295,0.300529,-1.178
252670,272.384,271.332,0.300529,-3.36303
252680,272.652,271.332,0.300529,-3.36303
252690,272.77,271.611,0.300529,-3.36303
252700,272.77,272.067,0.300529,-1.178
252710,272.77,272.067,0.300529,-1.178
252720,272.21,272.067,0.300529,-1.178
252730,272.461,272.067,0.300529,-1.178
252740,272.461,272.067,0.300529,-1.178
252750,272.461,272.067,0.300529,-1.178
252760,272.729,272.067,0.300529,-1.178
252770,272.729,272.067,2.25949,-1.178
252780,272.729,272.067,2.25949,-1.178
252790,272.273,272.067,2.25949,-1.178
252800,272.273,271.691,2.25949,-1.178
252810,272.065,271.691,7.87863,-1.178
252820,272.065,271.399,7.87863,-1.178
252830,272.064,271.399,4.35232,-1.178
252840,272.962,271.399,4.35232,-3.36303
252850,272.465,271.399,4.35232,-3.36303
252860,272.465,271.881,4.35232,-1.178
252870,272.465,271.881,4.35232,-1.178
252880,272.465,271.881,4.35232,-1.178
252890,272.465,271.881,4.35232,-1.178
252900,272.465,271.881,4.35232,-1.178
252910,272.465,271.881,4.35232,-1.178
252920,272.465,271.881,4.35232,-1.178
252930,272.465,271.937,4.35232,-1.178
252940,272.465,271.937,82.4512,-3.36303
252950,272.465,272.131,82.4512,-3.36303
252960,272.465,272.131,62.6918,-1.178
252970,272.465,272.131,62.6918,-1.178
252980,272.465,272.131,62.6918,-1.178
252990,272.42,272.047,62.6918,-1.178
253000,272.42,272.047,31.7156,-1.178
253010,272.42,272.047,20.1868,-1.178
253020,272.436,272.047,20.1868,-1.178
253030,272.436,271.928,20.1868,-1.178
253040,272.436,271.928,20.1868,-1.178
253050,272.436,271.928,20.1868,-1.178
253060,272.325,271.819,20.1868,-1.178
253070,272.325,272.131,20.1868,-1.178
253080,272.325,272.131,20.1868,-1.178
253090,272.481,272.131,20.1868,-1.178
253100,272.162,272.131,20.1868,-1.178
253110,272.162,272.131,20.1868,-1.178
253120,272.162,272.131,20.1868,-1.178
253130,272.519,272.131,20.1868,-1.178
253140,272.519,272.131,20.1868,-1.178
253150,272.519,272.354,20.1868,-1.178
253160,272.596,272.354,20.1868,-1.178
253170,272.464,272.354,20.1868,-1.178
253180,272.639,272.354,20.1868,-1.178
253190,272.628,272.354,29.1505,-1.178
253200,272.628,272.354,29.1505,-1.178
253210,272.628,272.354,58.7181,-1.178
253220,272.797,272.462,58.7181,-1.178
253230,272.797,272.462,46.1365,-1.178
253240,272.797,272.462,59.2667,-1.178
253250,272.503,272.462,59.2667,-1.178
253260,272.503,272.452,46.5756,-1.178
253270,272.503,272.225,46.5756,-1.178
253280,272.503,272.225,33.3213,-1.178
253290,272.503,272.225,33.3213,-1.178
253300,272.503,272.225,33.3213,-1.178
253310,272.503,272.225,33.3213,-1.178
253320,272.503,272.225,33.3213,-1.178
253330,272.503,272.225,33.3213,-1.178
253340,272.503,272.225,33.3213,-1.178
253350,272.503,272.225,33.3213,-1.178
253360,272.253,272.225,33.3213,-1.178
253370,272.253,272.225,33.3213,-1.178
253380,272.253,271.076,19.5056,-3.36303
253390,272.146,271.076,19.5056,-3.36303
253400,272.146,271.822,22.5312,-1.178
253410,272.146,271.587,22.5312,-1.178
253420,272.146,271.564,22.5312,-1.178
253430,272.146,272.116,3.9043,-1.178
253440,272.146,272.116,3.9043,-1.178
253450,272.146,272.116,19.1545,-1.178
253460,272.3,272.116,19.1545,-1.178
253470,272.325,272.155,19.1545,-1.178
253480,272.325,272.18,57.8296,-1.178
253490,272.325,272.18,12.6371,-1.178
253500,272.746,272.704,12.6371,-1.178
253510,272.74,272.452,12.6371,-1.178
253520,272.74,272.452,78.7077,-1.178
253530,272.74,272.452,64.3576,-1.178
253540,272.74,272.452,2.77135,-1.178
253550,272.74,272.428,2.77135,-1.178
253560,272.74,272.428,45.0656,-1.178
253570,272.74,272.428,45.0656,-1.178
253580,272.74,272.428,45.0656,-1.178
253590,272.74,272.428,29.0142,-1.178
253600,272.74,272.428,29.0142,-1.178
253610,272.74,272.428,46.3567,-1.178
253620,272.74,272.428,42.5622,-1.178
253630,272.74,272.428,42.5622,-1.178
253640,272.74,272.602,58.494,-1.178
253650,272.74,272.602,22.8943,-1.178
253660,272.74,272.602,14.2066,-1.178
253670,272.53,272.328,87.4585,-1.178
253680,272.53,272.031,57.4632,-3.36303
253690,272.53,272.031,76.3818,-3.36303
253700,272.53,271.897,76.3818,-3.36303
253710,272.53,271.809,29.2938,-3.36303
253720,272.53,271.809,61.7764,-3.36303
253730,272.53,271.809,61.7764,-3.36303
253740,272.641,271.809,61.7764,-3.36303
253750,272.641,272.117,2.42255,-1.178
253760,272.244,271.826,2.42255,-1.178
253770,272.244,271.932,32.7596,-1.178
253780,272.244,271.932,55.28,-1.178
253790,272.244,271.932,55.28,-1.178
253800,272.244,271.932,68.8463,-1.178
253810,272.244,271.932,68.8463,-1.178
253820,271.935,271.932,68.8463,-1.178
253830,271.935,271.932,124.955,-1.178
253840,272.126,271.932,25.4208,-1.178
253850,271.963,271.932,40.9887,-1.178
253860,272.036,271.932,40.9887,-1.178
253870,272.036,271.932,52.4256,-1.178
253880,272.114,269.359,52.4256,-7.49676
253890,270.892,269.359,52.4256,-5.42989
253900,270.445,269.359,39.0308,-3.36303
253910,269.607,269.359,9.85638,-1.178
253920,269.607,269.359,59.4028,-1.178
253930,269.586,269.359,59.4028,-1.178
253940,269.873,269.52,59.4028,-1.178
253950,269.873,269.598,28.5794,-1.178
253960,269.873,269.452,28.5794,-1.178
253970,269.873,269.452,96.5981,-3.36303
253980,269.873,269.452,96.5981,-3.36303
253990,269.797,269.405,19.1928,-1.178
254000,269.797,269.508,19.1928,-1.178
254010,269.797,269.508,92.5809,-3.36303
254020,269.797,269.508,92.5809,-3.36303
254030,269.797,269.482,66.8102,-1.178
254040,269.797,269.482,66.8102,-1.178
254050,269.797,269.482,66.8102,-1.178
254060,269.797,269.753,26.9379,-1.178
254070,269.797,269.753,115.591,-1.178
254080,269.797,269.753,42.7118,-1.178
254090,270.127,269.071,42.7118,-3.36303
254100,270.127,269.071,35.6623,-3.36303
254110,270.079,269.071,35.6623,-3.36303
254120,268.095,267.841,54.7359,-1.178
254130,268.095,267.841,54.7359,-1.178
254140,268.095,267.841,80.6194,-1.178
254150,268.113,267.841,35.5062,-1.178
254160,268.02,267.841,27.1366,-1.178
254170,268.02,267.841,27.1366,-1.178
254180,268.02,267.841,27.1366,-1.178
254190,268.274,267.841,27.1366,-1.178
254200,268.274,267.841,42.0549,-1.178
254210,268.274,268.207,42.0549,-1.178
254220,268.274,268.207,5.80155,-1.178
254230,268.792,268.207,5.80155,-1.178
254240,268.792,268.207,5.80155,-1.178
254250,268.657,268.207,5.80155,-1.178
254260,268.657,268.631,5.80155,-1.178
254270,268.199,267.996,5.80155,-1.178
254280,268.199,267.848,5.80155,-1.178
254290,268.199,267.848,5.80155,-1.178
254300,268.059,267.848,5.80155,-1.178
254310,268.059,267.848,5.80155,-1.178
254320,268.059,267.848,80.767,-1.178
254330,268.059,268.028,16.0598,-1.178
254340,268.059,268.021,41.5505,-1.178
254350,268.059,268.021,41.5505,-1.178
254360,268.059,268.021,41.5505,-1.178
254370,268.059,268.021,88.075,-1.178
254380,268.059,268.021,66.8091,-1.178
254390,268.059,268.021,66.8091,-1.178
254400,268.059,268.021,66.8091,-1.178
254410,268.059,268.021,70.2039,-1.178
254420,268.059,267.806,70.2039,-1.178
254430,268.059,267.95,79.6219,-1.178
254440,268.059,267.95,61.7391,-1.178
254450,268.059,267.95,29.579,-1.178
254460,268.059,267.95,36.2691,-1.178
254470,268.673,267.95,98.3092,-5.42989
254480,268.673,267.227,7.08234,-3.36303
254490,267.25,267.227,7.08234,-1.178
254500,267.25,267.227,64.1687,-1.178
254510,267.25,267.227,64.1687,-1.178
254520,267.463,267.227,64.1687,-1.178
254530,267.463,267.413,85.2421,-1.178
254540,267.463,267.413,85.2421,-1.178
254550,267.463,267.413,85.2421,-1.178
254560,267.463,267.413,15.8257,-1.178
254570,267.378,267.311,15.8257,-1.178
254580,267.378,267.311,15.8257,-1.178
254590,267.378,267.311,15.8257,-1.178
254600,267.457,267.311,15.8257,-1.178
254610,267.457,267.311,15.8257,-1.178
254620,267.457,266.825,15.8257,-1.178
254630,267.457,266.867,15.8257,-1.178
254640,267.457,266.867,15.8257,-1.178
254650,267.457,267.21,15.8257,-1.178
254660,267.457,267.236,15.8257,-1.178
254670,267.457,266.931,15.8257,-1.178
254680,267.457,266.931,1.25001,-1.178
254690,267.191,266.931,1.25001,-1.178
254700,267.938,266.931,1.25001,-3.36303
254710,267.816,266.931,1.25001,-3.36303
254720,267.816,266.931,1.25001,-3.36303
254730,267.998,266.614,1.25001,-3.36303
254740,268.84,268.082,1.25001,-3.36303
254750,268.339,268.082,1.25001,-1.178
254760,268.514,268.082,1.25001,-1.178
254770,268.514,268.082,1.25001,-1.178
254780,268.83,268.438,41.5826,-1.178
254790,268.699,268.586,41.5826,-1.178
254800,269.162,268.586,41.5826,-3.36303
254810,269.122,268.586,41.5826,-3.36303
254820,269.122,268.74,41.5826,-1.178
254830,269.122,268.823,41.5826,-1.178
254840,269.122,268.823,41.5826,-1.178
254850,269.122,268.823,75.288,-1.178
254860,269.122,268.823,75.288,-1.178
254870,269.122,268.823,75.288,-1.178
254880,268.931,268.823,104.107,-1.178
254890,268.931,268.823,97.3249,-1.178
254900,268.931,268.823,97.3249,-1.178
254910,268.931,268.823,97.3249,-1.178
254920,268.931,268.823,97.3249,-1.178
254930,268.941,268.823,86.9198,-1.178
254940,268.941,268.692,20.0074,-1.178
254950,268.731,268.513,20.0074,-1.178
254960,268.781,268.513,20.0074,-1.178
254970,268.781,268.392,20.0074,-1.178
254980,268.781,268.58,63.1209,-1.178
254990,268.781,268.58,28.9853,-1.178
255000,268.781,268.58,26.4029,-1.178
255010,268.906,267.485,65.4255,-5.42989
255020,267.982,267.171,65.4255,-3.36303
255030,267.982,267.498,65.4255,-3.36303
255040,267.982,267.672,65.4255,-1.178
255050,267.982,267.672,65.4255,-1.178
255060,267.982,267.957,117.732,-1.178
255070,267.982,267.957,117.732,-1.178
255080,267.982,267.957,117.732,-1.178
255090,267.982,267.957,117.732,-1.178
255100,267.982,267.957,117.732,-1.178
255110,267.982,267.957,72.944,-1.178
255120,268.019,267.957,68.8981,-1.178
255130,268.019,267.957,26.9827,-1.178
255140,268.315,267.577,26.9827,-3.36303
255150,267.788,267.739,26.9827,-1.178
255160,267.788,267.739,26.9827,-1.178
255170,267.788,267.739,26.9827,-1.178
255180,267.788,267.739,66.4545,-1.178
255190,267.788,267.739,84.1429,-1.178
255200,267.93,267.739,81.9995,-1.178
255210,267.93,267.739,54.3172,-1.178
255220,267.93,267.739,31.7882,-1.178
255230,267.93,267.739,31.7882,-1.178
255240,267.93,267.739,93.0518,-1.178
255250,267.93,267.751,93.0518,-1.178
255260,267.93,267.751,93.0518,-1.178
255270,267.93,267.751,93.0518,-1.178
255280,267.93,267.751,5.88822,-1.178
255290,267.93,267.413,5.88822,-1.178
255300,267.93,267.413,5.88822,-1.178
255310,267.93,267.413,5.88822,-1.178
255320,267.93,267.56,5.88822,-1.178
255330,267.93,267.56,94.3998,-3.36303
255340,267.93,267.56,94.3998,-3.36303
255350,267.93,267.56,17.4917,-1.178
255360,267.93,266.955,32.2535,-3.36303
255370,267.93,266.955,32.2535,-3.36303
255380,267.433,267.239,81.84,-1.178
255390,267.24,267.239,81.84,-1.178
255400,267.282,267.239,81.84,-1.178
255410,267.282,267.239,81.0651,-1.178
255420,267.282,267.239,81.0651,-1.178
255430,267.282,267.239,81.0651,-1.178
255440,267.282,267.239,70.2731,-1.178
255450,267.282,267.239,38.1897,-1.178
255460,267.282,267.239,38.1897,-1.178
255470,267.324,267.239,112.947,-1.178
255480,267.324,267.234,70.7114,-1.178
255490,267.324,267.234,28.5072,-1.178
255500,267.324,267.234,115.847,-1.178
255510,267.324,267.234,52.5427,-1.178
255520,267.271,267.234,52.5427,-1.178
255530,267.271,267.234,14.2573,-1.178
255540,267.271,267.234,128.863,-1.178
255550,267.271,267.234,128.863,-1.178
255560,267.684,267.234,23.0965,-1.178
255570,267.684,267.234,23.0965,-1.178
255580,265.826,265.774,23.0965,-1.178
255590,265.926,265.774,6.54623,-1.178
255600,265.926,265.774,90.123,-1.178
255610,265.926,265.713,63.5426,-1.178
255620,265.864,265.713,63.5426,-1.178
255630,266.428,265.713,63.5426,-3.36303
255640,266.345,265.713,63.5426,-3.36303
255650,266.345,265.713,63.5426,-3.36303
255660,266,265.713,63.5426,-1.178
255670,266,265.713,89.2998,-3.36303
255680,266,265.767,89.2998,-1.178
255690,266,265.767,89.2998,-1.178
255700,266,265.767,89.2998,-1.178
255710,266,265.767,89.2998,-1.178
255720,265.854,265.767,89.8925,-1.178
255730,265.854,265.654,89.8925,-1.178
255740,265.854,265.654,89.8925,-1.178
255750,265.854,265.654,24.6546,-1.178
255760,266.276,265.817,21.8744,-1.178
255770,266.276,265.817,1.52152,-1.178
255780,266.276,265.817,1.52152,-1.178
255790,266.522,265.817,1.52152,-1.178
255800,266.522,265.989,1.52152,-1.178
255810,266.603,265.989,1.52152,-1.178
255820,266.603,266.496,16.2073,-1.178
255830,266.603,266.432,31.6712,-1.178
255840,266.603,266.432,31.6712,-1.178
255850,266.603,266.432,31.6712,-1.178
255860,266.557,266.208,31.6712,-1.178
255870,266.557,266.208,31.6712,-1.178
255880,266.428,265.939,31.6712,-1.178
255890,266.428,266.13,31.6712,-1.178
255900,266.428,266.13,31.6712,-1.178
255910,266.654,266.13,31.6712,-1.178
255920,266.654,266.13,31.6712,-1.178
255930,266.654,266.522,31.6712,-1.178
255940,266.571,266.522,58.3674,-1.178
255950,266.571,266.522,54.1101,-1.178
255960,266.571,266.108,44.5133,-1.178
255970,266.571,266.108,44.5133,-1.178
255980,266.571,266.108,44.5133,-1.178
255990,266.571,266.431,44.5133,-1.178
256000,266.571,266.431,44.5133,-1.178
256010,266.736,266.431,56.583,-1.178
256020,266.736,266.431,20.4899,-1.178
256030,266.736,266.431,62.3811,-1.178
256040,266.736,266.431,62.3811,-1.178
256050,266.736,266.431,62.3811,-1.178
256060,266.736,266.678,59.4971,-1.178
256070,266.736,266.678,42.1216,-1.178
256080,266.736,266.678,42.1216,-1.178
256090,266.736,266.678,42.1216,-1.178
256100,266.736,266.678,42.1216,-1.178
256110,266.35,266.3,42.1216,-1.178
256120,266.35,266.3,42.1216,-1.178
256130,266.35,266.3,122.629,-1.178
256140,266.35,266.3,13.482,-1.178
256150,266.35,266.3,107.771,-1.178
256160,266.35,266.3,86.8883,-1.178
256170,266.35,266.3,119.044,-1.178
256180,266.347,266.3,121.229,-1.178
256190,266.347,266.3,41.8455,-1.178
256200,266.347,266.057,41.8455,-1.178
256210,266.347,265.314,41.8455,-3.36303
256220,266.347,265.997,41.8455,-1.178
256230,266.347,265.997,9.47691,-1.178
256240,266.347,265.934,51.8131,-1.178
256250,266.347,265.934,42.5576,-1.178
256260,265.989,265.934,22.5328,-1.178
256270,266.819,265.934,89.433,-5.42989
256280,266.819,266.258,89.433,-3.36303
256290,266.819,266.258,28.8629,-1.178
256300,266.819,266.577,28.8629,-1.178
256310,266.819,266.577,39.4972,-1.178
256320,266.84,266.577,61.6893,-1.178
256330,266.84,266.577,61.6893,-1.178
256340,266.84,266.727,61.6893,-1.178
256350,266.84,266.627,61.6893,-1.178
256360,266.84,266.627,61.6893,-1.178
256370,266.84,266.627,61.6893,-1.178
256380,266.84,266.627,61.6893,-1.178
256390,266.991,266.627,11.0865,-1.178
256400,266.991,266.635,11.0865,-1.178
256410,266.991,266.635,11.0865,-1.178
256420,266.991,266.635,62.2942,-1.178
256430,266.991,266.635,48.8976,-1.178
256440,266.909,266.635,48.8976,-1.178
256450,266.737,266.635,48.8976,-1.178
256460,266.737,266.635,71.5093,-1.178
256470,266.737,266.635,19.4102,-1.178
256480,266.737,266.635,114.346,-1.178
256490,266.737,266.635,99.1528,-1.178
256500,266.737,266.635,87.2985,-1.178
256510,266.737,266.635,87.2985,-1.178
256520,266.737,266.635,73.234,-1.178
256530,266.737,266.635,73.234,-1.178
256540,266.737,266.635,73.234,-1.178
256550,266.668,266.635,73.234,-1.178
256560,266.668,266.635,73.234,-1.178
256570,266.668,266.635,73.234,-1.178
256580,266.668,266.635,73.234,-1.178
256590,266.668,266.635,73.234,-1.178
256600,266.668,266.635,46.2179,-1.178
256610,266.668,266.635,112.611,-1.178
256620,266.668,266.635,112.611,-1.178
256630,266.668,266.635,112.611,-1.178
256640,266.668,266.635,42.1407,-1.178
256650,266.668,266.635,98.7477,-1.178
256660,266.668,266.635,112.942,-1.178
256670,266.668,266.544,112.942,-1.178
256680,266.668,266.544,112.942,-1.178
256690,266.668,266.544,112.942,-1.178
256700,266.668,266.544,78.4004,-1.178
256710,266.668,266.544,58.1312,-1.178
256720,266.668,266.544,58.1312,-1.178
256730,266.631,266.544,58.1312,-1.178
256740,266.803,266.34,18.529,-1.178
256750,266.923,266.34,18.529,-1.178
256760,266.923,266.34,18.529,-1.178
256770,266.923,265.996,18.529,-3.36303
256780,266.923,265.996,18.529,-3.36303
256790,266.923,266.336,18.529,-1.178
256800,266.546,266.336,18.529,-1.178
256810,266.62,266.336,18.529,-1.178
256820,266.62,266.336,18.529,-1.178
256830,267.68,266.357,18.529,-3.36303
256840,267.045,266.357,18.529,-3.36303
256850,267.045,266.357,72.4827,-3.36303
256860,267.045,266.931,7.27888,-1.178
256870,267.045,266.931,7.27888,-1.178
256880,267.312,266.931,7.27888,-1.178
256890,267.257,266.931,7.27888,-1.178
256900,267.257,266.931,7.27888,-1.178
256910,267.039,266.931,7.27888,-1.178
256920,267.039,266.931,43.5771,-1.178
256930,267.039,266.931,93.4903,-1.178
256940,267.039,266.931,93.4903,-1.178
256950,267.039,266.931,93.4903,-1.178
256960,267.039,266.931,93.4903,-1.178
256970,267.039,266.227,93.4903,-5.42989
256980,266.459,266.227,93.4903,-3.36303
256990,266.459,266.227,32.1964,-1.178
257000,267.574,267.193,32.1964,-1.178
257010,267.574,267.193,32.1964,-1.178
257020,267.399,267.193,32.1964,-1.178
257030,267.399,267.391,120.695,-1.178
257040,267.399,267.391,120.695,-1.178
257050,267.399,267.391,120.695,-1.178
257060,267.399,267.391,11.6944,-1.178
257070,267.399,267.144,83.2353,-1.178
257080,267.399,267.144,83.2353,-1.178
257090,267.399,267.387,80.5023,-1.178
257100,267.399,267.387,80.5023,-1.178
257110,267.444,267.387,80.5023,-1.178
257120,267.444,267.387,1.33342,-1.178
257130,267.444,267.387,1.33342,-1.178
257140,267.546,267.387,41.0448,-1.178
257150,267.546,267.387,41.0448,-1.178
257160,267.546,267.387,41.0448,-1.178
257170,267.546,267.387,41.0448,-1.178
257180,267.546,267.387,41.0448,-1.178
257190,267.546,267.268,41.0448,-1.178
257200,267.546,267.38,87.2068,-1.178
257210,267.546,267.38,11.7804,-1.178
257220,267.685,267.38,11.7804,-1.178
257230,267.685,267.38,62.9647,-1.178
257240,267.685,267.55,57.6075,-1.178
257250,267.685,267.55,57.6075,-1.178
257260,267.66,267.55,57.6075,-1.178
257270,267.66,267.55,57.6075,-1.178
257280,267.66,267.55,8.37589,-1.178
257290,267.817,267.55,8.37589,-1.178
257300,267.817,267.55,32.4712,-1.178
257310,267.583,267.29,32.4712,-1.178
257320,267.583,267.411,32.4712,-1.178
257330,267.583,267.411,5.47599,-1.178
257340,267.583,267.411,5.47599,-1.178
257350,267.933,267.411,5.47599,-1.178
257360,267.933,267.411,5.47599,-1.178
257370,267.933,267.411,5.47599,-1.178
257380,267.933,267.411,5.47599,-1.178
257390,267.933,267.411,5.47599,-1.178
257400,267.798,267.411,58.8679,-1.178
257410,267.798,267.411,42.1373,-1.178
257420,267.798,267.411,46.1909,-1.178
257430,267.831,267.411,46.1909,-1.178
257440,267.643,267.411,46.1909,-1.178
257450,267.643,267.359,46.1909,-1.178
257460,267.643,267.359,46.1909,-1.178
257470,267.577,267.359,110.126,-3.36303
257480,267.577,267.359,20.7693,-1.178
257490,267.577,267.187,20.0804,-1.178
257500,267.678,267.362,20.0804,-1.178
257510,267.678,267.518,20.0804,-1.178
257520,267.678,267.518,20.0804,-1.178
257530,267.678,267.518,20.0804,-1.178
257540,267.678,267.518,93.2508,-1.178
257550,267.678,267.518,93.2508,-1.178
257560,267.678,267.518,86.4514,-1.178
257570,267.678,267.639,86.4514,-1.178
257580,267.678,267.639,77.4426,-1.178
257590,267.678,267.639,91.7196,-1.178
257600,267.678,267.639,3.30588,-1.178
257610,267.678,267.639,99.545,-1.178
257620,267.678,267.639,99.545,-1.178
257630,267.678,267.668,30.8286,-1.178
257640,267.678,267.674,119.637,-1.178
257650,267.678,267.674,55.6296,-1.178
257660,268.119,267.674,8.78865,-1.178
257670,268.119,267.674,8.78865,-1.178
257680,268.119,267.674,49.8347,-1.178
257690,268.119,267.674,49.8347,-1.178
257700,268.119,267.674,49.8347,-1.178
257710,268.523,267.867,49.8347,-3.36303
257720,267.886,267.867,49.8347,-1.178
257730,267.886,267.867,49.8347,-1.178
257740,267.886,267.867,9.90402,-1.178
257750,267.886,267.867,33.7747,-1.178
257760,267.886,267.867,24.4366,-1.178
257770,267.886,267.867,86.4851,-1.178
257780,267.886,267.867,86.4851,-1.178
257790,267.886,267.867,86.4851,-1.178
257800,268.009,267.867,86.4851,-1.178
257810,267.932,267.867,86.4851,-1.178
257820,267.932,267.867,74.7423,-1.178
257830,267.932,267.867,74.0289,-1.178
257840,267.932,267.867,47.9939,-1.178
257850,267.932,267.867,47.9939,-1.178
257860,267.932,267.867,87.119,-1.178
257870,267.932,267.867,81.8969,-1.178
257880,267.932,267.867,81.8969,-1.178
257890,267.932,267.867,87.8534,-1.178
257900,267.932,267.867,87.8534,-1.178
257910,267.932,267.867,33.1616,-1.178
257920,267.932,267.867,83.7466,-1.178
257930,267.907,267.867,83.7466,-1.178
257940,267.942,267.867,6.48554,-1.178
257950,267.942,267.867,48.8816,-1.178
257960,268.062,267.867,48.8816,-1.178
257970,268.062,267.867,48.8816,-1.178
257980,268.062,267.867,48.8816,-1.178
257990,267.886,267.867,48.8816,-1.178
258000,267.886,267.867,96.285,-1.178
258010,267.886,267.764,96.285,-1.178
258020,267.886,267.764,7.01023,-1.178
258030,268.059,267.976,7.01023,-1.178
258040,268.331,267.976,7.01023,-1.178
258050,268.331,267.976,7.01023,-1.178
258060,268.331,267.976,7.01023,-1.178
258070,268.593,268.097,84.9903,-3.36303
258080,268.593,266.272,84.9903,-7.49676
258090,267.186,266.275,84.9903,-5.42989
258100,267.186,266.275,84.9903,-5.42989
258110,267.186,264.248,73.6667,-7.49676
258120,267.186,265.886,23.3931,-3.36303
258130,267.54,266.534,19.8525,-3.36303
258140,267.626,266.534,19.8525,-3.36303
258150,267.626,266.934,19.8525,-3.36303
258160,267.626,266.934,19.8525,-3.36303
258170,267.626,267.131,19.8525,-1.178
258180,267.626,267.266,54.1179,-1.178
258190,268.213,267.266,54.1179,-3.36303
258200,268.213,267.266,54.1179,-3.36303
258210,268.213,267.535,54.1179,-3.36303
258220,267.855,267.535,54.1179,-1.178
258230,267.606,267.535,2.0767,-1.178
258240,267.606,267.535,2.0767,-1.178
258250,267.802,267.535,2.0767,-1.178
258260,267.802,267.535,50.8006,-1.178
258270,267.802,267.535,101.713,-3.36303
258280,267.802,267.535,29.4359,-1.178
258290,267.89,267.851,29.4359,-1.178
258300,267.89,267.851,119.203,-1.178
258310,267.89,267.851,119.203,-1.178
258320,268.477,268.027,16.6291,-1.178
258330,268.36,268.202,1.41719,-1.178
258340,268.36,267.892,1.41719,-1.178
258350,268.36,267.789,1.41719,-1.178
258360,268.36,267.789,1.41719,-1.178
258370,268.961,268.36,1.41719,-1.178
258380,268.961,268.36,1.41719,-1.178
258390,268.961,268.36,1.41719,-1.178
258400,269.513,268.895,1.41719,-1.178
258410,269.466,269.423,1.41719,-1.178
258420,269.684,269.215,1.41719,-1.178
258430,269.684,269.215,1.41719,-1.178
258440,269.684,269.215,1.41719,-1.178
258450,269.684,269.215,68.9605,-3.36303
258460,269.684,269.215,68.9605,-3.36303
258470,269.684,269.515,68.9605,-1.178
258480,269.684,269.515,68.9605,-1.178
258490,270.002,269.515,68.9605,-3.36303
258500,269.66,269.515,41.5881,-1.178
258510,269.589,269.515,16.2362,-1.178
258520,269.727,269.515,6.13874,-1.178
258530,269.727,269.515,75.3836,-1.178
258540,269.727,269.439,38.0571,-1.178
258550,269.567,269.439,38.0571,-1.178
258560,269.459,269.439,109.238,-1.178
258570,269.459,269.439,109.238,-1.178
258580,269.71,269.439,109.238,-3.36303
258590,269.71,269.439,109.238,-3.36303
258600,269.71,269.439,109.238,-3.36303
258610,269.71,269.439,85.4574,-3.36303
258620,269.71,269.439,85.4574,-3.36303
258630,269.71,269.319,85.4574,-3.36303
258640,269.71,269.259,85.4574,-3.36303
258650,270.19,269.259,58.2886,-3.36303
258660,270.069,269.259,58.2886,-3.36303
258670,270.069,269.533,58.2886,-3.36303
258680,269.648,268.648,58.2886,-5.42989
258690,269.256,268.648,58.2886,-3.36303
258700,269.256,268.648,58.2886,-3.36303
258710,269.358,268.648,0.737359,-1.178
258720,269.358,268.648,0.737359,-1.178
258730,269.358,268.879,0.737359,-1.178
258740,268.929,268.879,50.9423,-1.178
258750,268.929,268.879,57.1533,-1.178
258760,268.929,268.879,57.1533,-1.178
258770,268.929,268.77,82.3536,-1.178
258780,268.929,268.77,91.5493,-1.178
258790,268.929,268.77,21.691,-1.178
258800,268.929,268.77,21.691,-1.178
258810,268.929,268.77,21.691,-1.178
258820,268.927,268.77,21.691,-1.178
258830,268.89,268.882,21.691,-1.178
258840,268.89,268.882,21.691,-1.178
258850,268.89,268.882,110.261,-1.178
258860,268.89,268.882,110.261,-1.178
258870,268.89,268.882,110.261,-1.178
258880,268.89,268.882,110.261,-1.178
258890,268.89,268.882,44.7532,-1.178
258900,268.89,268.882,117.735,-1.178
258910,268.89,268.882,117.735,-1.178
258920,268.89,268.882,64.5064,-1.178
258930,269.191,268.882,22.0401,-1.178
258940,269.191,268.882,22.0401,-1.178
258950,269.191,268.882,72.2349,-1.178
258960,269.191,268.882,72.2349,-1.178
258970,269.191,267.636,5.87871,-3.36303
258980,267.83,267.636,22.383,-1.178
258990,268.17,267.636,22.383,-1.178
259000,268.188,267.894,22.383,-1.178
259010,268.091,268.048,22.383,-1.178
259020,269.049,268.048,42.7769,-3.36303
259030,268.982,268.048,14.7408,-3.36303
259040,268.702,268.069,3.62231,-1.178
259050,268.44,268.069,3.62231,-1.178
259060,268.273,268.069,3.62231,-1.178
259070,268.273,268.069,4.2153,-1.178
259080,268.273,267.97,4.2153,-1.178
259090,268.273,267.97,4.2153,-1.178
259100,268.273,267.97,55.6767,-1.178
259110,268.273,267.97,55.6767,-1.178
259120,268.273,267.97,75.7714,-1.178
259130,268.273,267.97,78.5996,-1.178
259140,268.273,267.97,78.5996,-1.178
259150,268.273,267.97,3.99563,-1.178
259160,268.273,267.97,48.973,-1.178
259170,268.414,267.97,48.973,-1.178
259180,268.414,268.199,48.973,-1.178
259190,268.414,268.199,84.2776,-1.178
259200,268.414,268.199,94.8712,-1.178
259210,268.414,268.199,15.002,-1.178
259220,268.414,268.274,64.7157,-1.178
259230,268.414,268.274,64.7157,-1.178
259240,268.772,268.274,36.7824,-1.178
259250,268.772,268.274,36.7824,-1.178
259260,268.772,268.617,36.7824,-1.178
259270,268.772,268.67,113.52,-1.178
259280,268.772,268.67,32.6748,-1.178
259290,268.772,268.67,91.6823,-1.178
259300,268.772,268.371,22.8977,-1.178
259310,268.772,268.371,18.8624,-1.178
259320,268.772,268.371,40.6795,-1.178
259330,268.772,268.371,68.9613,-3.36303
259340,268.772,268.371,99.9397,-3.36303
259350,268.772,268.371,99.9397,-3.36303
259360,268.772,268.371,99.9397,-3.36303
259370,268.873,266.648,34.9302,-7.49676
259380,269.66,268.76,34.9302,-3.36303
259390,269.66,268.76,6.21573,-3.36303
259400,272.376,269.829,144.795,-7.49676
259410,272.376,271.345,35.7797,-3.36303
259420,270.902,270.788,35.7797,-1.178
259430,270.811,270.788,91.3239,-1.178
259440,270.811,270.788,18.8328,-1.178
259450,270.811,270.788,18.8328,-1.178
259460,271.267,270.788,18.8328,-1.178
259470,271.015,270.788,18.8328,-1.178
259480,271.015,270.788,18.8328,-1.178
259490,271.015,270.974,18.8328,-1.178
259500,271.209,270.974,18.8328,-1.178
259510,271.209,270.974,18.8328,-1.178
259520,271.209,271.16,18.8328,-1.178
259530,271.334,271.16,4.46791,-1.178
259540,271.521,271.16,4.46791,-1.178
259550,271.521,271.467,26.6223,-1.178
259560,271.521,271.463,26.6223,-1.178
259570,271.616,271.108,26.6223,-1.178
259580,271.616,271.108,26.6223,-1.178
259590,271.616,271.194,26.6223,-1.178
259600,271.385,271.194,4.05056,-1.178
259610,271.385,270.195,4.05056,-3.36303
259620,271.385,270.195,70.8648,-5.42989
259630,271.385,270.195,70.8648,-5.42989
259640,270.296,270.195,70.8648,-1.178
259650,270.296,270.195,70.8648,-1.178
259660,270.224,270.06,70.8648,-1.178
259670,270.224,270.06,70.8648,-1.178
259680,270.224,270.06,70.8648,-1.178
259690,270.277,270.06,19.1848,-1.178
259700,270.277,270.06,50.5817,-1.178
259710,270.277,270.06,28.8703,-1.178
259720,270.277,270.06,28.8703,-1.178
259730,270.277,270.06,64.4544,-1.178
259740,270.277,270.06,6.99477,-1.178
259750,270.665,270.06,6.99477,-1.178
259760,270.376,269.65,6.99477,-3.36303
259770,271.097,269.65,6.99477,-3.36303
259780,271.097,270.9,6.99477,-1.178
259790,271.37,270.9,35.1237,-1.178
259800,271.37,270.974,35.1237,-1.178
259810,271.37,270.974,35.1237,-1.178
259820,271.37,270.974,35.1237,-1.178
259830,271.37,270.974,35.1237,-1.178
259840,271.265,270.974,35.1237,-1.178
259850,271.265,270.974,35.1237,-1.178
259860,271.265,271.035,35.1237,-1.178
259870,271.184,271.035,35.1237,-1.178
259880,271.184,271.035,105.662,-1.178
259890,271.184,271.035,105.662,-1.178
259900,271.184,271.035,105.662,-1.178
259910,271.07,271.035,1.0911,-1.178
259920,271.07,271.035,117.933,-1.178
259930,271.07,271.035,117.933,-1.178
259940,271.07,271.035,117.933,-1.178
259950,271.07,271.035,45.4547,-1.178
259960,271.07,271.035,45.4547,-1.178
259970,270.964,270.887,4.53744,-1.178
259980,270.964,270.887,13.7888,-1.178
259990,270.95,270.887,13.7888,-1.178
260000,270.95,270.893,124.173,-1.178
260010,270.95,270.893,124.173,-1.178
260020,270.95,270.893,124.173,-1.178
260030,270.95,270.893,124.173,-1.178
260040,270.95,270.893,124.173,-1.178
260050,270.95,270.893,56.6411,-1.178
260060,270.95,270.893,101.655,-1.178
260070,270.959,270.893,101.655,-1.178
260080,270.959,270.893,86.7585,-1.178
260090,270.979,270.893,60.2721,-1.178
260100,271.018,270.893,60.2721,-1.178
260110,271.018,270.893,60.2721,-1.178
260120,271.018,270.957,60.2721,-1.178
260130,271.039,270.957,60.2721,-1.178
260140,271.67,270.957,60.2721,-3.36303
260150,271.67,270.957,60.2721,-3.36303
260160,271.626,270.722,26.6137,-3.36303
260170,271.626,270.722,26.6137,-3.36303
260180,270.633,270.632,26.6137,-1.178
260190,270.633,270.632,111.221,-1.178
260200,270.633,270.632,111.221,-1.178
260210,270.633,270.632,111.221,-1.178
260220,270.633,270.632,111.221,-1.178
260230,270.633,270.632,111.221,-1.178
260240,270.633,270.632,111.221,-1.178
260250,270.884,270.632,65.8667,-1.178
260260,270.884,270.632,65.8667,-1.178
260270,270.726,270.632,65.8667,-1.178
260280,270.899,270.632,65.8667,-1.178
260290,270.899,270.632,67.7154,-1.178
260300,270.899,270.632,67.7154,-1.178
260310,270.899,270.632,70.1496,-1.178
260320,270.899,270.632,30.535,-1.178
260330,270.899,270.632,4.57167,-1.178
260340,269.819,268.457,4.57167,-3.36303
260350,269.403,268.341,4.57167,-3.36303
260360,269.403,268.341,4.57167,-3.36303
260370,269.758,268.624,4.57167,-3.36303
260380,269.758,268.184,4.57167,-5.42989
260390,269.694,269.363,4.57167,-1.178
260400,271.292,269.956,4.57167,-3.36303
260410,271.878,270.437,4.57167,-3.36303
260420,271.34,271.297,4.57167,-1.178
260430,271.34,271.297,4.57167,-1.178
260440,271.34,271.319,4.57167,-1.178
260450,271.34,271.319,49.8911,-1.178
260460,271.34,271.319,49.8911,-1.178
260470,271.34,271.319,49.8911,-1.178
260480,271.34,271.319,74.8652,-1.178
260490,271.34,271.319,101.729,-1.178
260500,271.34,271.319,20.1876,-1.178
260510,271.822,271.319,20.1876,-1.178
260520,271.822,271.319,20.1876,-1.178
260530,271.822,271.319,20.1876,-1.178
260540,271.608,271.319,20.1876,-1.178
260550,271.608,271.105,20.1876,-1.178
260560,271.608,271.105,23.8263,-1.178
260570,271.608,271.105,29.2169,-1.178
260580,271.608,270.778,1.24363,-3.36303
260590,271.363,270.778,1.24363,-1.178
260600,270.846,270.778,81.1266,-1.178
260610,270.846,270.778,32.0835,-1.178
260620,270.846,270.32,32.0835,-1.178
260630,270.846,270.32,32.0835,-1.178
260640,270.846,270.32,22.585,-1.178
260650,270.846,270.456,22.585,-1.178
260660,270.846,270.456,22.585,-1.178
260670,270.846,270.456,22.585,-1.178
260680,270.846,270.421,22.585,-1.178
260690,270.846,270.421,22.585,-1.178
260700,270.529,270.005,22.585,-1.178
260710,270.529,270.045,22.585,-1.178
260720,270.529,270.045,82.0408,-3.36303
260730,270.529,270.268,61.6112,-1.178
260740,270.529,270.268,61.6112,-1.178
260750,270.529,270.268,73.3145,-1.178
260760,270.529,270.212,73.3145,-1.178
260770,270.529,270.46,73.3145,-1.178
260780,271.172,270.143,18.0834,-3.36303
260790,270.672,270.143,18.0834,-1.178
260800,270.672,270.143,18.0834,-1.178
260810,270.201,270.143,18.0834,-1.178
260820,270.58,270.143,18.0834,-1.178
260830,270.58,270.14,18.0834,-1.178
260840,270.58,270.469,18.0834,-1.178
260850,271.018,270.469,93.5387,-5.42989
260860,270.885,270.469,53.9411,-1.178
260870,270.885,270.469,28.9909,-1.178
260880,270.639,270.469,37.5051,-1.178
260890,270.639,270.443,91.7634,-1.178
260900,270.639,270.443,91.7634,-1.178
260910,270.639,270.443,37.7207,-1.178
260920,270.639,270.431,37.7207,-1.178
260930,270.639,270.431,37.7207,-1.178
260940,270.639,270.431,37.7207,-1.178
260950,270.639,270.431,24.7205,-1.178
260960,270.488,270.279,24.7205,-1.178
260970,270.488,270.279,82.4006,-1.178
260980,270.488,270.279,79.875,-1.178
260990,270.408,270.279,78.3699,-1.178
261000,270.408,270.279,78.3699,-1.178
261010,270.563,270.279,12.3511,-1.178
261020,270.868,270.329,12.3511,-1.178
261030,270.68,270.62,12.3511,-1.178
261040,270.68,270.62,27.5185,-1.178
261050,270.68,270.31,31.936,-1.178
261060,270.68,270.31,31.936,-1.178
261070,270.494,270.488,31.936,-1.178
261080,270.494,270.488,50.1608,-1.178
261090,270.71,270.488,83.6304,-1.178
261100,270.756,270.488,83.6304,-1.178
261110,270.756,270.488,79.9244,-1.178
261120,270.902,270.846,79.9244,-1.178
261130,270.902,270.846,79.9244,-1.178
261140,270.902,270.817,110.343,-1.178
261150,270.902,270.817,110.343,-1.178
261160,270.902,270.812,50.2182,-1.178
261170,271.195,270.812,50.2182,-1.178
261180,271.195,270.812,50.2182,-1.178
261190,271.195,270.812,50.2182,-1.178
261200,271.195,270.812,50.2182,-1.178
261210,271.195,270.812,50.2182,-1.178
261220,271.195,270.812,27.6862,-1.178
261230,271.046,270.812,27.6862,-1.178
261240,271.046,270.939,27.6862,-1.178
261250,271.099,270.939,27.6862,-1.178
261260,271.099,270.939,40.5216,-1.178
261270,271.099,270.939,40.5216,-1.178
261280,271.099,270.939,40.5216,-1.178
261290,271.099,270.939,40.5216,-1.178
261300,271.099,270.939,40.5216,-1.178
261310,271.099,270.939,40.5216,-1.178
261320,271.099,270.939,40.5216,-1.178
261330,271.099,270.939,39.9026,-1.178
261340,271.099,270.855,11.5028,-1.178
261350,271.099,270.855,26.7232,-1.178
261360,271.099,270.855,26.7232,-1.178
261370,271.099,270.839,37.3005,-1.178
261380,271.099,270.963,37.3005,-1.178
261390,271.099,270.963,37.3005,-1.178
261400,271.099,270.963,45.7103,-1.178
261410,271.099,270.963,62.9161,-1.178
261420,270.981,270.963,66.1316,-1.178
261430,270.981,270.963,5.93246,-1.178
261440,270.981,270.963,5.93246,-1.178
261450,270.981,270.963,49.4304,-1.178
261460,270.981,270.963,63.0365,-1.178
261470,270.981,270.812,63.0365,-1.178
261480,270.981,270.812,74.0378,-1.178
261490,270.981,270.812,74.0378,-1.178
261500,270.981,270.812,28.788,-1.178
261510,270.981,270.812,28.788,-1.178
261520,271.322,270.812,28.788,-1.178
261530,271.322,270.864,28.788,-1.178
261540,271.024,270.864,101.603,-1.178
261550,271.024,270.906,120.669,-3.36303
261560,270.938,270.906,11.5855,-1.178
261570,270.938,270.906,119.229,-1.178
261580,270.938,270.906,40.2181,-1.178
261590,271.169,270.906,40.2181,-1.178
261600,271.169,270.906,40.2181,-1.178
261610,271.169,270.906,40.2181,-1.178
261620,271.161,270.906,35.4033,-1.178
261630,271.056,270.906,35.4033,-1.178
261640,271.056,270.906,35.4033,-1.178
261650,271.056,270.906,25.242,-1.178
261660,271.056,270.906,11.2735,-1.178
261670,271.163,271.03,11.2735,-1.178
261680,272.104,271.03,11.2735,-3.36303
261690,272.066,272.001,11.2735,-1.178
261700,272.066,271.603,11.2735,-1.178
261710,272.066,271.603,11.2735,-1.178
261720,271.787,271.377,11.2735,-1.178
261730,271.786,271.377,11.2735,-1.178
261740,271.897,271.377,11.2735,-1.178
261750,271.897,271.377,3.79713,-1.178
261760,271.897,271.514,3.79713,-1.178
261770,271.897,271.502,3.79713,-1.178
261780,271.897,271.502,51.1875,-1.178
261790,271.939,271.502,51.1875,-1.178
261800,271.939,271.502,51.1875,-1.178
261810,271.939,271.502,51.1875,-1.178
261820,271.939,271.502,51.1875,-1.178
261830,271.939,270.998,51.1875,-3.36303
261840,271.126,270.998,51.1875,-1.178
261850,271.126,270.998,69.9393,-1.178
261860,271.357,270.998,69.9393,-3.36303
261870,271.074,270.998,66.8825,-1.178
261880,271.074,270.998,79.5663,-1.178
261890,271.074,270.998,79.5663,-1.178
261900,271.498,270.998,79.5663,-3.36303
261910,271.603,270.998,66.0476,-3.36303
261920,271.335,270.998,67.5567,-1.178
261930,271.335,270.998,43.535,-1.178
261940,271.223,271.154,2.84384,-1.178
261950,271.223,271.154,2.84384,-1.178
261960,271.223,271.154,50.7909,-1.178
261970,271.223,271.154,50.7909,-1.178
261980,271.223,271.154,50.7909,-1.178
261990,271.223,271.154,50.7909,-1.178
262000,271.223,271.154,50.7909,-1.178
262010,271.223,271.154,50.7909,-1.178
262020,271.461,270.489,30.5672,-3.36303
262030,271.461,270.489,30.5672,-3.36303
262040,270.945,270.489,30.5672,-1.178
262050,270.945,270.489,30.5672,-1.178
262060,270.945,270.656,30.5672,-1.178
262070,270.945,270.131,30.5672,-3.36303
262080,270.945,270.824,30.5672,-1.178
262090,270.945,270.824,30.5672,-1.178
262100,270.945,270.824,1.85932,-1.178
262110,270.945,270.824,1.85932,-1.178
262120,271.425,270.824,1.85932,-1.178
262130,271.425,270.824,1.85932,-1.178
262140,271.566,270.903,47.8859,-3.36303
262150,271.566,270.903,33.2673,-3.36303
262160,271.153,270.461,75.9416,-3.36303
262170,271.153,271.124,75.9416,-1.178
262180,271.153,271.124,75.9416,-1.178
262190,271.648,271.124,5.40121,-1.178
262200,271.648,271.124,5.40121,-1.178
262210,271.648,271.177,5.40121,-1.178
262220,271.648,271.64,5.40121,-1.178
262230,271.648,271.64,5.40121,-1.178
262240,271.648,271.64,132.385,-1.178
262250,271.648,271.64,68.9673,-1.178
262260,271.742,271.64,108.667,-1.178
262270,271.742,271.64,110.75,-1.178
262280,271.742,271.641,110.75,-1.178
262290,271.742,271.641,105.338,-1.178
262300,271.681,271.641,110.505,-1.178
262310,271.681,271.641,110.505,-1.178
262320,271.681,271.641,110.505,-1.178
262330,271.681,271.641,86.8597,-1.178
262340,271.869,271.641,86.8597,-1.178
262350,271.869,271.641,86.8597,-1.178
262360,271.869,271.641,86.8597,-1.178
262370,271.869,271.641,86.8597,-1.178
262380,271.784,271.641,86.8597,-1.178
262390,271.653,271.641,86.8597,-1.178
262400,271.653,271.627,86.8597,-1.178
262410,271.653,271.627,86.8597,-1.178
262420,271.653,271.627,65.1821,-1.178
262430,271.653,271.627,104.708,-1.178
262440,271.653,271.627,104.708,-1.178
262450,271.659,271.627,104.708,-1.178
262460,271.783,271.627,104.708,-1.178
262470,271.783,271.627,104.708,-1.178
262480,271.783,271.627,104.708,-1.178
262490,271.886,271.627,29.1027,-1.178
262500,271.886,271.516,29.1027,-1.178
262510,271.886,271.516,31.1841,-1.178
262520,271.886,271.516,10.1442,-1.178
262530,271.886,271.516,51.7684,-1.178
262540,271.886,271.516,51.7684,-1.178
262550,271.886,271.516,51.7684,-1.178
262560,271.886,271.516,51.7684,-1.178
262570,271.886,271.607,51.7684,-1.178
262580,271.886,271.607,35.1411,-1.178
262590,271.886,271.607,35.1411,-1.178
262600,271.886,271.607,33.2356,-1.178
262610,271.886,271.607,73.3447,-1.178
262620,271.919,271.607,73.3447,-1.178
262630,271.919,271.607,73.3447,-1.178
262640,271.919,271.607,73.3447,-1.178
262650,271.919,271.607,37.1411,-1.178
262660,271.919,271.607,37.1411,-1.178
262670,272.152,271.607,37.1411,-3.36303
262680,272.547,271.692,37.1411,-3.36303
262690,271.773,271.692,37.1411,-1.178
262700,271.773,271.692,60.3912,-1.178
262710,271.773,271.692,60.3912,-1.178
262720,271.773,271.692,60.3912,-1.178
262730,271.814,271.692,76.2649,-1.178
262740,271.936,271.692,76.2649,-1.178
262750,272.242,271.076,76.2649,-5.42989
262760,272.775,272.223,76.2649,-3.36303
262770,272.775,272.767,76.2649,-1.178
262780,272.775,272.695,90.4588,-1.178
262790,272.775,272.695,15.3557,-1.178
262800,272.775,272.595,15.3557,-1.178
262810,272.775,272.595,86.2714,-1.178
262820,273.163,272.595,86.2714,-3.36303
262830,273.163,272.595,86.2714,-3.36303
262840,273.163,272.691,86.2714,-3.36303
262850,273.163,272.691,41.2111,-1.178
262860,273.163,272.691,41.2111,-1.178
262870,273.183,272.691,41.2111,-1.178
262880,273.183,272.691,41.2111,-1.178
262890,272.961,272.691,74.0494,-1.178
262900,272.827,272.691,74.0494,-1.178
262910,272.827,272.691,74.0494,-1.178
262920,272.827,272.691,74.0494,-1.178
262930,272.827,272.691,104.806,-1.178
262940,272.827,272.691,104.806,-1.178
262950,272.827,272.691,4.58203,-1.178
262960,272.827,272.691,13.6244,-1.178
262970,272.827,272.524,13.6244,-1.178
262980,272.827,272.347,13.6244,-1.178
262990,272.827,272.347,13.6244,-1.178
263000,274.558,272.347,13.6244,-5.42989
263010,274.558,274.499,0.893719,-1.178
263020,274.558,274.346,0.893719,-1.178
263030,274.558,274.346,0.893719,-1.178
263040,275.016,274.502,0.893719,-1.178
263050,275.016,274.57,15.1333,-1.178
263060,275.016,274.57,26.5257,-1.178
263070,275.016,274.57,9.32983,-1.178
263080,274.633,274.57,10.4809,-1.178
263090,274.633,274.57,10.4809,-1.178
263100,274.633,274.57,12.8498,-1.178
263110,275.179,274.57,12.8498,-1.178
263120,275.179,274.355,12.8498,-3.36303
263130,275.622,274.355,12.8498,-3.36303
263140,274.928,274.355,12.8498,-1.178
263150,276.415,274.355,12.8498,-5.42989
263160,275.02,274.355,12.8498,-3.36303
263170,275.96,275.844,12.8498,-1.178
263180,275.96,275.844,11.6419,-1.178
263190,275.96,275.844,27.4272,-1.178
263200,275.96,275.844,13.3063,-1.178
263210,275.96,275.9,49.496,-1.178
263220,275.96,275.9,49.496,-1.178
263230,275.96,275.9,49.496,-1.178
263240,275.96,275.9,112.19,-1.178
263250,275.96,275.9,112.19,-1.178
263260,278.321,276.252,112.19,-7.49676
263270,275.626,275.197,87.7663,-3.36303
263280,275.626,275.197,87.7663,-3.36303
263290,275.626,275.197,91.2372,-3.36303
263300,275.626,275.197,39.0354,-1.178
263310,274.662,274.537,43.6602,-1.178
263320,274.662,274.537,106.953,-1.178
263330,274.662,274.537,106.953,-1.178
263340,274.662,274.591,88.2499,-1.178
263350,275.864,274.591,141.408,-7.49676
263360,275.045,274.935,128.921,-5.42989
263370,275.045,274.935,65.284,-1.178
263380,275.045,274.935,65.284,-1.178
263390,275.045,274.935,123.259,-3.36303
263400,275.045,274.935,45.6414,-1.178
263410,275.346,274.935,45.6414,-1.178
263420,275.569,274.935,4.95336,-1.178
263430,275.569,274.935,4.95336,-1.178
263440,275.239,275.102,47.2993,-1.178
263450,275.239,275.102,108.506,-1.178
263460,275.738,275.102,50.3273,-3.36303
263470,275.738,274.733,50.3273,-3.36303
263480,275.738,274.733,50.3273,-3.36303
263490,275.966,274.733,50.3273,-5.42989
263500,275.966,273.464,50.3273,-7.49676
263510,275.227,273.217,50.3273,-7.49676
263520,272.874,272.638,50.3273,-1.178
263530,272.874,272.638,50.3273,-1.178
263540,272.874,272.638,50.3273,-1.178
263550,272.874,272.638,50.3273,-1.178
263560,272.874,272.638,66.4422,-1.178
263570,272.874,272.638,66.4422,-1.178
263580,272.874,272.638,66.4422,-1.178
263590,272.874,272.638,66.4422,-1.178
263600,272.874,272.728,29.6185,-1.178
263610,272.874,272.728,29.6185,-1.178
263620,272.798,272.604,32.3036,-1.178
263630,272.798,272.604,24.2931,-1.178
263640,272.798,272.604,17.2177,-1.178
263650,272.798,272.604,17.2177,-1.178
263660,272.798,272.186,17.2177,-1.178
263670,272.382,272.186,38.0686,-1.178
263680,272.382,272.186,97.4559,-1.178
263690,272.382,272.186,97.4559,-1.178
263700,272.382,272.186,97.4559,-1.178
263710,272.382,272.186,64.6005,-1.178
263720,272.382,272.186,92.841,-1.178
263730,272.382,272.359,94.8259,-1.178
263740,272.382,272.359,94.8259,-1.178
263750,272.382,272.359,69.325,-1.178
263760,272.382,272.359,69.325,-1.178
263770,272.382,272.359,69.325,-1.178
263780,272.382,272.359,132.168,-1.178
263790,272.382,272.345,8.94185,-1.178
263800,272.382,272.345,8.94185,-1.178
263810,272.382,272.345,113.256,-1.178
263820,272.382,272.345,113.256,-1.178
263830,272.382,272.345,113.256,-1.178
263840,272.382,272.345,81.2872,-1.178
263850,272.382,272.345,28.8361,-1.178
263860,272.382,272.345,28.8361,-1.178
263870,272.382,272.345,116.638,-1.178
263880,272.382,272.345,27.9632,-1.178
263890,272.382,272.345,27.9632,-1.178
263900,272.382,272.345,58.4853,-1.178
263910,272.382,272.345,63.7986,-1.178
263920,272.421,272.345,88.4817,-1.178
263930,272.421,272.345,117.026,-1.178
263940,272.421,272.345,47.2809,-1.178
263950,272.421,272.345,47.2809,-1.178
263960,272.421,272.345,47.2809,-1.178
263970,272.421,272.345,25.3756,-1.178
263980,272.421,272.345,67.1001,-1.178
263990,272.421,272.345,97.9462,-1.178
264000,272.447,272.345,97.9462,-1.178
264010,272.447,272.345,25.4587,-1.178
264020,272.447,272.04,25.4587,-1.178
264030,272.447,272.132,25.4587,-1.178
264040,272.636,272.132,25.4587,-1.178
264050,272.636,271.583,10.3037,-3.36303
264060,272.636,271.583,10.3037,-3.36303
264070,271.654,271.076,0.374873,-1.178
264080,271.654,271.647,0.374873,-1.178
264090,272.248,271.647,0.374873,-1.178
264100,272.248,271.741,0.374873,-1.178
264110,272.009,271.741,0.374873,-1.178
264120,272.009,271.741,65.1081,-1.178
264130,272.09,271.741,50.8687,-1.178
264140,272.09,271.741,36.8591,-1.178
264150,271.975,271.741,59.9369,-1.178
264160,271.975,271.741,1.87173,-1.178
264170,272.056,271.682,1.87173,-1.178
264180,272.283,271.682,1.87173,-1.178
264190,271.981,271.682,1.87173,-1.178
264200,271.981,271.682,1.87173,-1.178
264210,271.981,271.682,75.208,-1.178
264220,271.981,271.682,75.208,-1.178
264230,271.981,271.682,15.2635,-1.178
264240,271.981,271.682,15.2635,-1.178
264250,271.981,271.682,15.2635,-1.178
264260,271.981,271.964,51.1743,-1.178
264270,271.981,271.964,51.1743,-1.178
264280,271.981,271.964,40.0251,-1.178
264290,271.981,271.964,40.0251,-1.178
264300,271.981,271.911,40.0251,-1.178
264310,271.981,271.911,120.963,-1.178
264320,271.981,271.911,56.813,-1.178
264330,271.981,271.911,63.2546,-1.178
264340,272.072,271.911,63.2546,-1.178
264350,271.992,271.911,63.2546,-1.178
264360,271.992,271.911,4.97735,-1.178
264370,271.992,271.911,78.4129,-1.178
264380,272.066,271.911,59.1806,-1.178
264390,272.066,271.911,59.1806,-1.178
264400,272.066,271.911,42.475,-1.178
264410,272.066,271.911,55.943,-1.178
264420,272.066,271.976,57.5477,-1.178
264430,272.284,271.976,57.5477,-1.178
264440,272.093,271.976,16.3767,-1.178
264450,272.518,272.037,16.3767,-1.178
264460,272.518,272.037,88.0488,-3.36303
264470,272.462,272.037,61.391,-3.36303
264480,272.462,272.037,26.3571,-1.178
264490,272.462,272.037,33.047,-1.178
264500,272.462,272.369,33.047,-1.178
264510,272.462,272.369,33.047,-1.178
264520,272.462,272.367,40.8418,-1.178
264530,272.462,271.971,78.657,-3.36303
264540,272.462,271.971,78.657,-3.36303
264550,272.133,271.971,78.657,-1.178
264560,272.133,271.971,78.657,-1.178
264570,272.133,271.971,78.657,-1.178
264580,272.133,271.971,78.657,-1.178
264590,272.086,271.971,78.657,-1.178
264600,272.227,271.971,78.657,-1.178
264610,272.227,271.971,80.8457,-1.178
264620,271.977,271.971,80.8457,-1.178
264630,271.977,271.971,16.7196,-1.178
264640,271.977,270.748,16.7196,-3.36303
264650,272.682,270.979,16.7196,-5.42989
264660,271.628,271.326,16.7196,-1.178
264670,271.628,271.249,16.7196,-1.178
264680,271.628,271.249,16.7196,-1.178
264690,271.946,271.249,16.7196,-3.36303
264700,271.767,271.249,16.7196,-1.178
264710,271.767,271.249,16.7196,-1.178
264720,271.767,271.249,16.7196,-1.178
264730,271.767,271.249,33.5387,-1.178
264740,271.767,271.249,33.5387,-1.178
264750,271.767,271.249,5.10457,-1.178
264760,271.767,271.599,5.10457,-1.178
264770,272.255,271.914,5.10457,-1.178
264780,272.255,271.914,5.10457,-1.178
264790,272.255,271.914,5.10457,-1.178
264800,273.031,272.021,5.10457,-3.36303
264810,273.346,271.963,5.10457,-3.36303
264820,272.596,271.963,5.10457,-1.178
264830,274.213,271.963,5.10457,-5.42989
264840,274.246,272.755,5.10457,-3.36303
264850,274.246,272.755,105.343,-7.49676
264860,273.991,272.755,186.517,-7.49676
264870,274.276,272.755,130.737,-7.49676
264880,274.415,272.755,13.0786,-5.42989
264890,274.159,273.781,13.0786,-1.178
264900,274.159,273.891,13.0786,-1.178
264910,274.312,274.296,13.0786,-1.178
264920,274.687,274.296,4.41992,-1.178
264930,274.687,274.109,4.41992,-1.178
264940,274.687,274.067,4.41992,-1.178
264950,274.687,274.067,4.41992,-1.178
264960,274.628,274.067,4.41992,-1.178
264970,274.628,274.067,4.41992,-1.178
264980,274.628,274.067,13.1908,-1.178
264990,274.628,274.075,13.1908,-1.178
265000,274.628,274.075,13.1908,-1.178
265010,274.628,274.075,0.074619,-1.178
265020,274.628,273.563,0.074619,-3.36303
265030,275.016,274.694,0.074619,-1.178
265040,275.016,274.694,0.074619,-1.178
265050,275.172,274.544,0.074619,-1.178
265060,275.172,274.544,0.074619,-1.178
265070,275.172,274.544,0.074619,-1.178
265080,275.172,274.544,0.074619,-1.178
265090,274.844,274.544,0.074619,-1.178
265100,274.844,274.626,0.074619,-1.178
265110,274.855,274.626,82.5578,-1.178
265120,274.855,274.492,19.3653,-1.178
265130,275.012,274.492,10.2797,-1.178
265140,275.012,274.648,10.2797,-1.178
265150,275.012,274.648,10.2797,-1.178
265160,274.725,274.648,32.2534,-1.178
265170,274.725,274.498,65.6054,-1.178
265180,274.725,274.358,65.6054,-1.178
265190,274.725,274.349,65.6054,-3.36303
265200,274.382,274.349,36.0551,-1.178
265210,274.685,274.349,36.6221,-1.178
265220,274.685,274.349,36.6221,-1.178
265230,274.685,274.349,36.6221,-1.178
265240,274.744,274.349,36.6221,-1.178
265250,274.744,274.349,10.1808,-1.178
265260,274.744,273.418,10.1808,-3.36303
265270,274.744,272.604,10.1808,-5.42989
265280,273.97,273.051,10.1808,-3.36303
265290,273.917,273.051,10.1808,-3.36303
265300,273.548,273.051,10.1808,-1.178
265310,273.601,273.108,10.1808,-1.178
265320,272.815,272.074,10.1808,-3.36303
265330,272.815,271.903,10.1808,-3.36303
265340,272.815,271.918,10.1808,-3.36303
265350,272.815,271.74,10.1808,-3.36303
265360,272.362,271.805,10.1808,-1.178
265370,272.362,271.029,10.1808,-3.36303
265380,271.434,271.029,10.1808,-1.178
265390,271.106,271.029,104.751,-1.178
265400,271.106,271.029,42.3456,-1.178
265410,271.265,270.811,42.3456,-1.178
265420,271.265,270.811,42.3456,-1.178
265430,271.174,270.821,42.3456,-1.178
265440,271.174,271.03,94.9327,-1.178
265450,271.165,271.03,84.6576,-1.178
265460,271.165,271.03,36.0969,-1.178
265470,271.165,271.03,36.0969,-1.178
265480,271.248,271.03,79.1593,-1.178
265490,271.248,271.03,79.1593,-1.178
265500,271.248,270.845,56.3073,-1.178
265510,271.248,270.845,55.9841,-1.178
265520,271.248,270.967,55.9841,-1.178
265530,271.248,271.034,55.9841,-1.178
265540,271.248,271.034,29.4219,-1.178
265550,271.248,271.072,29.4219,-1.178
265560,271.393,271.072,9.17792,-1.178
265570,271.393,270.885,9.17792,-1.178
265580,271.125,270.885,65.9233,-1.178
265590,271.125,270.885,65.9233,-1.178
265600,271.125,270.885,65.9233,-1.178
265610,271.125,270.885,81.088,-1.178
265620,271.662,270.885,35.2512,-3.36303
265630,271.662,271.589,53.7907,-1.178
265640,271.662,271.589,122.362,-1.178
265650,271.662,271.491,74.7667,-1.178
265660,271.822,271.491,6.28989,-1.178
265670,271.55,271.349,67.5232,-1.178
265680,271.55,271.421,28.0385,-1.178
265690,271.82,271.421,35.5443,-1.178
265700,271.82,271.421,35.5443,-1.178
265710,271.432,271.421,13.8392,-1.178
265720,271.432,271.421,3.7753,-1.178
265730,271.432,271.203,3.7753,-1.178
265740,271.673,271.203,3.7753,-1.178
265750,272.02,269.024,41.4453,-7.49676
265760,272.02,271.996,19.9902,-1.178
265770,272.02,271.996,19.9902,-1.178
265780,272.02,271.783,19.9902,-1.178
265790,272.27,271.783,6.20247,-1.178
265800,272.27,271.687,12.7708,-1.178
265810,272.27,272.116,80.9977,-1.178
265820,272.524,272.116,50.1204,-1.178
265830,272.524,272.116,25.518,-1.178
265840,272.513,272.116,25.518,-1.178
265850,272.513,272.116,25.518,-1.178
265860,271.685,270.665,25.518,-3.36303
265870,271.006,270.637,25.518,-1.178
265880,271.236,269.447,25.518,-5.42989
265890,270.3,269.447,25.518,-3.36303
265900,270.3,270.029,25.518,-1.178
265910,270.303,270.029,83.9758,-1.178
265920,270.303,270.029,83.9758,-1.178
265930,270.303,270.029,83.9758,-1.178
265940,270.303,270.029,83.9758,-1.178
265950,270.303,270.029,83.9758,-1.178
265960,270.303,270.301,83.9758,-1.178
265970,270.303,270.301,107.233,-1.178
265980,270.303,270.301,69.4265,-1.178
265990,270.303,270.301,121.377,-1.178
266000,270.303,270.301,73.7557,-1.178
266010,270.303,270.301,50.3049,-1.178
266020,270.303,270.301,19.186,-1.178
266030,270.303,270.301,89.6097,-1.178
266040,270.303,270.301,90.2575,-1.178
266050,270.303,270.167,90.2575,-1.178
266060,270.303,270.167,72.9802,-1.178
266070,270.303,270.282,72.9802,-1.178
266080,270.303,270.282,72.9802,-1.178
266090,270.303,270.272,72.9802,-1.178
266100,270.303,270.272,72.9802,-1.178
266110,270.303,270.272,72.9802,-1.178
266120,270.303,270.272,72.9802,-1.178
266130,270.303,270.272,72.9802,-1.178
266140,270.303,270.272,63.9039,-1.178
266150,270.303,270.272,126.271,-1.178
266160,270.303,270.272,93.7005,-1.178
266170,270.303,270.272,93.7005,-1.178
266180,270.303,270.272,36.5304,-1.178
266190,270.549,270.233,21.6935,-1.178
266200,272.398,270.233,24.8052,-5.42989
266210,270.765,270.422,19.4266,-1.178
266220,270.765,270.422,19.4266,-1.178
266230,270.765,270.422,60.0742,-1.178
266240,270.765,270.422,43.754,-1.178
266250,270.869,270.422,43.754,-1.178
266260,270.869,270.422,29.0744,-1.178
266270,270.869,270.422,29.0744,-1.178
266280,270.869,270.422,29.0744,-1.178
266290,270.869,270.422,29.0744,-1.178
266300,272.601,270.422,29.0744,-5.42989
266310,271.404,270.422,29.0744,-3.36303
266320,270.558,270.422,29.0744,-1.178
266330,270.532,270.422,72.8167,-1.178
266340,270.532,270.422,72.8167,-1.178
266350,270.532,270.422,72.3621,-1.178
266360,270.532,270.422,36.0444,-1.178
266370,270.532,270.062,36.0444,-1.178
266380,270.756,270.062,36.0444,-3.36303
266390,270.777,270.324,36.0444,-1.178
266400,270.777,270.563,36.0444,-1.178
266410,270.777,270.341,36.0444,-1.178
266420,270.952,270.622,36.0444,-1.178
266430,270.952,270.622,68.57,-1.178
266440,270.952,270.622,56.8377,-1.178
266450,270.952,270.622,56.8377,-1.178
266460,270.871,270.622,56.8377,-1.178
266470,270.65,270.622,125.905,-1.178
266480,270.65,270.622,125.905,-1.178
266490,270.65,270.622,125.905,-1.178
266500,270.65,270.622,125.905,-1.178
266510,270.65,270.622,55.0194,-1.178
266520,270.65,270.622,55.0194,-1.178
266530,270.65,270.622,55.0194,-1.178
266540,270.65,270.365,71.2796,-1.178
266550,270.65,270.4,71.2796,-1.178
266560,270.691,270.52,71.2796,-1.178
266570,270.691,270.532,34.9483,-1.178
266580,270.691,270.532,74.1665,-1.178
266590,270.691,270.532,74.1665,-1.178
266600,270.691,270.532,105.489,-1.178
266610,270.691,270.532,94.8633,-1.178
266620,270.691,270.532,94.8633,-1.178
266630,270.691,270.532,94.8633,-1.178
266640,270.691,270.532,94.8633,-1.178
266650,270.691,270.532,94.8633,-1.178
266660,270.691,270.532,94.8633,-1.178
266670,270.691,270.532,94.8633,-1.178
266680,270.691,270.532,8.72068,-1.178
266690,270.89,270.654,8.72068,-1.178
266700,270.89,270.654,8.72068,-1.178
266710,270.89,270.654,8.72068,-1.178
266720,270.89,270.654,8.72068,-1.178
266730,270.89,270.5,8.72068,-1.178
266740,270.786,270.5,8.72068,-1.178
266750,270.57,270.5,8.72068,-1.178
266760,270.57,270.5,90.5998,-1.178
266770,270.57,270.5,35.191,-1.178
266780,270.794,270.5,35.191,-1.178
266790,270.794,270.5,14.769,-1.178
266800,270.794,270.5,14.769,-1.178
266810,271.088,270.5,14.769,-1.178
266820,271.088,270.5,14.769,-1.178
266830,270.823,270.5,14.769,-1.178
266840,270.823,270.383,14.769,-1.178
266850,270.823,270.383,18.6541,-1.178
266860,270.823,270.383,28.4316,-1.178
266870,271.232,270.996,51.4977,-1.178
266880,271.232,270.797,51.4977,-1.178
266890,271.232,270.797,51.4977,-1.178
266900,271.232,270.797,51.4977,-1.178
266910,271.232,270.797,51.4977,-1.178
266920,271.232,270.922,51.4977,-1.178
266930,271.232,270.922,42.0059,-1.178
266940,271.232,271.079,42.0059,-1.178
266950,271.232,271.079,21.7778,-1.178
266960,271.232,271.079,93.5643,-1.178
266970,271.108,271.079,82.263,-1.178
266980,271.108,271.079,82.263,-1.178
266990,271.108,271.079,82.263,-1.178
267000,271.108,271.079,54.0712,-1.178
267010,271.108,271.079,95.9072,-1.178
267020,271.108,271.107,80.8384,-1.178
267030,271.108,270.906,30.109,-1.178
267040,271.108,270.906,72.9979,-1.178
267050,271.108,270.906,72.9979,-1.178
267060,271.108,270.906,72.9979,-1.178
267070,271.108,269.972,31.7251,-3.36303
267080,270.474,270.152,31.7251,-1.178
267090,270.474,270.141,31.7251,-1.178
267100,270.474,270.132,31.7251,-1.178
267110,270.474,270.132,31.7251,-1.178
267120,270.474,270.132,53.2567,-1.178
267130,270.474,270.132,53.2567,-1.178
267140,270.474,270.132,53.2567,-1.178
267150,270.456,270.132,53.2567,-1.178
267160,270.456,270.132,53.2567,-1.178
267170,270.456,270.191,8.76852,-1.178
267180,270.456,270.191,72.0244,-1.178
267190,270.456,270.191,72.0244,-1.178
267200,270.456,270.191,72.0244,-1.178
267210,270.456,270.191,72.0244,-1.178
267220,270.456,270.191,72.0244,-1.178
267230,270.456,270.191,78.9926,-1.178
267240,270.265,270.191,60.024,-1.178
267250,270.265,270.191,60.024,-1.178
267260,270.265,269.45,60.024,-3.36303
267270,270.322,269.45,32.2316,-3.36303
267280,269.928,269.45,32.2316,-1.178
267290,269.654,269.45,67.2942,-1.178
267300,269.671,269.4,67.2942,-1.178
267310,269.671,269.489,37.8407,-1.178
267320,269.671,269.489,37.8407,-1.178
267330,269.671,269.489,37.8407,-1.178
267340,269.671,269.489,37.8407,-1.178
267350,269.652,269.489,92.0604,-1.178
267360,269.533,269.056,3.38616,-1.178
267370,269.533,269.477,30.5362,-1.178
267380,269.533,269.477,30.5362,-1.178
267390,269.864,269.477,30.5362,-1.178
267400,269.726,269.259,24.2272,-1.178
267410,269.726,269.259,29.2518,-1.178
267420,269.726,269.624,29.2518,-1.178
267430,269.726,269.624,10.621,-1.178
267440,270.603,269.27,10.621,-3.36303
267450,270.603,270.039,10.621,-1.178
267460,270.603,270.356,73.1192,-1.178
267470,270.603,270.356,73.1192,-1.178
267480,270.603,270.356,73.1192,-1.178
267490,270.603,270.55,32.5582,-1.178
267500,270.831,270.327,32.5582,-1.178
267510,270.831,270.327,32.5582,-1.178
267520,271.499,270.327,32.5582,-3.36303
267530,271.354,271.29,4.67043,-1.178
267540,271.354,271.29,4.67043,-1.178
267550,271.583,271.29,71.6974,-1.178
267560,271.583,271.29,71.6974,-1.178
267570,271.583,271.29,71.6974,-1.178
267580,271.583,271.29,71.6974,-1.178
267590,271.428,271.29,71.6974,-1.178
267600,271.388,271.29,71.6974,-1.178
267610,271.388,271.29,71.6974,-1.178
267620,271.388,271.29,70.3842,-1.178
267630,271.302,271.29,70.3842,-1.178
267640,271.302,271.29,122.092,-1.178
267650,271.302,271.29,122.092,-1.178
267660,271.302,271.29,53.5136,-1.178
267670,271.302,271.29,53.5136,-1.178
267680,271.947,271.29,53.5136,-3.36303
267690,271.947,271.588,38.6913,-1.178
267700,271.945,271.588,38.6913,-1.178
267710,271.945,271.588,38.6913,-1.178
267720,271.945,271.588,6.12598,-1.178
267730,272.905,271.588,6.12598,-3.36303
267740,272.905,272.451,6.12598,-1.178
267750,272.846,272.451,40.6961,-1.178
267760,272.846,272.412,40.6961,-1.178
267770,272.846,272.412,8.50461,-1.178
267780,272.48,272.412,123.468,-1.178
267790,272.499,272.412,4.99652,-1.178
267800,272.499,272.412,86.8197,-1.178
267810,272.499,272.247,86.8197,-1.178
267820,272.499,272.492,86.8197,-1.178
267830,272.499,272.492,86.8197,-1.178
267840,272.499,272.492,86.8197,-1.178
267850,272.666,272.492,86.8197,-1.178
267860,272.666,272.492,50.0614,-1.178
267870,272.666,272.492,50.0614,-1.178
267880,272.8,272.492,50.0614,-1.178
267890,272.8,272.492,50.0614,-1.178
267900,272.853,272.492,49.1765,-1.178
267910,272.853,272.492,49.1765,-1.178
267920,272.853,272.492,49.1765,-1.178
267930,272.853,272.492,14.1581,-1.178
267940,272.853,272.414,14.1581,-1.178
267950,272.441,272.414,14.1581,-1.178
267960,272.887,272.526,14.1581,-1.178
267970,273.096,273.075,14.1581,-1.178
267980,273.096,273.075,14.1581,-1.178
267990,273.096,273.075,61.2744,-1.178
268000,273.228,273.075,61.2744,-1.178
268010,273.228,273.075,61.2744,-1.178
268020,273.228,272.125,34.1777,-3.36303
268030,273.228,272.125,27.2807,-3.36303
268040,272.309,272.125,27.2807,-1.178
268050,272.309,271.523,27.2807,-3.36303
268060,274.224,271.425,27.2807,-7.49676
268070,274.093,272.323,27.2807,-5.42989
268080,273.337,272.323,27.2807,-3.36303
268090,273.337,273.007,27.2807,-1.178
268100,273.088,273.007,27.2807,-1.178
268110,273.021,272.699,27.2807,-1.178
268120,273.021,272.699,27.2807,-1.178
268130,272.835,272.699,42.8185,-1.178
268140,272.826,272.699,42.8185,-1.178
268150,272.826,272.699,42.8185,-1.178
268160,272.906,272.699,42.8185,-1.178
268170,273.202,272.186,42.8185,-3.36303
268180,273.869,273.542,42.8185,-1.178
268190,273.793,273.276,62.3718,-3.36303
268200,273.793,273.276,62.3718,-3.36303
268210,273.708,273.68,62.3718,-1.178
268220,273.708,273.562,88.4924,-1.178
268230,273.708,273.562,118.03,-3.36303
268240,273.574,273.562,118.03,-1.178
268250,273.574,273.562,34.0531,-1.178
268260,273.574,273.562,34.0531,-1.178
268270,273.574,273.562,99.6108,-1.178
268280,273.574,273.562,99.6108,-1.178
268290,273.574,273.562,99.6108,-1.178
268300,273.574,273.562,99.6108,-1.178
268310,273.574,273.562,120.878,-1.178
268320,273.692,273.562,47.5083,-1.178
268330,273.692,273.562,77.7982,-1.178
268340,273.692,273.562,77.7982,-1.178
268350,273.692,273.562,86.7678,-1.178
268360,273.692,273.562,86.7678,-1.178
268370,273.692,273.562,96.9296,-1.178
268380,273.692,273.562,70.6832,-1.178
268390,273.692,273.562,69.1223,-1.178
268400,273.692,273.454,76.016,-1.178
268410,273.692,273.454,76.016,-1.178
268420,273.692,273.454,33.1846,-1.178
268430,273.725,273.454,33.1846,-1.178
268440,273.725,273.454,33.1846,-1.178
268450,273.725,273.454,16.9251,-1.178
268460,273.486,273.454,102.918,-1.178
268470,273.539,273.454,102.918,-1.178
268480,273.539,273.454,102.918,-1.178
268490,273.517,273.511,102.918,-1.178
268500,273.854,273.511,9.87493,-1.178
268510,273.854,273.511,9.87493,-1.178
268520,273.854,273.305,20.1476,-1.178
268530,273.854,272.49,20.1476,-3.36303
268540,274.017,273.722,20.1476,-1.178
268550,274.017,273.657,20.1476,-1.178
268560,274.3,273.657,20.1476,-3.36303
268570,274.45,273.547,20.1476,-3.36303
268580,274.877,273.986,20.1476,-3.36303
268590,275.109,274.112,20.1476,-3.36303
268600,275.109,274.339,20.1476,-3.36303
268610,274.743,274.642,20.1476,-1.178
268620,274.743,274.642,43.2402,-1.178
268630,275.03,274.642,43.2402,-1.178
268640,274.969,274.642,0.874225,-1.178
268650,274.969,274.642,0.874225,-1.178
268660,274.967,272.449,0.874225,-5.42989
268670,274.837,274.445,0.874225,-1.178
268680,274.837,273.667,0.874225,-3.36303
268690,273.731,273.299,0.874225,-1.178
268700,273.731,273.273,0.874225,-1.178
268710,273.731,273.273,0.874225,-1.178
268720,273.963,273.273,0.874225,-1.178
268730,273.963,273.273,0.874225,-1.178
268740,274.603,273.273,0.874225,-3.36303
268750,274.603,273.273,0.874225,-3.36303
268760,274.603,274.191,0.874225,-1.178
268770,274.603,274.026,0.874225,-1.178
268780,274.603,274.127,0.874225,-1.178
268790,274.441,274.127,0.874225,-1.178
268800,274.441,274.127,2.94064,-1.178
268810,274.37,274.301,2.94064,-1.178
268820,274.37,274.301,2.94064,-1.178
268830,274.368,274.301,110.471,-1.178
268840,274.368,274.301,110.471,-1.178
268850,274.368,274.301,98.6804,-1.178
268860,274.368,274.301,43.617,-1.178
268870,274.368,274.301,43.617,-1.178
268880,274.368,274.059,43.617,-1.178
268890,274.506,273.24,21.9011,-3.36303
268900,273.589,273.24,21.9011,-1.178
268910,273.589,273.24,21.9011,-1.178
268920,273.589,273.24,21.9011,-1.178
268930,273.589,273.24,21.9011,-1.178
268940,273.589,272.85,21.9011,-3.36303
268950,273.589,272.85,21.9011,-3.36303
268960,273.417,272.85,50.9519,-3.36303
268970,273.417,272.85,31.3281,-3.36303
268980,273.417,272.85,88.682,-3.36303
268990,273.417,272.85,88.682,-3.36303
269000,273.417,273.018,88.682,-3.36303
269010,273.417,273.018,88.682,-3.36303
269020,273.417,273.018,4.31966,-1.178
269030,273.417,273.018,34.0187,-1.178
269040,273.417,273.018,2.11043,-1.178
269050,273.417,273.018,2.11043,-1.178
269060,273.417,273.018,24.4491,-1.178
269070,273.417,273.03,24.4491,-1.178
269080,273.417,273.03,24.4491,-1.178
269090,273.318,273.03,24.4491,-1.178
269100,273.318,273.095,31.1314,-1.178
269110,273.916,273.095,26.5708,-3.36303
269120,273.916,273.095,40.8997,-3.36303
269130,273.005,272.793,40.8997,-1.178
269140,273.612,273.144,40.8997,-1.178
269150,273.404,273.144,40.8997,-1.178
269160,273.404,273.144,80.8681,-1.178
269170,273.404,273.144,80.8681,-1.178
269180,273.404,273.144,84.9178,-1.178
269190,273.404,273.144,84.9178,-1.178
269200,273.404,273.144,84.9178,-1.178
269210,273.404,273.237,8.52715,-1.178
269220,273.365,273.237,8.52715,-1.178
269230,273.365,273.237,8.52715,-1.178
269240,273.365,273.237,71.7367,-1.178
269250,273.365,273.237,71.7367,-1.178
269260,273.422,273.237,71.7367,-1.178
269270,273.422,273.237,3.98943,-1.178
269280,273.422,272.962,3.98943,-1.178
269290,273.422,272.962,3.98943,-1.178
269300,273.422,272.962,31.3502,-1.178
269310,273.374,272.962,38.1332,-1.178
269320,273.374,272.962,38.1332,-1.178
269330,273.374,272.962,48.8523,-1.178
269340,273.374,273.344,48.8523,-1.178
269350,273.374,272.493,45.0644,-3.36303
269360,273.374,272.493,45.0644,-3.36303
269370,273.374,272.615,45.0644,-3.36303
269380,273.374,272.615,45.0644,-3.36303
269390,273.374,272.633,26.5596,-3.36303
269400,273.374,272.633,68.4849,-3.36303
269410,273.302,272.633,68.4849,-3.36303
269420,273.302,272.633,68.4849,-3.36303
269430,273.302,272.451,68.4849,-5.42989
269440,272.564,272.451,68.4849,-1.178
269450,272.564,271.942,13.4114,-1.178
269460,272.564,271.942,13.4114,-1.178
269470,272.564,271.942,13.4114,-1.178
269480,272.564,271.942,13.4114,-1.178
269490,272.564,271.942,13.4114,-1.178
269500,271.954,271.942,9.71153,-1.178
269510,271.954,271.942,9.71153,-1.178
269520,272.106,271.942,9.71153,-1.178
269530,272.098,271.942,82.8378,-1.178
269540,272.098,272.001,82.8378,-1.178
269550,272.098,272.001,82.8378,-1.178
269560,272.098,272.001,82.8378,-1.178
269570,272.098,272.001,69.5515,-1.178
269580,272.098,272.001,106.846,-1.178
269590,272.098,272.001,25.3714,-1.178
269600,272.098,272.001,46.5449,-1.178
269610,272.098,272.001,99.4236,-1.178
269620,272.098,272.001,29.5069,-1.178
269630,272.098,271.859,29.5069,-1.178
269640,272.098,271.859,29.5069,-1.178
269650,272.098,271.797,29.5069,-1.178
269660,272.098,271.797,65.4999,-1.178
269670,271.927,271.797,65.4999,-1.178
269680,271.927,271.797,55.6509,-1.178
269690,271.927,271.797,111.678,-1.178
269700,271.927,271.797,111.678,-1.178
269710,271.927,271.797,111.678,-1.178
269720,271.927,271.797,111.678,-1.178
269730,271.927,271.797,111.678,-1.178
269740,271.927,271.797,111.678,-1.178
269750,271.927,271.797,111.678,-1.178
269760,271.927,271.797,111.678,-1.178
269770,271.927,271.622,76.9994,-1.178
269780,272.066,271.622,76.9994,-3.36303
269790,272.066,271.752,76.9994,-3.36303
269800,271.999,271.752,76.9994,-1.178
269810,271.999,271.752,63.1889,-1.178
269820,271.999,271.752,63.1889,-1.178
269830,271.999,271.752,63.3345,-1.178
269840,271.999,271.752,85.9937,-1.178
269850,271.901,271.752,85.9937,-1.178
269860,271.901,271.752,85.9937,-1.178
269870,271.901,271.752,85.9937,-1.178
269880,271.901,271.747,85.9937,-1.178
269890,271.901,271.747,82.8185,-1.178
269900,271.901,271.747,82.8185,-1.178
269910,271.901,271.747,86.4546,-1.178
269920,271.901,271.747,6.77355,-1.178
269930,271.901,271.747,48.6329,-1.178
269940,271.901,271.747,48.6329,-1.178
269950,271.901,271.747,48.6329,-1.178
269960,271.901,271.88,37.3362,-1.178
269970,271.901,271.101,17.6195,-3.36303
269980,271.901,269.055,17.6195,-7.49676
269990,273.457,266.832,17.6195,-12.1972
270000,274.042,273.433,17.6195,-1.178
270010,274.042,273.433,17.6195,-1.178
270020,274.042,273.542,17.6195,-1.178
270030,274.042,273.542,17.6195,-1.178
270040,274.154,273.542,17.6195,-1.178
270050,274.983,273.612,13.9138,-3.36303
270060,274.983,273.612,13.9138,-3.36303
270070,274.983,274.919,13.9138,-1.178
270080,274.973,274.919,44.2678,-1.178
270090,274.973,274.919,44.2678,-1.178
270100,274.973,274.797,44.2678,-1.178
270110,274.973,274.577,57.5825,-1.178
270120,274.973,274.577,57.5825,-1.178
270130,274.973,274.947,47.9125,-1.178
270140,274.973,274.59,56.6116,-1.178
270150,274.973,274.59,61.323,-1.178
270160,274.973,274.59,61.323,-1.178
270170,274.973,274.59,61.323,-1.178
270180,274.973,274.59,13.7934,-1.178
270190,274.973,274.889,98.4396,-1.178
270200,274.973,274.936,98.4396,-1.178
270210,274.973,274.936,127.823,-1.178
270220,274.973,274.936,127.823,-1.178
270230,274.973,274.936,127.823,-1.178
270240,274.973,274.936,88.9986,-1.178
270250,274.973,274.936,88.9986,-1.178
270260,274.973,274.936,88.9986,-1.178
270270,274.973,274.936,120.162,-1.178
270280,274.973,274.963,98.7683,-1.178
270290,274.973,274.963,98.7683,-1.178
270300,275.019,274.963,98.7683,-1.178
270310,275.019,274.702,93.1449,-3.36303
270320,275.148,274.702,93.1449,-3.36303
270330,275.148,274.702,93.1449,-3.36303
270340,275.148,275.063,93.1449,-1.178
270350,275.148,275.063,93.1449,-1.178
270360,275.148,275.063,9.32462,-1.178
270370,275.148,275.063,95.2694,-1.178
270380,275.148,275.063,105.3,-1.178
270390,275.148,275.063,105.3,-1.178
270400,275.148,275.063,105.3,-1.178
270410,275.148,275.063,105.3,-1.178
270420,275.148,275.063,105.3,-1.178
270430,275.148,275.063,105.3,-1.178
270440,275.148,275.063,105.3,-1.178
270450,275.148,275.063,57.9285,-1.178
270460,275.321,275.063,57.9285,-1.178
270470,275.321,275.063,57.9285,-1.178
270480,275.321,275.063,57.9285,-1.178
270490,275.321,275.063,57.9285,-1.178
270500,275.321,275.063,57.9285,-1.178
270510,275.321,275.063,66.5625,-1.178
270520,275.321,275.063,66.5625,-1.178
270530,275.146,275.063,66.5625,-1.178
270540,275.146,275.063,66.5625,-1.178
270550,275.146,275.063,87.3559,-1.178
270560,275.146,275.063,87.3559,-1.178
270570,275.146,275.063,50.62,-1.178
270580,275.146,275.063,2.45756,-1.178
270590,275.759,275.063,2.45756,-1.178
270600,275.759,275.063,2.45756,-1.178
270610,275.759,275.063,2.45756,-1.178
270620,275.146,275.063,2.45756,-1.178
270630,275.133,275.063,2.45756,-1.178
270640,275.133,275.063,2.45756,-1.178
270650,275.133,274.495,2.45756,-1.178
270660,275.133,274.495,2.45756,-1.178
270670,274.568,274.495,121.017,-1.178
270680,274.568,274.495,121.017,-1.178
270690,274.568,274.495,44.0185,-1.178
270700,274.568,274.495,32.1526,-1.178
270710,274.991,274.495,32.1526,-1.178
270720,274.991,274.643,32.1526,-1.178
270730,274.976,274.643,4.69952,-1.178
270740,274.976,274.554,5.67437,-1.178
270750,274.78,274.554,5.67437,-1.178
270760,274.78,274.554,30.3776,-1.178
270770,274.78,274.554,110.801,-3.36303
270780,274.78,274.554,92.7204,-1.178
270790,274.78,274.591,92.7204,-1.178
270800,274.78,274.591,92.7204,-1.178
270810,274.78,274.591,49.4324,-1.178
270820,274.78,274.591,43.1208,-1.178
270830,274.671,274.389,57.5455,-1.178
270840,274.671,274.389,57.5455,-1.178
270850,274.671,274.389,57.5455,-1.178
270860,274.671,274.303,26.3143,-1.178
270870,274.548,274.09,26.3143,-1.178
270880,274.389,274.09,26.3143,-1.178
270890,274.143,274.09,26.3143,-1.178
270900,274.143,274.09,86.5788,-1.178
270910,274.143,274.09,106.232,-1.178
270920,274.143,274.09,106.232,-1.178
270930,274.143,274.09,106.232,-1.178
270940,274.143,274.09,106.232,-1.178
270950,274.143,274.09,106.232,-1.178
270960,274.143,274.09,106.232,-1.178
270970,274.143,274.09,106.232,-1.178
270980,274.128,274.09,103.593,-1.178
270990,274.128,274.09,103.593,-1.178
271000,274.128,274.09,103.593,-1.178
271010,274.128,274.09,103.593,-1.178
271020,274.128,274.09,114.021,-1.178
271030,274.128,274.09,114.021,-1.178
271040,274.128,274.09,114.021,-1.178
271050,274.128,274.09,11.3914,-1.178
271060,274.128,272.642,11.3914,-3.36303
271070,274.128,273.178,11.3914,-3.36303
271080,275.508,273.42,184.999,-7.49676
271090,274.883,274.161,184.999,-7.49676
271100,274.912,273.966,184.999,-7.49676
271110,275.402,273.646,146.392,-7.49676
271120,276.783,275.102,146.392,-7.49676
271130,276.783,275.141,58.2507,-7.49676
271140,276.783,275.366,58.2507,-5.42989
271150,276.783,275.895,58.2507,-3.36303
271160,276.783,275.895,58.2507,-3.36303
271170,276.783,275.895,58.2507,-3.36303
271180,276.72,275.895,58.2507,-3.36303
271190,276.233,275.42,58.2507,-3.36303
271200,276.157,275.42,58.2507,-3.36303
271210,276.157,275.343,57.9262,-3.36303
271220,275.653,275.343,57.9262,-1.178
271230,275.653,275.343,57.9262,-1.178
271240,275.653,275.343,57.9262,-1.178
271250,275.653,274.806,57.9262,-3.36303
271260,275.064,274.806,57.9262,-1.178
271270,274.96,274.806,57.9262,-1.178
271280,274.96,274.806,92.7709,-1.178
271290,274.96,274.806,92.7709,-1.178
271300,274.96,274.806,92.7709,-1.178
271310,274.96,274.806,92.7709,-1.178
271320,274.96,274.806,103.761,-1.178
271330,274.96,274.806,103.761,-1.178
271340,274.839,274.806,103.761,-1.178
271350,274.839,274.806,127.695,-1.178
271360,274.839,274.806,101.637,-1.178
271370,275.175,274.806,30.6338,-1.178
271380,275.175,274.718,30.6338,-1.178
271390,275.175,274.718,38.5179,-1.178
271400,276.58,275.997,38.5179,-3.36303
271410,276.58,275.997,38.5179,-3.36303
271420,276.72,276.483,38.5179,-1.178
271430,276.72,276.483,38.5179,-1.178
271440,276.72,276.483,38.5179,-1.178
271450,276.732,276.483,38.5179,-1.178
271460,276.732,276.483,38.5179,-1.178
271470,276.732,276.483,38.5179,-1.178
271480,276.732,276.608,38.5179,-1.178
271490,276.732,276.608,38.5179,-1.178
271500,276.732,276.608,104.693,-1.178
271510,276.732,276.608,5.70743,-1.178
271520,277.253,276.608,5.70743,-1.178
271530,277.022,276.584,5.70743,-1.178
271540,276.891,276.724,5.70743,-1.178
271550,276.891,276.724,5.70743,-1.178
271560,276.891,276.695,5.70743,-1.178
271570,276.708,276.695,35.5546,-1.178
271580,276.708,276.695,46.909,-1.178
271590,276.708,276.494,46.909,-1.178
271600,276.708,276.494,46.909,-1.178
271610,276.708,276.364,46.909,-1.178
271620,276.708,276.366,46.909,-1.178
271630,276.708,276.366,46.909,-1.178
271640,276.827,276.622,46.909,-1.178
271650,276.827,276.622,46.909,-1.178
271660,276.827,276.622,46.909,-1.178
271670,276.944,276.622,88.5854,-3.36303
271680,276.944,276.622,88.5854,-3.36303
271690,276.944,276.622,88.5854,-3.36303
271700,276.944,276.622,49.2957,-1.178
271710,276.944,276.622,49.2957,-1.178
271720,276.944,276.622,49.2957,-1.178
271730,276.944,276.936,49.2957,-1.178
271740,276.944,276.908,98.9341,-1.178
271750,276.944,276.908,73.1986,-1.178
271760,276.944,276.679,73.1986,-1.178
271770,276.944,276.679,73.1986,-1.178
271780,276.944,276.679,73.1986,-1.178
271790,276.944,276.679,73.1986,-1.178
271800,276.944,276.679,73.1986,-1.178
271810,276.944,276.245,2.52483,-1.178
271820,276.944,276.245,2.52483,-1.178
271830,276.944,276.714,2.52483,-1.178
271840,277.072,276.714,54.2744,-1.178
271850,277.072,276.714,94.0733,-3.36303
271860,277.072,276.714,3.33659,-1.178
271870,278.964,277.85,20.5199,-3.36303
271880,279.601,279.05,20.5199,-1.178
271890,279.601,279.05,23.3361,-1.178
271900,279.601,279.288,23.3361,-1.178
271910,279.557,279.167,23.3361,-1.178
271920,279.557,279.167,9.55424,-1.178
271930,279.557,279.167,9.55424,-1.178
271940,279.416,279.167,9.55424,-1.178
271950,279.326,279.167,41.9734,-1.178
271960,279.326,279.167,41.9734,-1.178
271970,279.326,279.167,41.9734,-1.178
271980,279.28,279.167,2.65023,-1.178
271990,279.28,278.787,17.3122,-1.178
272000,279.28,279.202,17.3122,-1.178
272010,279.28,279.202,39.225,-1.178
272020,279.676,279.202,39.225,-1.178
272030,279.388,279.202,39.225,-1.178
272040,279.388,279.202,39.225,-1.178
272050,279.122,279.016,114.796,-1.178
272060,279.122,279.016,99.6501,-1.178
272070,279.122,279.016,77.5212,-1.178
272080,279.122,278.943,77.5212,-1.178
272090,279.122,278.943,30.5997,-1.178
272100,279.122,278.943,78.1717,-1.178
272110,279.122,278.943,85.3549,-1.178
272120,279.122,278.943,85.3549,-1.178
272130,279.122,278.943,85.3549,-1.178
272140,279.122,278.992,85.3549,-1.178
272150,279.294,278.992,78.235,-1.178
272160,279.294,278.992,61.4555,-1.178
272170,279.271,278.992,77.9367,-1.178
272180,279.271,278.992,77.9367,-1.178
272190,279.271,278.992,10.18,-1.178
272200,279.271,278.122,10.18,-3.36303
272210,279.271,279.005,85.314,-1.178
272220,279.099,279.005,116.265,-1.178
272230,279.099,279.005,116.265,-1.178
272240,279.099,279.005,116.265,-1.178
272250,279.099,279.005,118.352,-1.178
272260,279.099,279.005,118.352,-1.178
272270,279.099,279.005,118.352,-1.178
272280,279.099,279.067,118.352,-1.178
272290,279.099,278.945,76.4927,-1.178
272300,279.099,278.801,76.4927,-1.178
272310,279.099,278.801,46.9539,-1.178
272320,279.231,278.801,46.9539,-1.178
272330,279.237,278.801,46.9539,-1.178
272340,279.237,279.142,85.0938,-1.178
272350,279.237,279.045,88.1938,-1.178
272360,279.237,279.045,88.1938,-1.178
272370,279.237,279.045,40.7331,-1.178
272380,279.237,278.955,40.7331,-1.178
272390,279.237,278.955,40.7331,-1.178
272400,279.237,278.936,40.7331,-1.178
272410,279.129,278.936,40.7331,-1.178
272420,279.129,278.936,40.7331,-1.178
272430,279.129,278.936,43.5358,-1.178
272440,279.129,278.96,42.5828,-1.178
272450,279.129,278.96,5.56821,-1.178
272460,279.183,278.96,66.7622,-1.178
272470,279.183,279.112,17.676,-1.178
272480,279.519,279.112,25.8661,-1.178
272490,279.72,279.112,25.8661,-3.36303
272500,279.72,279.112,25.8661,-3.36303
272510,279.845,279.687,25.8661,-1.178
272520,280.076,279.687,25.8661,-1.178
272530,280.076,279.687,13.8189,-1.178
272540,280.076,279.687,13.8189,-1.178
272550,279.833,279.687,13.8189,-1.178
272560,279.832,279.687,13.8189,-1.178
272570,280.988,279.687,13.8189,-3.36303
272580,279.907,279.312,13.8189,-1.178
272590,279.846,279.407,13.8189,-1.178
272600,279.846,279.407,13.8189,-1.178
272610,279.846,279.035,64.7659,-3.36303
272620,279.846,279.035,64.7659,-3.36303
272630,279.846,279.759,89.5204,-1.178
272640,279.846,279.759,111.982,-1.178
272650,279.846,279.759,111.982,-1.178
272660,279.846,279.759,109.983,-1.178
272670,279.846,279.759,39.7088,-1.178
272680,279.846,279.759,38.2752,-1.178
272690,279.738,279.514,25.2222,-1.178
272700,279.528,279.514,23.4407,-1.178
272710,278.195,277.382,23.4407,-3.36303
272720,277.442,277.382,104.572,-1.178
272730,277.442,277.395,104.572,-1.178
272740,277.442,277.395,104.572,-1.178
272750,277.442,277.395,104.572,-1.178
272760,277.446,277.395,104.572,-1.178
272770,277.446,277.395,60.1501,-1.178
272780,277.446,277.395,60.1501,-1.178
272790,277.446,277.395,60.1501,-1.178
272800,277.446,277.395,60.1501,-1.178
272810,277.446,277.395,73.4773,-1.178
272820,277.446,277.395,20.1258,-1.178
272830,277.446,277.395,20.1258,-1.178
272840,277.446,277.395,20.1258,-1.178
272850,277.446,277.395,125.436,-1.178
272860,277.446,277.395,125.436,-1.178
272870,277.446,277.395,125.436,-1.178
272880,277.446,277.395,125.436,-1.178
272890,277.446,277.395,125.436,-1.178
272900,277.446,277.395,125.436,-1.178
272910,277.446,277.395,114.033,-1.178
272920,277.446,277.395,114.033,-1.178
272930,277.446,277.395,30.489,-1.178
272940,277.446,277.395,56.7083,-1.178
272950,277.446,277.395,56.7083,-1.178
272960,277.446,277.395,15.4259,-1.178
272970,277.446,277.395,15.4259,-1.178
272980,277.446,277.395,31.1903,-1.178
272990,277.492,277.395,31.1903,-1.178
273000,277.492,277.395,85.9336,-1.178
273010,277.525,277.395,85.9336,-1.178
273020,277.525,277.395,85.9336,-1.178
273030,277.525,277.287,85.9336,-1.178
273040,277.525,277.492,85.9336,-1.178
273050,277.525,277.492,85.9336,-1.178
273060,277.525,277.245,66.3798,-1.178
273070,277.525,277.245,58.1899,-1.178
273080,277.525,277.245,58.1899,-1.178
273090,277.525,277.245,58.1899,-1.178
273100,277.252,277.245,58.1899,-1.178
273110,277.252,277.245,17.5272,-1.178
273120,277.252,277.245,11.0458,-1.178
273130,277.252,277.245,11.0458,-1.178
273140,277.252,277.107,11.0458,-1.178
273150,277.252,277.107,64.6236,-1.178
273160,277.111,277.107,64.6236,-1.178
273170,277.207,277.107,64.6236,-1.178
273180,277.207,277.107,64.6236,-1.178
273190,278.947,276.666,59.5623,-7.49676
273200,278.947,278.015,26.073,-3.36303
273210,278.217,278.015,26.073,-1.178
273220,278.217,277.581,49.6373,-3.36303
273230,278.217,277.581,24.0024,-3.36303
273240,278.217,277.931,24.0024,-1.178
273250,278.217,277.963,24.0024,-1.178
273260,278.217,277.817,80.1593,-3.36303
273270,278.217,277.817,80.1593,-3.36303
273280,278.217,277.817,80.1593,-3.36303
273290,277.891,277.817,78.6163,-1.178
273300,277.891,277.523,6.40476,-1.178
273310,277.672,277.523,6.40476,-1.178
273320,277.672,277.523,74.7664,-1.178
273330,277.672,277.523,74.7664,-1.178
273340,277.672,277.523,74.7664,-1.178
273350,277.672,277.523,74.7664,-1.178
273360,277.672,277.523,74.7664,-1.178
273370,277.815,277.699,40.6911,-1.178
273380,277.879,277.699,40.6911,-1.178
273390,277.879,277.699,40.6911,-1.178
273400,277.879,277.699,40.6911,-1.178
273410,278.122,277.699,40.6911,-1.178
273420,278.122,277.982,18.5923,-1.178
273430,278.122,277.804,18.5923,-1.178
273440,277.945,277.458,18.5923,-1.178
273450,277.966,277.458,18.5923,-1.178
273460,277.966,277.458,21.865,-1.178
273470,277.853,277.594,66.6147,-1.178
273480,277.853,277.594,45.8953,-1.178
273490,277.789,277.594,45.8953,-1.178
273500,277.789,277.594,82.8381,-1.178
273510,277.789,277.594,91.8272,-1.178
273520,277.789,277.594,29.8423,-1.178
273530,277.875,277.594,110.966,-3.36303
273540,277.875,277.594,110.966,-3.36303
273550,277.875,277.594,53.3219,-1.178
273560,277.681,277.594,53.3219,-1.178
273570,277.681,277.594,53.3219,-1.178
273580,277.885,277.594,53.3219,-1.178
273590,277.885,277.594,63.5494,-1.178
273600,278.465,277.742,63.5494,-3.36303
273610,278.465,277.742,63.5494,-3.36303
273620,278.142,277.742,63.5494,-3.36303
273630,278.142,277.693,63.5494,-3.36303
273640,278.414,277.693,63.5494,-3.36303
273650,278.111,277.693,63.5494,-3.36303
273660,278.111,277.693,63.5494,-3.36303
273670,278.111,277.334,63.5494,-3.36303
273680,278.111,277.334,63.5494,-3.36303
273690,278.173,277.334,37.1886,-3.36303
273700,277.607,277.334,50.3439,-1.178
273710,277.607,277.334,20.003,-1.178
273720,277.607,277.334,20.003,-1.178
273730,277.348,277.334,81.6083,-1.178
273740,277.348,277.334,82.7499,-1.178
273750,277.348,277.334,107.42,-1.178
273760,277.348,277.334,125.77,-1.178
273770,277.348,277.334,125.77,-1.178
273780,277.348,277.334,125.77,-1.178
273790,277.348,277.334,125.77,-1.178
273800,277.348,277.334,125.77,-1.178
273810,277.348,277.334,125.77,-1.178
273820,277.348,277.334,125.77,-1.178
273830,277.348,277.334,125.77,-1.178
273840,277.348,277.334,125.77,-1.178
273850,277.348,277.334,125.77,-1.178
273860,277.345,277.334,125.77,-1.178
273870,277.345,277.334,92.7021,-1.178
273880,277.345,277.334,95.692,-1.178
273890,277.345,277.334,6.99731,-1.178
273900,277.345,277.334,6.99731,-1.178
273910,277.345,277.334,6.99731,-1.178
273920,277.345,276.765,23.7673,-1.178
273930,277.122,276.765,23.7673,-1.178
273940,277.122,276.765,23.7673,-1.178
273950,277.122,276.765,89.4094,-3.36303
273960,277.122,276.765,97.5842,-3.36303
273970,276.94,276.765,59.2773,-1.178
273980,276.94,276.558,59.2773,-1.178
273990,276.862,276.558,54.4065,-1.178
274000,276.862,276.558,54.4065,-1.178
274010,276.862,276.558,54.4065,-1.178
274020,276.852,276.558,54.4065,-1.178
274030,276.852,276.558,54.4065,-1.178
274040,276.961,276.822,54.4065,-1.178
274050,277.253,276.601,8.1744,-1.178
274060,277.253,277.153,8.1744,-1.178
274070,277.253,277.153,51.9558,-1.178
274080,277.253,276.274,51.9558,-3.36303
274090,276.707,276.274,51.9558,-1.178
274100,276.707,276.499,51.9558,-1.178
274110,276.707,276.499,60.9397,-1.178
274120,276.707,276.499,60.9397,-1.178
274130,276.707,276.499,41.5819,-1.178
274140,276.772,276.499,41.5819,-1.178
274150,276.861,276.499,41.5819,-1.178
274160,276.861,276.432,41.5819,-1.178
274170,276.861,276.432,46.4653,-1.178
274180,276.861,276.524,4.81169,-1.178
274190,276.861,276.524,4.81169,-1.178
274200,277.019,276.768,4.81169,-1.178
274210,277.019,276.683,4.81169,-1.178
274220,277.019,276.683,4.81169,-1.178
274230,277.019,276.683,4.81169,-1.178
274240,277.019,276.867,4.81169,-1.178
274250,277.228,276.867,4.81169,-1.178
274260,277.228,276.541,4.81169,-1.178
274270,276.872,276.541,4.81169,-1.178
274280,276.872,276.541,54.3557,-1.178
274290,276.872,276.541,54.3557,-1.178
274300,276.872,276.786,54.3557,-1.178
274310,276.872,276.786,54.3557,-1.178
274320,277.096,276.786,24.352,-1.178
274330,277.096,276.786,24.352,-1.178
274340,277.096,276.786,24.352,-1.178
274350,278.115,276.786,24.352,-3.36303
274360,278.115,277.141,24.352,-3.36303
274370,277.766,277.141,24.352,-3.36303
274380,277.159,277.141,74.4937,-1.178
274390,277.159,277.141,74.4937,-1.178
274400,277.159,276.868,74.4937,-1.178
274410,277.159,276.906,26.3029,-1.178
274420,277.159,276.686,34.6296,-1.178
274430,277.159,276.686,34.6296,-1.178
274440,277.159,276.686,34.6296,-1.178
274450,277.159,277.046,16.7425,-1.178
274460,277.241,277.153,78.9982,-1.178
274470,277.241,277.153,78.9982,-1.178
274480,277.241,277.153,71.4264,-1.178
274490,277.241,277.153,86.4077,-1.178
274500,277.241,277.153,40.2302,-1.178
274510,277.241,276.892,40.2302,-1.178
274520,277.241,276.892,67.9088,-1.178
274530,277.241,276.892,23.9674,-1.178
274540,277.241,276.892,23.9674,-1.178
274550,277.241,277.122,38.9543,-1.178
274560,277.241,277.122,38.9543,-1.178
274570,277.241,277.122,41.4471,-1.178
274580,277.141,276.741,41.4471,-1.178
274590,277.141,276.741,41.4471,-1.178
274600,276.882,276.741,41.4471,-1.178
274610,276.882,276.741,21.214,-1.178
274620,276.882,276.741,8.73154,-1.178
274630,276.882,276.741,8.73154,-1.178
274640,276.882,276.741,74.8302,-1.178
274650,276.991,276.741,74.8302,-1.178
274660,277.286,276.741,56.1373,-3.36303
274670,277.341,277.077,56.1373,-1.178
274680,277.419,277.077,37.959,-1.178
274690,277.419,277.077,37.959,-1.178
274700,277.103,277.101,37.959,-1.178
274710,277.103,277.101,120.021,-1.178
274720,277.103,277.101,36.3633,-1.178
274730,277.103,277.101,36.3633,-1.178
274740,277.545,277.101,36.3633,-1.178
274750,277.545,277.058,36.3633,-1.178
274760,277.545,277.058,36.3633,-1.178
274770,277.545,277.058,27.9823,-1.178
274780,277.545,277.058,10.0007,-1.178
274790,277.353,277.058,10.0007,-1.178
274800,277.239,276.719,10.0007,-1.178
274810,277.239,276.719,10.0007,-1.178
274820,277.239,276.719,10.0007,-1.178
274830,277.239,276.719,10.0007,-1.178
274840,277.239,276.719,10.0007,-1.178
274850,277.239,276.719,10.0007,-1.178
274860,277.239,276.719,10.0007,-1.178
274870,277.239,277.041,10.0007,-1.178
274880,277.315,277.041,10.0007,-1.178
274890,277.315,277.041,51.184,-1.178
274900,277.315,277.041,61.1879,-1.178
274910,277.315,277.075,77.1282,-1.178
274920,277.204,277.075,104.136,-1.178
274930,277.203,277.075,27.1555,-1.178
274940,277.203,277.075,27.1555,-1.178
274950,277.176,276.321,27.1555,-3.36303
274960,276.399,276.321,80.1263,-1.178
274970,276.399,276.321,89.5888,-1.178
274980,276.399,276.055,89.5888,-3.36303
274990,276.399,276.244,89.5888,-1.178
275000,276.399,276.244,89.5888,-1.178
275010,276.476,276.244,36.8255,-1.178
275020,276.476,275.863,39.7597,-3.36303
275030,276.476,275.863,39.7597,-3.36303
275040,276.204,275.863,39.7597,-1.178
275050,276.204,276.169,120.031,-1.178
275060,276.204,276.169,128.802,-1.178
275070,276.204,276.169,32.8488,-1.178
275080,276.204,276.169,32.8488,-1.178
275090,276.204,276.129,32.8488,-1.178
275100,276.64,276.129,9.21423,-1.178
275110,276.64,276.129,9.21423,-1.178
275120,276.64,276.129,9.21423,-1.178
275130,276.251,276.129,9.21423,-1.178
275140,276.446,276.129,40.7765,-1.178
275150,276.446,276.129,40.7765,-1.178
275160,276.446,276.129,40.7765,-1.178
275170,276.446,275.775,22.5198,-3.36303
275180,276.446,276.395,22.5198,-1.178
275190,276.446,276.395,85.0317,-1.178
275200,276.446,276.395,99.5107,-1.178
275210,276.446,276.338,99.5107,-1.178
275220,276.446,276.338,99.5107,-1.178
275230,276.446,276.337,86.6996,-1.178
275240,276.446,276.337,86.6996,-1.178
275250,276.432,276.337,86.6996,-1.178
275260,276.432,276.337,86.6996,-1.178
275270,276.339,276.337,19.2168,-1.178
275280,276.768,276.337,19.2168,-1.178
275290,275.6,275.565,19.2168,-1.178
275300,275.6,275.548,19.2168,-1.178
275310,275.788,275.548,19.2168,-1.178
275320,275.788,274.565,21.9934,-3.36303
275330,275.067,274.089,30.6377,-3.36303
275340,274.327,274.089,30.6377,-1.178
275350,274.327,274.089,30.6377,-1.178
275360,274.327,274.089,30.6377,-1.178
275370,273.773,273.385,30.6377,-1.178
275380,273.438,273.385,30.6377,-1.178
275390,273.438,273.385,30.6377,-1.178
275400,273.438,272.939,29.3795,-1.178
275410,273.438,272.939,10.513,-1.178
275420,273.438,272.939,10.513,-1.178
275430,273.438,272.939,10.513,-1.178
275440,275.141,272.939,84.764,-7.49676
275450,275.141,274.695,84.764,-3.36303
275460,275.141,274.695,28.8149,-1.178
275470,275.213,274.695,28.8149,-1.178
275480,275.213,274.984,28.8149,-1.178
275490,275.213,274.984,0.63921,-1.178
275500,275.213,274.979,56.9177,-1.178
275510,275.213,274.979,54.6795,-1.178
275520,275.213,275.134,76.1911,-1.178
275530,275.213,275.198,87.6273,-1.178
275540,275.213,275.198,87.6273,-1.178
275550,275.213,275.198,87.6273,-1.178
275560,275.213,275.198,87.6273,-1.178
275570,275.213,275.198,123.17,-1.178
275580,275.213,275.198,33.7501,-1.178
275590,275.213,275.198,102.247,-1.178
275600,275.213,275.198,108.576,-1.178
275610,275.213,275.198,50.6681,-1.178
275620,275.213,275.198,50.6681,-1.178
275630,275.213,275.198,50.6681,-1.178
275640,275.213,275.198,133.975,-1.178
275650,275.213,275.198,133.975,-1.178
275660,275.213,275.198,133.975,-1.178
275670,275.213,275.198,111.405,-1.178
275680,275.213,275.198,135.107,-3.36303
275690,275.213,275.198,68.3605,-1.178
275700,275.213,275.198,45.9892,-1.178
275710,275.213,275.198,80.2098,-1.178
275720,275.213,275.198,80.2098,-1.178
275730,275.213,275.198,131.867,-1.178
275740,275.213,275.198,131.494,-1.178
275750,275.213,275.198,131.494,-1.178
275760,275.213,275.198,131.494,-1.178
275770,275.213,275.198,122.641,-1.178
275780,275.213,275.198,122.641,-1.178
275790,275.213,275.198,19.2126,-1.178
275800,275.458,275.311,42.0885,-1.178
275810,275.458,275.311,42.0885,-1.178
275820,275.458,275.311,66.1433,-1.178
275830,275.458,275.311,66.1433,-1.178
275840,275.822,275.311,66.1433,-3.36303
275850,275.547,275.311,3.88018,-1.178
275860,275.547,275.246,42.4696,-1.178
275870,275.547,275.246,42.4696,-1.178
275880,275.547,275.246,42.4696,-1.178
275890,275.547,275.077,36.0059,-1.178
275900,275.558,275.518,111.745,-1.178
275910,275.558,275.518,111.745,-1.178
275920,275.558,275.518,119.893,-1.178
275930,275.558,275.518,119.893,-1.178
275940,275.558,275.518,65.9907,-1.178
275950,275.558,275.518,65.9907,-1.178
275960,275.558,275.518,171.942,-7.49676
275970,275.558,275.518,78.2844,-1.178
275980,275.558,275.518,43.9748,-1.178
275990,275.936,275.518,43.9748,-1.178
276000,275.936,275.563,43.9748,-1.178
276010,275.936,275.563,43.9748,-1.178
276020,275.936,275.563,13.3887,-1.178
276030,275.936,275.497,13.3887,-1.178
276040,275.936,275.497,13.3887,-1.178
276050,275.936,275.497,13.3887,-1.178
276060,275.582,275.497,13.3887,-1.178
276070,275.65,275.497,13.3887,-1.178
276080,275.65,275.497,34.9093,-1.178
276090,275.65,275.497,17.8291,-1.178
276100,275.65,275.497,78.2351,-1.178
276110,275.65,275.497,78.2351,-1.178
276120,275.65,275.497,78.2351,-1.178
276130,275.542,275.497,78.2351,-1.178
276140,275.542,275.497,78.2351,-1.178
276150,275.542,275.497,4.19738,-1.178
276160,275.542,275.497,72.1318,-1.178
276170,275.542,275.497,64.2581,-1.178
276180,275.542,275.497,64.2581,-1.178
276190,275.542,275.497,112.88,-1.178
276200,275.542,275.497,112.88,-1.178
276210,275.704,275.497,112.88,-3.36303
276220,275.704,275.497,112.88,-3.36303
276230,275.704,275.497,112.88,-3.36303
276240,275.693,274.946,19.8626,-3.36303
276250,276.307,274.946,19.8626,-3.36303
276260,276.021,274.946,19.8626,-3.36303
276270,274.862,274.714,43.2171,-1.178
276280,274.862,274.714,19.9328,-1.178
276290,274.862,274.417,19.9328,-1.178
276300,274.679,274.417,19.9328,-1.178
276310,274.825,274.602,19.9328,-1.178
276320,274.788,274.602,19.9328,-1.178
276330,274.788,274.73,24.4784,-1.178
276340,274.87,274.541,18.831,-1.178
276350,275.018,274.658,18.831,-1.178
276360,274.754,274.658,52.1083,-1.178
276370,274.754,274.658,52.1083,-1.178
276380,274.754,274.658,32.063,-1.178
276390,275.161,274.658,32.063,-1.178
276400,275.161,274.658,30.6568,-1.178
276410,275.161,274.658,31.8285,-1.178
276420,274.646,274.619,31.8285,-1.178
276430,274.646,274.619,126.659,-1.178
276440,274.646,274.619,126.659,-1.178
276450,274.646,274.619,126.659,-1.178
276460,274.646,274.619,126.659,-1.178
276470,274.646,274.619,43.2729,-1.178
276480,274.646,274.619,43.2729,-1.178
276490,274.646,273.894,43.2729,-3.36303
276500,274.788,273.894,43.2729,-3.36303
276510,274.788,274.354,43.2729,-1.178
276520,274.541,274.354,43.2729,-1.178
276530,274.541,274.354,29.0819,-1.178
276540,274.541,274.354,42.3721,-1.178
276550,274.541,274.354,42.3721,-1.178
276560,274.595,274.354,42.3721,-1.178
276570,274.595,274.428,104.509,-1.178
276580,274.454,274.428,104.509,-1.178
276590,274.454,274.428,104.509,-1.178
276600,274.454,274.428,104.509,-1.178
276610,274.454,274.428,104.509,-1.178
276620,274.454,274.428,95.848,-1.178
276630,274.454,274.428,95.848,-1.178
276640,274.454,274.428,41.7395,-1.178
276650,274.698,273.641,41.7395,-3.36303
276660,274.698,273.641,38.1985,-3.36303
276670,274.698,274.096,38.1985,-3.36303
276680,274.698,274.231,38.1985,-1.178
276690,274.698,274.231,38.1985,-1.178
276700,274.729,274.231,38.1985,-1.178
276710,274.729,274.231,38.1985,-1.178
276720,274.729,274.231,38.1985,-1.178
276730,274.729,274.231,38.1985,-1.178
276740,274.729,274.231,38.1985,-1.178
276750,274.616,274.603,38.1985,-1.178
276760,274.616,274.603,119.244,-1.178
276770,274.616,274.603,19.3499,-1.178
276780,274.616,274.164,19.3499,-1.178
276790,274.577,274.483,19.3499,-1.178
276800,274.577,274.261,15.858,-1.178
276810,274.732,274.261,34.0951,-1.178
276820,274.388,272.862,34.0951,-5.42989
276830,273.524,272.862,34.0951,-3.36303
276840,274.007,272.862,34.0951,-3.36303
276850,274.007,273.867,34.0951,-1.178
276860,274.007,273.867,34.0951,-1.178
276870,274.007,272.938,12.6934,-3.36303
276880,274.007,272.874,12.6934,-3.36303
276890,274.007,272.874,12.6934,-3.36303
276900,273.621,272.874,12.6934,-3.36303
276910,274.825,272.874,34.7464,-5.42989
276920,273.412,273.172,34.7464,-1.178
276930,273.412,273.172,15.6344,-1.178
276940,273.412,273.181,15.6344,-1.178
276950,273.412,273.181,15.6344,-1.178
276960,273.412,273.352,95.2656,-1.178
276970,273.412,273.352,95.2656,-1.178
276980,273.412,273.352,44.0961,-1.178
276990,273.833,273.783,44.0961,-1.178
277000,273.833,273.783,44.0961,-1.178
277010,273.936,273.563,44.0961,-1.178
277020,273.936,273.563,44.0961,-1.178
277030,273.936,273.563,61.7923,-1.178
277040,273.936,273.563,61.7923,-1.178
277050,273.936,273.563,9.31169,-1.178
277060,273.943,273.563,9.31169,-1.178
277070,273.943,273.563,9.31169,-1.178
277080,273.63,273.563,9.31169,-1.178
277090,273.79,273.563,9.31169,-1.178
277100,273.79,273.563,9.31169,-1.178
277110,273.79,273.563,9.31169,-1.178
277120,273.79,273.649,9.31169,-1.178
277130,273.79,273.474,69.5374,-1.178
277140,273.485,273.474,69.5374,-1.178
277150,273.485,273.474,126.902,-1.178
277160,273.485,273.474,126.902,-1.178
277170,273.485,273.474,95.9573,-1.178
277180,273.485,273.474,57.3016,-1.178
277190,273.485,273.398,57.3016,-1.178
277200,273.485,273.398,97.6765,-1.178
277210,273.485,273.398,13.6564,-1.178
277220,273.485,273.398,13.6564,-1.178
277230,273.485,273.104,9.13799,-1.178
277240,273.485,273.313,9.13799,-1.178
277250,273.68,273.313,5.54237,-1.178
277260,273.68,273.313,5.54237,-1.178
277270,273.68,273.313,91.5997,-3.36303
277280,273.68,273.313,91.5997,-3.36303
277290,273.603,273.076,91.5997,-3.36303
277300,273.603,273.076,91.5997,-3.36303
277310,273.603,273.076,87.2936,-3.36303
277320,273.603,273.076,64.7259,-3.36303
277330,273.603,273.076,31.6186,-1.178
277340,273.603,273.076,31.6186,-1.178
277350,273.603,273.108,31.6186,-1.178
277360,273.603,273.108,31.6186,-1.178
277370,273.162,273.108,31.6186,-1.178
277380,273.162,273.108,31.6186,-1.178
277390,273.162,273.108,107.637,-1.178
277400,273.162,273.108,107.637,-1.178
277410,273.162,273.108,0.298119,-1.178
277420,273.162,273.108,0.298119,-1.178
277430,273.271,273.108,75.7432,-1.178
277440,273.271,271.694,75.7432,-7.49676
277450,273.271,272.603,75.7432,-3.36303
277460,274.522,274.128,74.4816,-3.36303
277470,274.522,274.056,17.542,-1.178
277480,274.522,274.056,17.542,-1.178
277490,274.522,274.162,17.542,-1.178
277500,274.522,273.631,17.542,-3.36303
277510,273.459,273.417,17.542,-1.178
277520,273.459,273.4,17.542,-1.178
277530,273.459,273.4,2.45007,-1.178
277540,273.459,272.794,2.45007,-1.178
277550,273.459,272.794,2.45007,-1.178
277560,272.907,272.794,127.051,-3.36303
277570,272.907,272.794,127.051,-3.36303
277580,272.907,272.794,127.051,-3.36303
277590,272.907,272.794,85.0962,-1.178
277600,273.355,272.794,85.0962,-3.36303
277610,273.355,272.794,95.8816,-5.42989
277620,273.355,272.982,6.57242,-1.178
277630,273.355,272.982,67.2935,-3.36303
277640,273.301,272.982,63.036,-1.178
277650,273.301,272.982,63.036,-1.178
277660,273.301,272.982,67.45,-1.178
277670,273.301,273.082,67.45,-1.178
277680,273.301,273.082,67.45,-1.178
277690,273.301,273.082,67.45,-1.178
277700,273.301,273.253,67.45,-1.178
277710,273.301,273.253,67.45,-1.178
277720,273.301,273.253,104.593,-1.178
277730,273.301,273.253,104.593,-1.178
277740,273.301,273.253,63.4356,-1.178
277750,273.301,273.253,63.4356,-1.178
277760,273.301,273.253,69.7294,-1.178
277770,273.47,271.973,6.45711,-3.36303
277780,273.402,272.033,6.45711,-3.36303
277790,272.787,272.769,6.45711,-1.178
277800,272.787,271.28,6.45711,-3.36303
277810,272.787,272.606,14.8672,-1.178
277820,273.194,272.606,14.8672,-1.178
277830,273.194,273.052,14.8672,-1.178
277840,273.451,272.296,14.8672,-3.36303
277850,272.668,271.295,15.0232,-3.36303
277860,271.394,271.295,65.4584,-1.178
277870,271.394,271.295,31.1979,-1.178
277880,271.394,271.316,31.1979,-1.178
277890,271.515,271.321,31.1979,-1.178
277900,271.515,271.321,64.7821,-1.178
277910,271.515,271.321,8.06674,-1.178
277920,271.846,271.321,8.06674,-1.178
277930,271.388,271.321,8.06674,-1.178
277940,271.388,271.321,8.06674,-1.178
277950,271.416,271.321,8.06674,-1.178
277960,271.416,271.321,21.3153,-1.178
277970,271.416,271.321,50.3727,-1.178
277980,271.433,271.321,50.3727,-1.178
277990,271.433,271.321,50.3727,-1.178
278000,271.433,271.321,50.3727,-1.178
278010,271.433,271.321,81.8843,-1.178
278020,271.433,271.329,81.8843,-1.178
278030,271.433,271.387,81.8843,-1.178
278040,271.433,271.387,40.4786,-1.178
278050,271.433,271.387,40.4786,-1.178
278060,271.433,271.387,17.572,-1.178
278070,271.433,271.387,17.572,-1.178
278080,271.433,271.401,17.572,-1.178
278090,271.759,271.401,17.572,-1.178
278100,271.759,270.5,17.572,-3.36303
278110,271.737,270.5,17.572,-3.36303
278120,270.833,270.5,2.72364,-1.178
278130,270.833,270.806,34.0391,-1.178
278140,270.833,270.806,98.3968,-1.178
278150,270.833,270.666,51.322,-1.178
278160,270.833,270.666,9.19861,-1.178
278170,270.833,270.666,46.1553,-1.178
278180,271.324,270.666,0.477081,-1.178
278190,271.324,270.666,0.477081,-1.178
278200,271.324,270.666,0.477081,-1.178
278210,271.117,270.666,0.477081,-1.178
278220,270.322,270.168,0.477081,-1.178
278230,270.322,270.258,33.7907,-1.178
278240,270.322,270.288,75.3156,-1.178
278250,270.383,270.288,15.0387,-1.178
278260,270.383,270.288,15.0387,-1.178
278270,270.383,270.288,15.0387,-1.178
278280,269.853,269.28,15.0387,-1.178
278290,269.853,269.28,15.0387,-1.178
278300,269.853,269.28,15.0387,-1.178
278310,269.643,269.28,15.0387,-1.178
278320,269.643,269.216,15.0387,-1.178
278330,269.691,269.492,15.0387,-1.178
278340,269.691,269.492,50.6032,-1.178
278350,269.691,269.492,53.2914,-1.178
278360,269.174,268.184,53.2914,-3.36303
278370,268.913,268.184,53.2914,-3.36303
278380,268.913,268.184,28.7331,-3.36303
278390,268.913,268.184,28.7331,-3.36303
278400,269.153,268.677,33.0144,-1.178
278410,269.153,268.677,33.0144,-1.178
278420,268.75,268.677,33.0144,-1.178
278430,268.75,268.217,33.0144,-1.178
278440,268.726,268.217,33.0144,-1.178
278450,268.726,268.217,33.0144,-1.178
278460,268.726,268.217,33.0144,-1.178
278470,268.533,268.217,33.0144,-1.178
278480,268.533,268.259,33.0144,-1.178
278490,268.533,267.619,1.29784,-3.36303
278500,268.875,266.632,9.08594,-5.42989
278510,268.163,266.632,9.08594,-5.42989
278520,268.163,267.338,30.8828,-3.36303
278530,267.47,267.338,30.8828,-1.178
278540,267.47,267.321,30.8828,-1.178
278550,267.413,267.321,58.5152,-1.178
278560,267.413,267.091,58.5152,-1.178
278570,267.108,267.091,17.2485,-1.178
278580,267.108,267.091,17.2485,-1.178
278590,267.108,267.091,107.348,-1.178
278600,267.108,267.091,107.348,-1.178
278610,267.108,267.091,102.374,-1.178
278620,267.108,267.091,102.374,-1.178
278630,267.108,267.091,93.5351,-1.178
278640,267.076,267.049,93.5351,-1.178
278650,267.076,267.049,38.6866,-1.178
278660,267.076,267.049,38.6866,-1.178
278670,267.076,267.049,5.31947,-1.178
278680,267.076,267.049,96.5108,-1.178
278690,268.055,267.049,39.3003,-3.36303
278700,268.055,267.361,21.0396,-3.36303
278710,267.404,267.361,93.0001,-1.178
278720,267.404,267.361,57.8016,-1.178
278730,267.481,267.361,50.2778,-1.178
278740,267.481,267.3,23.6614,-1.178
278750,267.429,267.3,23.6614,-1.178
278760,267.429,267.168,23.6614,-1.178
278770,267.413,267.23,23.6614,-1.178
278780,267.719,267.23,23.6614,-1.178
278790,267.719,267.23,41.0112,-1.178
278800,267.719,267.23,41.0112,-1.178
278810,267.719,267.23,41.0112,-1.178
278820,267.719,267.23,41.0112,-1.178
278830,267.719,267.23,41.0112,-1.178
278840,267.719,267.23,41.0112,-1.178
278850,267.518,267.23,41.0112,-1.178
278860,267.518,267.23,41.0112,-1.178
278870,267.518,267.23,73.2926,-1.178
278880,267.518,267.23,73.2926,-1.178
278890,267.376,267.054,73.2926,-1.178
278900,267.376,267.054,73.2926,-1.178
278910,267.379,267.054,14.6443,-1.178
278920,267.408,267.054,19.1134,-1.178
278930,267.408,266.797,19.1134,-1.178
278940,267.772,267.381,19.1134,-1.178
278950,267.772,267.318,19.1134,-1.178
278960,267.772,267.318,19.1134,-1.178
278970,267.772,267.318,14.5331,-1.178
278980,267.892,267.318,60.7017,-3.36303
278990,267.892,267.059,58.3294,-3.36303
279000,267.892,267.689,49.8608,-1.178
279010,267.892,267.689,49.8608,-1.178
279020,267.892,267.87,91.1343,-1.178
279030,267.892,267.87,98.8528,-1.178
279040,267.892,267.87,46.9429,-1.178
279050,268.349,267.87,18.1106,-1.178
279060,268.349,267.87,42.836,-1.178
279070,268.349,267.87,42.836,-1.178
279080,268.349,267.322,81.8679,-5.42989
279090,268.443,267.539,81.8679,-5.42989
279100,268.443,268.316,20.0465,-1.178
279110,269.365,268.093,17.2616,-3.36303
279120,268.523,268.093,17.2616,-1.178
279130,268.523,268.406,17.2616,-1.178
279140,268.774,268.441,17.2616,-1.178
279150,268.774,268.441,17.2616,-1.178
279160,268.774,268.441,17.2616,-1.178
279170,269.803,269.236,17.2616,-1.178
279180,269.803,269.236,17.2616,-1.178
279190,269.803,269.236,17.2616,-1.178
279200,269.935,269.642,17.2616,-1.178
279210,269.935,269.354,17.2616,-1.178
279220,269.849,269.669,53.9286,-1.178
279230,269.849,269.669,53.9286,-1.178
279240,269.908,269.669,53.9286,-1.178
279250,269.908,269.208,53.9286,-3.36303
279260,269.908,269.208,53.9286,-3.36303
279270,269.4,269.208,23.8099,-1.178
279280,269.4,269.208,23.8099,-1.178
279290,269.4,269.208,95.5904,-1.178
279300,269.395,269.208,95.5904,-1.178
279310,269.395,269.208,95.5904,-1.178
279320,269.395,269.208,54.3398,-1.178
279330,269.395,269.314,53.5916,-1.178
279340,269.395,269.314,53.5916,-1.178
279350,269.395,269.314,53.5916,-1.178
279360,269.395,269.314,53.5916,-1.178
279370,269.395,269.387,53.5916,-1.178
279380,269.395,269.387,53.5916,-1.178
279390,269.395,269.387,126.444,-1.178
279400,269.395,269.387,126.444,-1.178
279410,269.395,269.387,0.33862,-1.178
279420,269.395,269.387,0.33862,-1.178
279430,269.395,269.387,93.0234,-1.178
279440,269.395,269.387,127.293,-1.178
279450,269.395,269.387,4.09561,-1.178
279460,269.395,269.387,4.09561,-1.178
279470,269.395,269.387,4.09561,-1.178
279480,269.646,269.124,4.09561,-1.178
279490,269.604,269.124,4.09561,-1.178
279500,269.297,269.022,4.09561,-1.178
279510,269.573,269.022,4.09561,-1.178
279520,270.602,269.539,4.09561,-3.36303
279530,270.602,270.585,35.3204,-1.178
279540,270.602,270.585,25.0756,-1.178
279550,271.123,270.618,14.8731,-1.178
279560,271.123,270.534,14.8731,-1.178
279570,271.079,270.534,14.8731,-1.178
279580,271.079,270.534,14.8731,-1.178
279590,271.079,270.534,14.8731,-1.178
279600,271.079,270.534,59.8599,-3.36303
279610,271.079,270.306,59.8599,-3.36303
279620,270.366,270.306,59.8599,-1.178
279630,270.366,270.306,59.8599,-1.178
279640,270.366,270.306,69.5774,-1.178
279650,270.366,270.306,69.5774,-1.178
279660,270.366,270.306,69.5774,-1.178
279670,270.366,270.306,69.5774,-1.178
279680,270.366,270.038,75.2225,-3.36303
279690,270.366,270.038,31.1696,-1.178
279700,270.366,270.038,31.1696,-1.178
279710,270.457,270.038,31.1696,-1.178
279720,270.222,270.003,31.1696,-1.178
279730,269.591,269.392,31.1696,-1.178
279740,269.605,269.392,31.1696,-1.178
279750,269.605,269.441,97.9949,-1.178
279760,269.605,269.6,65.7909,-1.178
279770,269.605,269.6,29.4002,-1.178
279780,269.605,269.6,66.819,-1.178
279790,269.605,269.6,94.5359,-1.178
279800,269.605,269.6,94.5359,-1.178
279810,269.605,269.6,47.7096,-1.178
279820,269.605,269.6,103.147,-1.178
279830,269.605,269.6,103.147,-1.178
279840,269.605,269.6,9.79394,-1.178
279850,270.197,269.864,9.79394,-1.178
279860,270.197,269.625,9.79394,-1.178
279870,270.197,269.958,9.79394,-1.178
279880,270.197,269.569,15.7591,-1.178
279890,269.737,269.569,15.7591,-1.178
279900,269.737,269.569,15.7591,-1.178
279910,269.737,269.569,15.7591,-1.178
279920,269.737,269.569,77.7566,-1.178
279930,269.737,269.569,77.7566,-1.178
279940,269.737,269.668,77.7566,-1.178
279950,269.737,269.668,77.7566,-1.178
279960,269.737,269.668,77.7566,-1.178
279970,269.737,269.484,77.7566,-1.178
279980,269.737,269.682,76.8855,-1.178
279990,269.661,269.478,11.0337,-1.178
280000,269.661,269.478,71.8351,-1.178
280010,269.661,269.478,71.8351,-1.178
280020,269.661,269.478,71.8351,-1.178
280030,269.661,269.478,71.8351,-1.178
280040,269.661,269.626,71.8351,-1.178
280050,269.661,269.626,71.8351,-1.178
280060,269.7,269.664,71.8351,-1.178
280070,269.7,269.664,71.8351,-1.178
280080,269.7,269.664,74.375,-1.178
280090,269.7,269.664,74.375,-1.178
280100,269.079,269.068,40.388,-1.178
280110,269.079,268.806,40.388,-1.178
280120,269.079,268.915,40.388,-1.178
280130,269.079,268.601,40.388,-1.178
280140,269.079,268.601,40.388,-1.178
280150,269.086,268.921,40.388,-1.178
280160,269.086,268.921,34.6752,-1.178
280170,269.086,268.838,34.6752,-1.178
280180,269.078,268.67,34.6752,-1.178
280190,269.078,268.67,34.6752,-1.178
280200,269.726,268.67,36.684,-3.36303
280210,269.726,269.267,36.684,-1.178
280220,269.673,269.267,22.7736,-1.178
280230,269.673,268.891,22.7736,-3.36303
280240,269.673,268.891,22.7736,-3.36303
280250,269.649,269.392,22.7736,-1.178
280260,269.462,269.392,12.1167,-1.178
280270,269.462,269.392,115.765,-1.178
280280,269.462,269.392,80.5119,-1.178
280290,269.707,269.424,47.9427,-1.178
280300,269.707,269.424,47.9427,-1.178
280310,269.929,269.372,47.9427,-3.36303
280320,269.929,269.372,47.9427,-3.36303
280330,269.929,269.372,47.9427,-3.36303
280340,269.929,269.756,47.9427,-1.178
280350,269.901,269.756,56.0843,-1.178
280360,270.36,268.827,2.88847,-3.36303
280370,271.623,269.746,2.88847,-5.42989
280380,272.357,269.746,2.88847,-5.42989
280390,270.579,269.746,2.88847,-3.36303
280400,270.296,269.746,2.88847,-1.178
280410,270.296,269.746,2.88847,-1.178
280420,270.296,270.029,2.88847,-1.178
280430,270.197,270.029,2.88847,-1.178
280440,270.279,269.67,2.88847,-1.178
280450,270.279,269.67,18.7526,-1.178
280460,270.279,269.388,18.7526,-3.36303
280470,269.851,269.612,18.7526,-1.178
280480,269.735,269.357,18.7526,-1.178
280490,269.735,269.242,18.7526,-1.178
280500,269.735,269.242,18.7526,-1.178
280510,269.435,268.426,18.7526,-3.36303
280520,269.435,268.457,18.7526,-3.36303
280530,269.435,268.457,18.7526,-3.36303
280540,268.515,267.991,18.7526,-1.178
280550,268.515,267.991,24.622,-1.178
280560,269.13,267.991,24.622,-3.36303
280570,269.13,267.991,24.622,-3.36303
280580,269.13,267.991,24.622,-3.36303
280590,268.258,267.991,24.622,-1.178
280600,268.258,268.121,24.622,-1.178
280610,269.183,268.121,24.622,-3.36303
280620,268.682,268.121,24.622,-1.178
280630,268.682,268.121,24.622,-1.178
280640,268.682,268.121,24.622,-1.178
280650,268.796,268.42,24.622,-1.178
280660,268.796,268.42,24.622,-1.178
280670,268.796,268.42,24.622,-1.178
280680,268.796,268.467,54.2063,-1.178
280690,268.796,268.467,179.565,-7.49676
280700,268.673,267.638,115.512,-7.49676
280710,269.608,269.069,20.0738,-1.178
280720,269.273,269.069,20.0738,-1.178
280730,269.273,269.069,20.0738,-1.178
280740,269.104,269.069,107.987,-1.178
280750,269.104,269.069,107.987,-1.178
280760,269.104,269.069,69.5734,-1.178
280770,269.104,269.069,69.5734,-1.178
280780,269.086,269.069,64.1147,-1.178
280790,269.086,269.069,64.1147,-1.178
280800,269.086,269.069,62.171,-1.178
280810,269.086,269.069,1.80461,-1.178
280820,269.086,268.399,1.80461,-1.178
280830,269.086,268.399,75.328,-3.36303
280840,269.086,267.832,75.328,-5.42989
280850,269.086,268.131,9.89315,-3.36303
280860,270.647,268.131,9.89315,-5.42989
280870,269.58,269.045,9.89315,-1.178
280880,270.694,269.045,9.89315,-5.42989
280890,270.694,268.674,81.7237,-7.49676
280900,270.694,270.588,97.0133,-1.178
280910,270.694,270.588,97.0133,-1.178
280920,270.694,270.588,97.0133,-1.178
280930,270.694,270.588,97.0133,-1.178
280940,270.694,270.588,97.0133,-1.178
280950,270.694,270.374,34.021,-1.178
280960,270.694,270.374,34.021,-1.178
280970,270.385,270.032,30.9725,-1.178
280980,270.385,270.032,30.9725,-1.178
280990,270.385,270.032,32.6333,-1.178
281000,270.36,270.032,32.6333,-1.178
281010,270.36,270.032,32.6333,-1.178
281020,271.25,270.032,32.6333,-3.36303
281030,270.786,270.575,32.6333,-1.178
281040,270.786,270.575,32.6333,-1.178
281050,271,270.575,32.6333,-1.178
281060,271,270.575,32.6333,-1.178
281070,271,270.575,32.6333,-1.178
281080,270.871,270.575,32.6333,-1.178
281090,271.357,270.816,32.6333,-1.178
281100,271.357,270.816,32.6333,-1.178
281110,271.357,270.816,32.6333,-1.178
281120,271.357,270.816,32.6333,-1.178
281130,269.551,269.023,32.6333,-1.178
281140,269.428,268.876,32.6333,-3.36303
281150,269.428,268.876,53.3175,-3.36303
281160,269.428,268.876,53.3175,-3.36303
281170,269.428,268.876,17.0529,-1.178
281180,269.428,268.876,17.0529,-1.178
281190,269.428,268.876,17.0529,-1.178
281200,269.428,269.31,17.0529,-1.178
281210,269.428,269.31,17.0529,-1.178
281220,269.428,269.052,17.0529,-1.178
281230,269.52,269.052,26.9622,-1.178
281240,269.52,269.246,26.9622,-1.178
281250,269.14,269.055,26.9622,-1.178
281260,269.14,269.055,26.9622,-1.178
281270,269.979,269.055,26.9622,-3.36303
281280,269.979,268.026,6.15852,-5.42989
281290,268.476,268.026,145.619,-7.49676
281300,268.717,267.627,145.619,-7.49676
281310,267.837,267.348,15.1348,-1.178
281320,267.837,267.348,28.8698,-1.178
281330,267.495,267.302,20.1095,-1.178
281340,267.495,267.302,20.1095,-1.178
281350,267.495,267.302,61.4641,-1.178
281360,267.495,266.946,19.0819,-1.178
281370,267.495,266.999,19.0819,-1.178
281380,267.495,266.999,19.0819,-1.178
281390,267.154,266.999,94.8486,-1.178
281400,267.154,266.999,94.8486,-1.178
281410,267.154,266.999,94.8486,-1.178
281420,267.029,266.76,14.6886,-1.178
281430,267.029,267.014,45.438,-1.178
281440,267.029,267.014,45.438,-1.178
281450,267.102,267.014,9.11748,-1.178
281460,267.102,267.014,9.11748,-1.178
281470,267.102,267.014,44.093,-1.178
281480,267.102,267.014,44.093,-1.178
281490,267.102,267.014,44.093,-1.178
281500,267.102,266.704,44.093,-1.178
281510,267.102,266.704,17.9712,-1.178
281520,268.102,267.783,17.9712,-1.178
281530,268.102,267.783,17.9712,-1.178
281540,268.102,267.783,17.9712,-1.178
281550,268.102,267.783,17.9712,-1.178
281560,268.102,267.783,17.9712,-1.178
281570,268.102,267.783,17.9712,-1.178
281580,268.102,267.783,17.9712,-1.178
281590,268.102,267.783,17.9712,-1.178
281600,268.205,267.783,17.9712,-1.178
281610,268.205,267.778,8.93263,-1.178
281620,268.171,267.778,8.93263,-1.178
281630,268.171,268.083,8.93263,-1.178
281640,268.171,268.083,8.93263,-1.178
281650,268.171,268.083,8.93263,-1.178
281660,268.171,268.083,43.1497,-1.178
281670,268.171,267.922,43.1497,-1.178
281680,268.171,267.922,43.1497,-1.178
281690,268.019,267.922,30.9313,-1.178
281700,268.019,267.922,52.3554,-1.178
281710,268.019,267.838,52.3554,-1.178
281720,268.019,267.838,52.3554,-1.178
281730,268.019,267.838,21.7303,-1.178
281740,267.907,267.838,104.855,-1.178
281750,267.907,267.838,104.855,-1.178
281760,267.907,267.838,116.197,-1.178
281770,267.86,267.838,116.197,-1.178
281780,267.86,267.838,127.407,-1.178
281790,267.86,267.838,127.407,-1.178
281800,267.86,267.838,127.407,-1.178
281810,268.201,267.838,33.46,-1.178
281820,268.201,267.838,33.46,-1.178
281830,268.201,267.838,33.46,-1.178
281840,267.908,267.838,33.46,-1.178
281850,268.047,267.838,4.43483,-1.178
281860,267.872,267.679,4.43483,-1.178
281870,267.872,267.304,4.43483,-1.178
281880,267.765,267.434,4.43483,-1.178
281890,267.765,267.434,3.59665,-1.178
281900,267.765,267.434,3.59665,-1.178
281910,267.821,267.434,3.59665,-1.178
281920,267.424,265.841,3.59665,-5.42989
281930,267.424,265,0.204641,-5.42989
281940,266.395,265,0.204641,-3.36303
281950,264.754,264.395,0.204641,-1.178
281960,264.754,264.395,4.2453,-1.178
281970,264.754,264.395,4.2453,-1.178
281980,264.754,264.395,4.2453,-1.178
281990,264.754,264.112,4.2453,-1.178
282000,264.282,264.112,74.3429,-1.178
282010,264.282,264.112,74.3429,-1.178
282020,264.282,264.112,74.3429,-1.178
282030,264.282,264.112,74.3429,-1.178
282040,264.282,264.247,74.3429,-1.178
282050,264.378,264.247,54.4093,-1.178
282060,264.378,264.247,60.9544,-1.178
282070,264.378,264.247,117.363,-3.36303
282080,264.378,264.247,117.363,-3.36303
282090,264.378,264.247,117.363,-3.36303
282100,264.378,264.247,91.3722,-1.178
282110,264.378,264.247,74.2459,-1.178
282120,264.378,264.357,74.2459,-1.178
282130,264.378,264.357,74.2459,-1.178
282140,264.378,264.055,74.2459,-1.178
282150,264.378,264.055,74.2459,-1.178
282160,264.378,264.055,74.2459,-1.178
282170,264.378,264.055,34.5702,-1.178
282180,264.378,264.055,42.5002,-1.178
282190,264.378,264.176,14.0412,-1.178
282200,264.378,263.942,11.0878,-1.178
282210,264.378,263.942,11.0878,-1.178
282220,264.378,263.942,11.0878,-1.178
282230,264.378,263.942,11.0878,-1.178
282240,264.45,264.007,35.4869,-1.178
282250,264.53,264.311,35.4869,-1.178
282260,264.313,264.311,35.4869,-1.178
282270,264.313,264.311,35.4869,-1.178
282280,264.313,264.311,13.6092,-1.178
282290,264.313,264.311,13.6092,-1.178
282300,264.313,263.676,13.6092,-1.178
282310,264.313,263.676,13.6092,-1.178
282320,264.097,263.676,13.6092,-1.178
282330,264.307,263.676,13.6092,-1.178
282340,264.321,263.973,13.6092,-1.178
282350,264.299,263.973,71.2638,-1.178
282360,264.285,263.973,71.2638,-1.178
282370,264.285,263.973,32.391,-1.178
282380,264.382,264.108,32.391,-1.178
282390,264.382,263.869,32.391,-1.178
282400,264.557,263.869,43.2322,-3.36303
282410,264.557,263.444,2.98916,-3.36303
282420,264.557,263.529,9.19877,-3.36303
282430,264.557,263.758,9.19877,-3.36303
282440,264.557,264.084,29.8804,-1.178
282450,264.167,264.084,120.927,-1.178
282460,264.167,264.084,91.2001,-1.178
282470,264.167,264.084,91.2001,-1.178
282480,264.167,264.084,91.2001,-1.178
282490,264.167,264.084,91.2001,-1.178
282500,264.281,264.084,91.2001,-1.178
282510,264.096,264.084,91.2001,-1.178
282520,264.242,264.084,55.1833,-1.178
282530,264.242,264.094,106.83,-1.178
282540,264.242,264.094,64.6577,-1.178
282550,264.242,263.882,64.6577,-1.178
282560,264.242,263.882,64.6577,-1.178
282570,264.242,263.882,64.6577,-1.178
282580,264.264,263.918,38.1571,-1.178
282590,264.446,264.114,9.87374,-1.178
282600,264.446,264.114,69.6119,-1.178
282610,264.446,264.114,69.6119,-1.178
282620,264.446,264.114,0.713591,-1.178
282630,264.446,264.114,0.713591,-1.178
282640,264.446,264.114,3.95757,-1.178
282650,265.069,264.114,3.95757,-3.36303
282660,265.069,264.114,89.3797,-5.42989
282670,265.069,264.931,89.3797,-1.178
282680,265.069,264.931,106.126,-1.178
282690,265.069,264.931,106.126,-1.178
282700,265.069,264.931,106.126,-1.178
282710,265.069,265.026,106.126,-1.178
282720,265.069,265.026,106.126,-1.178
282730,265.069,265.026,106.126,-1.178
282740,265.069,265.026,106.126,-1.178
282750,265.069,265.026,106.126,-1.178
282760,265.069,265.026,106.126,-1.178
282770,265.069,265.026,37.0372,-1.178
282780,265.069,265.026,37.0372,-1.178
282790,265.069,265.026,37.0372,-1.178
282800,265.069,265.026,37.0372,-1.178
282810,265.069,265.026,37.0372,-1.178
282820,265.146,265.026,13.8247,-1.178
282830,265.146,265.026,45.9515,-1.178
282840,265.146,265.13,119.635,-1.178
282850,265.146,265.13,56.7172,-1.178
282860,265.146,265.13,80.8088,-1.178
282870,265.146,265.13,80.8088,-1.178
282880,265.146,265.13,64.2045,-1.178
282890,265.419,265.13,64.2045,-1.178
282900,265.419,265.13,64.2045,-1.178
282910,265.419,265.13,49.3415,-1.178
282920,265.892,265.716,49.3415,-1.178
282930,265.892,265.716,98.174,-1.178
282940,265.892,265.716,98.174,-1.178
282950,265.892,265.716,98.174,-1.178
282960,265.892,265.716,62.026,-1.178
282970,265.892,265.716,82.2687,-1.178
282980,265.77,265.718,82.2687,-1.178
282990,265.77,265.718,82.2687,-1.178
283000,265.77,265.718,102.087,-1.178
283010,265.842,265.214,104.774,-5.42989
283020,265.842,265.493,80.1715,-3.36303
283030,265.521,265.493,80.1715,-1.178
283040,265.521,265.313,80.1715,-1.178
283050,265.521,265.313,80.1715,-1.178
283060,265.521,265.313,87.4843,-1.178
283070,265.521,265.313,87.4843,-1.178
283080,265.521,265.313,87.4843,-1.178
283090,265.521,265.313,87.4843,-1.178
283100,265.476,265.313,87.4843,-1.178
283110,265.476,265.313,75.6761,-1.178
283120,265.476,265.313,75.6761,-1.178
283130,265.441,265.249,75.6761,-1.178
283140,265.441,265.249,75.6761,-1.178
283150,265.441,265.249,75.6761,-1.178
283160,265.441,265.249,66.2656,-1.178
283170,265.385,265.129,34.6463,-1.178
283180,265.86,265.094,2.79044,-3.36303
283190,265.86,265.271,2.79044,-1.178
283200,265.836,265.271,2.79044,-1.178
283210,265.547,265.271,42.1875,-1.178
283220,265.547,265.271,42.1875,-1.178
283230,265.603,265.271,72.4102,-1.178
283240,265.603,265.271,72.4102,-1.178
283250,265.857,265.271,78.7093,-3.36303
283260,265.641,265.271,78.7093,-3.36303
283270,265.641,265.271,22.1304,-1.178
283280,265.338,265.271,22.1304,-1.178
283290,265.554,265.271,22.1304,-1.178
283300,265.554,265.368,22.1304,-1.178
283310,265.554,265.162,22.1304,-1.178
283320,265.554,265.453,22.1304,-1.178
283330,265.554,265.453,22.1304,-1.178
283340,265.554,265.453,31.1015,-1.178
283350,265.554,265.35,78.1405,-1.178
283360,265.554,265.35,78.1405,-1.178
283370,265.554,265.35,78.1405,-1.178
283380,265.554,265.491,78.1405,-1.178
283390,265.554,265.491,50.9165,-1.178
283400,265.554,265.421,74.9252,-1.178
283410,265.554,265.421,74.9252,-1.178
283420,265.554,265.421,74.9252,-1.178
283430,265.919,265.421,74.9252,-3.36303
283440,265.919,265.554,74.9252,-3.36303
283450,266.034,265.554,88.6407,-3.36303
283460,266.034,265.554,88.6407,-3.36303
283470,266.034,265.554,59.21,-3.36303
283480,266.034,265.554,14.8102,-1.178
283490,265.559,265.523,14.8102,-1.178
283500,265.559,265.523,14.8102,-1.178
283510,265.559,265.523,14.8102,-1.178
283520,265.559,265.523,126.659,-1.178
283530,265.559,265.523,58.226,-1.178
283540,265.559,265.523,58.226,-1.178
283550,265.559,265.523,4.48304,-1.178
283560,265.559,265.523,90.493,-1.178
283570,265.559,265.523,59.3232,-1.178
283580,265.559,265.523,59.3232,-1.178
283590,265.559,265.523,59.3232,-1.178
283600,265.559,265.523,38.7154,-1.178
283610,265.559,265.119,38.7154,-1.178
283620,265.559,265.119,38.7154,-1.178
283630,265.559,265.119,26.6362,-1.178
283640,265.452,265.119,12.1262,-1.178
283650,265.452,265.119,12.1262,-1.178
283660,265.452,265.119,25.6068,-1.178
283670,265.452,265.325,104.954,-1.178
283680,265.452,265.325,60.7714,-1.178
283690,265.452,265.325,60.7714,-1.178
283700,265.452,265.294,60.7714,-1.178
283710,265.452,265.294,55.0599,-1.178
283720,265.452,264.487,28.3669,-3.36303
283730,265.911,265.446,28.3669,-1.178
283740,265.911,265.446,28.3669,-1.178
283750,265.488,265.446,117.39,-1.178
283760,265.488,265.446,92.7667,-1.178
283770,265.488,265.446,92.7667,-1.178
283780,265.488,265.446,92.7667,-1.178
283790,265.661,265.645,57.9717,-1.178
283800,265.661,265.645,57.9717,-1.178
283810,265.661,265.645,40.3293,-1.178
283820,265.851,265.459,40.3293,-1.178
283830,265.851,265.459,17.9411,-1.178
283840,265.851,265.459,17.9411,-1.178
283850,265.851,264.609,65.0551,-5.42989
283860,266.198,264.83,65.0551,-5.42989
283870,265.348,264.83,65.0551,-3.36303
283880,265.348,264.534,65.0551,-3.36303
283890,265.348,264.534,65.0551,-3.36303
283900,265.348,264.534,65.0551,-3.36303
283910,265.348,265.253,65.0551,-1.178
283920,265.348,265.253,22.6495,-1.178
283930,265.551,265.237,22.6495,-1.178
283940,265.551,265.237,22.6495,-1.178
283950,265.551,265.54,22.6495,-1.178
283960,265.551,265.234,61.0106,-1.178
283970,265.551,265.234,61.0106,-1.178
283980,265.551,265.234,61.0106,-1.178
283990,265.551,265.234,61.0106,-1.178
284000,265.617,265.234,61.0106,-1.178
284010,265.617,265.234,22.943,-1.178
284020,265.728,265.234,22.943,-1.178
284030,265.728,265.234,32.8969,-1.178
284040,265.728,265.234,78.0374,-3.36303
284050,265.728,265.7,115.12,-1.178
284060,265.728,265.7,91.0095,-1.178
284070,265.728,265.7,20.9668,-1.178
284080,265.812,265.7,43.6691,-1.178
284090,266.012,265.7,43.6691,-1.178
284100,266.012,265.7,43.6691,-1.178
284110,266.012,265.7,43.6691,-1.178
284120,265.712,265.7,43.6691,-1.178
284130,265.712,265.7,40.3614,-1.178
284140,265.712,265.42,40.3614,-1.178
284150,265.712,265.42,40.3614,-1.178
284160,265.712,265.42,40.3614,-1.178
284170,265.712,265.42,40.3614,-1.178
284180,265.712,265.42,40.3614,-1.178
284190,265.712,265.256,21.5938,-1.178
284200,265.712,265.256,21.5938,-1.178
284210,265.712,265.256,21.5938,-1.178
284220,265.432,265.256,21.5938,-1.178
284230,266.08,265.853,21.5938,-1.178
284240,266.08,265.853,21.5938,-1.178
284250,266.08,266.075,21.5938,-1.178
284260,266.08,265.642,21.5938,-1.178
284270,265.748,265.642,100.702,-1.178
284280,265.748,265.114,12.2953,-1.178
284290,265.324,265.114,69.6252,-1.178
284300,265.517,265.114,19.9217,-1.178
284310,265.517,265.114,19.9217,-1.178
284320,265.611,265.114,11.5815,-1.178
284330,265.959,265.114,11.5815,-3.36303
284340,266.219,265.114,6.27178,-3.36303
284350,266.539,266.183,6.27178,-1.178
284360,266.86,266.183,6.27178,-1.178
284370,266.73,266.183,6.27178,-1.178
284380,266.73,266.183,6.27178,-1.178
284390,266.73,266.183,6.27178,-1.178
284400,266.73,266.183,6.27178,-1.178
284410,266.856,266.183,6.27178,-1.178
284420,266.856,266.183,6.27178,-1.178
284430,267.249,266.68,6.27178,-1.178
284440,267.249,265.861,6.27178,-3.36303
284450,267.775,267.167,6.27178,-1.178
284460,267.775,267.167,6.27178,-1.178
284470,267.775,267.167,6.27178,-1.178
284480,267.284,267.167,9.32732,-1.178
284490,267.389,267.167,9.32732,-1.178
284500,267.389,267.167,9.32732,-1.178
284510,267.389,267.167,9.32732,-1.178
284520,267.389,266.996,0.528222,-1.178
284530,267.223,266.996,0.528222,-1.178
284540,267.223,267.039,9.41963,-1.178
284550,267.392,267.039,9.41963,-1.178
284560,267.392,267.039,27.5928,-1.178
284570,267.392,267.039,27.5928,-1.178
284580,267.392,266.985,50.1303,-1.178
284590,267.392,266.985,50.1303,-1.178
284600,267.392,266.939,50.1303,-1.178
284610,267.392,266.939,50.1303,-1.178
284620,267.392,266.939,50.1303,-1.178
284630,267.392,266.939,50.1303,-1.178
284640,267.392,266.939,50.1303,-1.178
284650,267.583,267.012,15.2744,-1.178
284660,267.725,267.012,15.2744,-3.36303
284670,267.725,266.796,15.2744,-3.36303
284680,267.178,266.796,15.2744,-1.178
284690,267.178,266.796,15.2744,-1.178
284700,267.178,266.796,67.3277,-3.36303
284710,267.178,267.046,67.3277,-1.178
284720,267.178,267.046,67.3277,-1.178
284730,267.178,267.046,69.5313,-1.178
284740,267.178,267.046,69.5313,-1.178
284750,267.178,267.046,32.8535,-1.178
284760,267.178,267.046,108.097,-1.178
284770,267.178,267.046,108.097,-1.178
284780,267.178,267.046,108.097,-1.178
284790,267.178,267.048,7.96361,-1.178
284800,267.178,267.048,7.96361,-1.178
284810,267.178,267.048,7.96361,-1.178
284820,267.178,267.048,31.0366,-1.178
284830,267.666,267.374,2.32514,-1.178
284840,267.702,267.374,85.5644,-3.36303
284850,267.702,267.374,7.05685,-1.178
284860,267.643,266.698,7.05685,-3.36303
284870,267.3,266.698,7.05685,-1.178
284880,267.3,266.698,7.05685,-1.178
284890,267.3,266.698,7.05685,-1.178
284900,267.841,266.469,7.05685,-3.36303
284910,267.841,267.603,7.05685,-1.178
284920,267.797,267.603,7.05685,-1.178
284930,268.274,267.603,7.05685,-1.178
284940,268.274,267.689,7.05685,-1.178
284950,268.163,267.883,7.05685,-1.178
284960,269.005,268.674,8.60073,-1.178
284970,269.005,268.584,23.987,-1.178
284980,268.966,268.584,23.987,-1.178
284990,268.639,268.584,105.962,-1.178
285000,268.639,268.584,118.089,-1.178
285010,268.639,268.584,83.8689,-1.178
285020,268.639,267.962,35.2259,-3.36303
285030,268.51,268.149,35.2259,-1.178
285040,268.51,268.204,35.2259,-1.178
285050,268.51,268.204,64.3322,-1.178
285060,268.51,268.461,26.5157,-1.178
285070,268.51,268.422,26.5157,-1.178
285080,269.683,268.553,26.5157,-3.36303
285090,269.452,268.553,26.5157,-3.36303
285100,269.452,268.519,26.5157,-3.36303
285110,269.566,269.139,26.5157,-1.178
285120,269.667,269.139,31.2624,-1.178
285130,269.667,269.28,31.2624,-1.178
285140,269.797,268.629,11.2204,-3.36303
285150,269.797,269.494,11.2204,-1.178
285160,269.797,269.494,11.2204,-1.178
285170,269.797,269.604,67.093,-1.178
285180,269.797,269.604,67.093,-1.178
285190,269.797,269.604,67.093,-1.178
285200,269.797,269.604,67.093,-1.178
285210,269.797,269.604,67.093,-1.178
285220,269.797,269.794,59.3099,-1.178
285230,269.797,269.794,32.4339,-1.178
285240,269.797,269.269,13.0625,-1.178
285250,270.101,269.269,13.0625,-3.36303
285260,270.101,269.269,13.0625,-3.36303
285270,269.671,269.269,13.0625,-1.178
285280,269.671,269.35,13.0625,-1.178
285290,269.671,269.35,53.6893,-1.178
285300,269.671,269.35,53.6893,-1.178
285310,269.671,269.274,53.6893,-1.178
285320,269.671,269.274,53.6893,-1.178
285330,269.671,269.274,39.665,-1.178
285340,269.424,269.274,39.665,-1.178
285350,269.746,269.274,39.665,-1.178
285360,269.509,269.274,45.8391,-1.178
285370,269.402,269.274,45.8391,-1.178
285380,269.402,269.274,107.398,-1.178
285390,269.402,269.274,39.8317,-1.178
285400,269.968,269.274,39.8317,-3.36303
285410,269.968,269.436,39.8317,-3.36303
285420,269.818,269.763,39.8317,-1.178
285430,270.204,269.763,39.8317,-1.178
285440,270.204,269.79,39.8317,-1.178
285450,270.204,269.061,45.9625,-5.42989
285460,270.204,269.294,45.9625,-3.36303
285470,269.603,269.563,73.0488,-1.178
285480,269.603,269.563,73.0488,-1.178
285490,269.603,269.563,81.4913,-1.178
285500,269.603,268.632,24.5942,-3.36303
285510,268.349,267.439,12.2607,-3.36303
285520,267.917,267.439,12.2607,-1.178
285530,268.028,267.882,12.2607,-1.178
285540,268.028,267.882,12.2607,-1.178
285550,268.31,267.882,12.2607,-1.178
285560,268.31,267.822,7.83351,-1.178
285570,268.097,267.822,3.98638,-1.178
285580,268.097,267.822,3.98638,-1.178
285590,268.03,267.822,3.98638,-1.178
285600,268.03,267.822,21.6173,-1.178
285610,268.03,267.822,21.6173,-1.178
285620,268.03,267.822,83.6548,-1.178
285630,268.03,267.822,83.6548,-1.178
285640,268.03,267.822,30.0214,-1.178
285650,268.03,267.822,30.0214,-1.178
285660,268.03,267.514,10.1469,-1.178
285670,267.943,267.514,10.1469,-1.178
285680,267.943,267.519,10.1469,-1.178
285690,267.943,267.915,10.1469,-1.178
285700,268.491,267.915,10.1469,-1.178
285710,268.146,266.699,10.1469,-3.36303
285720,267.526,266.172,10.1469,-3.36303
285730,267.526,266.172,10.1469,-3.36303
285740,267.526,266.478,29.6954,-3.36303
285750,266.956,266.428,29.6954,-1.178
285760,266.956,266.428,29.6954,-1.178
285770,266.956,266.428,29.6954,-1.178
285780,267.627,266.428,29.6954,-3.36303
285790,266.936,266.731,29.6954,-1.178
285800,266.941,266.731,29.6954,-1.178
285810,266.779,266.655,29.6954,-1.178
285820,266.779,266.655,29.6954,-1.178
285830,266.779,266.277,29.6954,-1.178
285840,266.779,266.277,29.6954,-1.178
285850,266.779,266.277,32.6417,-1.178
285860,266.562,266.277,32.6417,-1.178
285870,266.626,266.277,32.6417,-1.178
285880,266.492,266.277,16.6784,-1.178
285890,266.492,266.407,22.1646,-1.178
285900,266.492,266.407,27.9985,-1.178
285910,266.762,266.225,2.05187,-1.178
285920,266.572,266.225,46.8039,-1.178
285930,266.572,265.9,46.8039,-3.36303
285940,266.572,265.852,46.8039,-3.36303
285950,265.778,265.39,46.8039,-1.178
285960,265.616,265.39,46.8039,-1.178
285970,265.715,265.39,42.5891,-1.178
285980,265.715,265.39,36.8372,-1.178
285990,265.55,265.39,33.4268,-1.178
286000,265.55,265.39,64.5114,-1.178
286010,265.444,265.39,64.5114,-1.178
286020,265.444,265.39,64.5114,-1.178
286030,265.444,265.39,50.7266,-1.178
286040,265.444,265.407,49.7819,-1.178
286050,265.444,264.644,49.7819,-3.36303
286060,265.444,264.644,49.7819,-3.36303
286070,265.444,265.059,49.7819,-1.178
286080,265.444,265.272,39.5475,-1.178
286090,265.277,265.272,58.7342,-1.178
286100,265.564,265.272,58.7342,-1.178
286110,265.564,265.272,58.7342,-1.178
286120,265.564,265.272,75.6651,-1.178
286130,265.564,265.272,12.2641,-1.178
286140,265.423,265.272,79.2066,-1.178
286150,265.423,265.272,79.2066,-1.178
286160,265.423,265.272,79.2066,-1.178
286170,265.423,265.272,15.258,-1.178
286180,265.44,265.272,15.258,-1.178
286190,265.287,265.272,15.258,-1.178
286200,265.287,264.129,15.258,-3.36303
286210,265.287,264.129,3.04991,-3.36303
286220,265.398,264.615,3.04991,-3.36303
286230,265.398,264.615,25.5332,-3.36303
286240,265.398,264.774,25.5332,-3.36303
286250,265.57,264.774,25.5332,-3.36303
286260,265.592,265.194,25.5332,-1.178
286270,265.592,265.194,9.1205,-1.178
286280,265.592,265.194,9.1205,-1.178
286290,266.071,265.194,9.1205,-3.36303
286300,265.402,265.194,9.1205,-1.178
286310,266.34,265.078,9.1205,-3.36303
286320,266.34,265.838,9.1205,-1.178
286330,265.983,265.838,9.1205,-1.178
286340,265.983,265.838,9.1205,-1.178
286350,265.983,265.838,9.1205,-1.178
286360,265.983,265.838,93.7425,-1.178
286370,265.983,265.838,91.1481,-1.178
286380,266.189,265.838,91.1481,-3.36303
286390,266.237,265.838,91.1481,-3.36303
286400,266.314,266.253,99.4088,-1.178
286410,266.314,266.253,99.4088,-1.178
286420,266.314,266.253,125.494,-3.36303
286430,266.314,266.253,125.494,-3.36303
286440,266.314,265.87,26.4394,-1.178
286450,266.202,265.04,26.4394,-3.36303
286460,266.202,265.04,26.4394,-3.36303
286470,266.094,265.04,26.4394,-3.36303
286480,266.094,264.942,30.8294,-3.36303
286490,265.2,264.942,3.36346,-1.178
286500,265.138,264.942,64.5512,-1.178
286510,265.138,264.942,86.1889,-1.178
286520,265.138,264.942,80.585,-1.178
286530,265.167,264.942,52.7838,-1.178
286540,265.167,264.942,52.7838,-1.178
286550,265.167,264.942,52.7838,-1.178
286560,265.167,264.942,60.1105,-1.178
286570,265.167,264.942,60.1105,-1.178
286580,265.167,264.942,31.6918,-1.178
286590,265.167,264.942,31.6918,-1.178
286600,265.167,264.942,12.8967,-1.178
286610,265.167,264.942,12.8967,-1.178
286620,265.073,264.942,12.8967,-1.178
286630,265.445,264.942,12.8967,-1.178
286640,265.445,264.942,12.8967,-1.178
286650,265.445,264.942,12.8967,-1.178
286660,265.445,264.942,12.8967,-1.178
286670,265.445,264.942,12.8967,-1.178
286680,265.445,264.942,12.8967,-1.178
286690,265.445,264.727,45.3175,-3.36303
286700,265.115,264.727,5.6028,-1.178
286710,265.115,264.727,5.6028,-1.178
286720,266.254,265.175,5.6028,-3.36303
286730,266.254,266.212,5.6028,-1.178
286740,266.254,266.212,41.6776,-1.178
286750,266.254,266.16,41.6776,-1.178
286760,266.254,265.764,41.6776,-1.178
286770,266.254,265.928,41.6776,-1.178
286780,266.254,265.928,41.6776,-1.178
286790,266.254,265.928,41.6776,-1.178
286800,266.254,265.928,29.9722,-1.178
286810,266.254,265.807,29.9722,-1.178
286820,266.254,266.235,39.2307,-1.178
286830,266.621,266.235,39.2307,-1.178
286840,266.621,266.235,39.2307,-1.178
286850,266.621,266.102,29.4824,-1.178
286860,266.621,266.544,29.4824,-1.178
286870,266.745,266.544,29.4824,-1.178
286880,266.745,266.544,57.147,-1.178
286890,266.745,266.544,57.147,-1.178
286900,266.745,266.544,2.96306,-1.178
286910,266.745,266.332,2.96306,-1.178
286920,266.702,266.332,14.8277,-1.178
286930,266.702,266.332,14.8277,-1.178
286940,266.702,266.29,14.8277,-1.178
286950,266.86,266.226,14.8277,-1.178
286960,266.72,266.226,14.8277,-1.178
286970,266.72,266.226,14.8277,-1.178
286980,266.72,266.226,14.8277,-1.178
286990,266.72,266.226,17.9232,-1.178
287000,266.72,266.226,18.1801,-1.178
287010,266.72,266.226,17.5984,-1.178
287020,266.545,266.226,22.9927,-1.178
287030,266.545,266.226,28.5287,-1.178
287040,266.545,266.226,28.6782,-1.178
287050,266.545,266.417,54.7132,-1.178
287060,266.604,266.417,71.2143,-1.178
287070,266.604,266.417,4.36805,-1.178
287080,266.604,266.417,4.36805,-1.178
287090,266.604,266.545,4.36805,-1.178
287100,266.068,266.015,4.36805,-1.178
287110,266.068,266.015,66.0601,-1.178
287120,267.222,266.015,66.0601,-5.42989
287130,267.222,266.015,28.6898,-3.36303
287140,266.124,266.062,36.9357,-1.178
287150,266.124,266.062,53.2655,-1.178
287160,266.124,266.062,111.79,-1.178
287170,265.981,265.667,5.81753,-1.178
287180,265.981,265.667,69.703,-1.178
287190,265.981,265.644,69.703,-1.178
287200,265.981,265.898,69.703,-1.178
287210,265.981,265.898,75.6736,-1.178
287220,265.981,265.898,75.6736,-1.178
287230,266.24,265.898,75.6736,-3.36303
287240,266.24,265.898,49.586,-1.178
287250,266.24,265.898,49.586,-1.178
287260,266.24,265.898,49.586,-1.178
287270,266.24,265.898,65.2128,-1.178
287280,266.24,265.898,12.3327,-1.178
287290,266.186,265.898,12.3327,-1.178
287300,266.577,265.325,12.3327,-3.36303
287310,265.602,265.325,12.3327,-1.178
287320,265.602,265.325,1.11954,-1.178
287330,265.934,265.365,1.11954,-1.178
287340,265.934,265.365,1.11954,-1.178
287350,265.934,265.365,20.5882,-1.178
287360,265.934,265.359,20.5882,-1.178
287370,265.934,265.359,20.5882,-1.178
287380,265.934,265.405,34.3012,-1.178
287390,265.934,265.405,7.31638,-1.178
287400,265.934,265.405,7.31638,-1.178
287410,265.934,265.405,7.31638,-1.178
287420,265.934,265.405,7.31638,-1.178
287430,265.479,265.405,7.31638,-1.178
287440,266.134,265.405,29.4835,-3.36303
287450,266.192,265.405,29.4835,-3.36303
287460,266.192,265.472,59.5558,-3.36303
287470,266.277,265.472,59.5558,-3.36303
287480,266.277,265.472,59.5558,-3.36303
287490,266.277,266.124,30.3261,-1.178
287500,266.202,266.124,96.0886,-1.178
287510,266.202,266.124,96.0886,-1.178
287520,266.202,266.18,88.7008,-1.178
287530,266.202,266.18,88.7008,-1.178
287540,266.202,266.18,87.5686,-1.178
287550,266.202,266.15,87.5686,-1.178
287560,266.202,266.15,0.157184,-1.178
287570,266.721,266.15,0.157184,-1.178
287580,266.721,266.15,0.157184,-1.178
287590,268.309,266.15,0.157184,-5.42989
287600,267.231,267.197,5.82366,-1.178
287610,267.231,267.197,5.82366,-1.178
287620,267.231,267.197,94.0645,-1.178
287630,267.231,267.197,94.0645,-1.178
287640,267.231,267.197,52.4795,-1.178
287650,267.231,267.197,36.195,-1.178
287660,267.231,267.197,16.3054,-1.178
287670,267.231,267.197,92.1732,-1.178
287680,267.572,267.467,5.65294,-1.178
287690,267.572,267.467,5.65294,-1.178
287700,267.572,266.792,59.8319,-3.36303
287710,267.572,266.792,40.6254,-3.36303
287720,267.572,266.792,40.6254,-3.36303
287730,267.572,267.072,40.6254,-1.178
287740,267.257,267.072,10.9463,-1.178
287750,267.257,267.072,10.9463,-1.178
287760,267.257,267.22,108.982,-1.178
287770,267.257,267.22,108.982,-1.178
287780,267.257,267.22,108.982,-1.178
287790,267.257,267.22,77.669,-1.178
287800,267.46,267.22,77.669,-1.178
287810,267.46,267.22,77.669,-1.178
287820,267.46,267.307,77.669,-1.178
287830,267.46,267.307,72.8237,-1.178
287840,267.46,267.307,91.3874,-1.178
287850,267.46,267.307,91.3874,-1.178
287860,267.46,267.307,91.3874,-1.178
287870,267.46,266.964,11.9058,-1.178
287880,267.46,267.344,11.9058,-1.178
287890,267.46,267.344,117.801,-3.36303
287900,267.46,267.344,117.801,-3.36303
287910,267.46,267.344,114.218,-1.178
287920,267.46,267.344,114.218,-1.178
287930,267.46,267.344,114.218,-1.178
287940,267.46,267.344,63.6808,-1.178
287950,267.487,267.412,63.6808,-1.178
287960,267.488,267.412,63.6808,-1.178
287970,267.488,267.412,55.1338,-1.178
287980,267.488,267.412,96.237,-1.178
287990,267.488,267.308,96.237,-1.178
288000,267.488,267.308,96.237,-1.178
288010,267.488,267.308,96.237,-1.178
288020,267.488,267.308,96.237,-1.178
288030,267.969,267.308,96.237,-5.42989
288040,267.969,267.308,96.237,-5.42989
288050,267.969,267.308,96.237,-5.42989
288060,267.969,267.951,96.237,-1.178
288070,267.969,267.951,96.237,-1.178
288080,267.969,267.951,96.237,-1.178
288090,267.969,267.94,96.237,-1.178
288100,267.969,267.94,116.503,-1.178
288110,267.969,267.94,80.0566,-1.178
288120,267.969,267.94,89.994,-1.178
288130,267.969,267.94,89.994,-1.178
288140,267.969,267.94,60.2404,-1.178
288150,267.969,267.94,127.213,-1.178
288160,267.969,267.94,127.213,-1.178
288170,267.969,267.93,124.829,-1.178
288180,267.969,267.93,124.829,-1.178
288190,267.969,267.93,105.709,-1.178
288200,267.969,267.93,39.1799,-1.178
288210,268.411,267.93,39.1799,-1.178
288220,268.326,267.93,33.3354,-1.178
288230,268.073,267.93,29.0212,-1.178
288240,269.207,267.375,29.0212,-5.42989
288250,269.207,266.687,5.69094,-5.42989
288260,267.721,266.368,5.69094,-3.36303
288270,267.721,266.368,21.8416,-3.36303
288280,267.721,266.509,21.8416,-3.36303
288290,267.721,266.509,21.8416,-3.36303
288300,268.403,266.773,21.8416,-5.42989
288310,267.387,266.773,21.8416,-3.36303
288320,267.387,267.263,21.8416,-1.178
288330,267.617,267.263,32.7565,-1.178
288340,267.617,267.263,32.7565,-1.178
288350,267.481,267.263,32.7565,-1.178
288360,267.481,267.263,68.2723,-1.178
288370,267.481,267.263,68.2723,-1.178
288380,267.481,267.263,74.7286,-1.178
288390,267.417,267.263,50.616,-1.178
288400,267.417,267.263,50.616,-1.178
288410,267.417,267.263,50.616,-1.178
288420,267.417,267.263,50.616,-1.178
288430,267.417,267.263,19.3429,-1.178
288440,267.807,267.263,19.3429,-1.178
288450,267.335,267.263,6.71268,-1.178
288460,267.335,267.263,91.8839,-1.178
288470,267.335,267.263,91.8839,-1.178
288480,267.335,267.263,91.8839,-1.178
288490,267.335,267.263,91.8839,-1.178
288500,267.335,267.263,91.8839,-1.178
288510,267.335,267.263,115.605,-1.178
288520,267.335,267.142,115.605,-3.36303
288530,267.335,267.142,115.605,-3.36303
288540,267.335,267.142,58.0517,-1.178
288550,267.335,267.142,33.2102,-1.178
288560,267.335,267.234,33.2102,-1.178
288570,267.348,267.168,38.4848,-1.178
288580,267.348,267.168,38.4848,-1.178
288590,267.348,267.168,38.4848,-1.178
288600,268.493,267.168,38.4848,-5.42989
288610,268.25,267.179,38.4848,-3.36303
288620,267.52,267.179,31.1261,-1.178
288630,267.52,266.978,31.1261,-1.178
288640,267.5,266.978,31.1261,-1.178
288650,268.154,266.978,34.7375,-3.36303
288660,267.861,266.842,34.7375,-3.36303
288670,268.127,267.8,34.7375,-1.178
288680,268.314,267.8,34.7375,-1.178
288690,267.801,267.8,134.381,-1.178
288700,268.178,267.8,33.3532,-1.178
288710,268.178,267.8,43.727,-1.178
288720,267.812,267.8,43.727,-1.178
288730,267.812,267.8,60.7696,-1.178
288740,267.812,267.8,14.9002,-1.178
288750,267.812,267.8,107.896,-1.178
288760,267.812,267.8,107.896,-1.178
288770,267.812,267.8,58.2641,-1.178
288780,267.812,267.8,10.8967,-1.178
288790,267.812,267.8,34.2476,-1.178
288800,267.812,267.8,34.2476,-1.178
288810,267.812,267.8,77.3503,-1.178
288820,267.892,267.8,41.746,-1.178
288830,267.832,267.8,8.40283,-1.178
288840,268.078,267.61,20.1615,-1.178
288850,268.21,267.61,20.1615,-1.178
288860,268.21,267.61,20.1615,-1.178
288870,268.21,267.61,20.1615,-1.178
288880,267.905,267.61,34.2985,-1.178
288890,268.091,267.61,34.2985,-1.178
288900,268.091,267.61,34.2985,-1.178
288910,268.091,267.87,34.2985,-1.178
288920,268.091,267.87,65.0077,-1.178
288930,267.984,267.905,86.2393,-1.178
288940,267.984,267.905,86.2393,-1.178
288950,267.984,267.905,65.9654,-1.178
288960,267.984,267.905,10.8847,-1.178
288970,267.984,267.905,10.8847,-1.178
288980,267.984,267.905,14.4607,-1.178
288990,267.173,266.617,14.4607,-1.178
289000,267.385,265.166,14.4607,-5.42989
289010,267.805,267.169,14.4607,-1.178
289020,267.805,267.169,14.4607,-1.178
289030,267.805,267.34,14.4607,-1.178
289040,267.805,267.387,14.4607,-1.178
289050,267.397,267.387,104.229,-1.178
289060,267.397,267.387,104.229,-1.178
289070,267.397,267.387,104.229,-1.178
289080,267.497,267.387,104.229,-1.178
289090,267.497,267.387,115.08,-1.178
289100,267.497,267.387,115.08,-1.178
289110,267.497,267.387,107.25,-1.178
289120,267.497,267.387,71.0834,-1.178
289130,267.497,267.387,71.0834,-1.178
289140,267.497,267.387,71.0834,-1.178
289150,267.497,267.387,71.0834,-1.178
289160,267.497,267.387,103.462,-1.178
289170,267.497,267.387,103.462,-1.178
289180,267.497,267.387,103.462,-1.178
289190,267.497,267.387,66.1361,-1.178
289200,267.497,267.387,53.5822,-1.178
289210,267.497,267.387,0.656673,-1.178
289220,267.497,267.445,0.656673,-1.178
289230,267.497,267.445,89.9292,-1.178
289240,267.497,267.445,89.9292,-1.178
289250,267.497,267.445,89.9292,-1.178
289260,267.497,267.445,89.9292,-1.178
289270,267.497,267.445,89.9292,-1.178
289280,267.981,267.445,52.9676,-3.36303
289290,267.981,267.445,52.9676,-3.36303
289300,267.585,267.445,52.9676,-1.178
289310,267.585,267.445,95.5874,-1.178
289320,267.585,267.445,95.5874,-1.178
289330,267.811,267.445,95.5874,-3.36303
289340,269.676,269.378,95.5874,-3.36303
289350,269.676,269.378,38.6163,-1.178
289360,269.676,269.378,38.6163,-1.178
289370,269.676,269.254,38.6163,-1.178
289380,269.676,269.453,81.589,-1.178
289390,269.676,269.453,81.589,-1.178
289400,269.548,269.453,81.589,-1.178
289410,269.548,269.453,111.19,-1.178
289420,269.548,269.453,111.19,-1.178
289430,269.548,269.441,105.12,-1.178
289440,269.493,269.441,105.12,-1.178
289450,269.493,269.441,9.49586,-1.178
289460,269.493,268.71,9.49586,-3.36303
289470,269.127,268.71,9.49586,-1.178
289480,269.127,268.71,9.49586,-1.178
289490,269.167,268.71,9.49586,-1.178
289500,269.351,268.71,9.49586,-1.178
289510,269.055,268.71,9.49586,-1.178
289520,268.705,267.62,9.49586,-3.36303
289530,268.705,267.581,9.49586,-3.36303
289540,268.581,267.581,68.7147,-5.42989
289550,267.628,267.581,55.0953,-1.178
289560,267.628,267.581,84.4307,-1.178
289570,267.628,267.581,84.4307,-1.178
289580,267.628,267.581,84.4307,-1.178
289590,267.628,267.581,90.7686,-1.178
289600,267.628,267.581,90.7686,-1.178
289610,267.628,267.537,14.7483,-1.178
289620,267.628,267.537,14.7483,-1.178
289630,267.628,267.537,14.7483,-1.178
289640,267.628,267.537,72.8285,-1.178
289650,267.628,267.537,78.5651,-1.178
289660,267.628,267.537,78.5651,-1.178
289670,267.628,267.537,21.9696,-1.178
289680,267.628,267.537,43.7784,-1.178
289690,267.628,267.537,113.248,-1.178
289700,267.628,267.537,113.248,-1.178
289710,267.628,267.537,39.8463,-1.178
289720,267.628,267.537,71.5412,-1.178
289730,267.628,267.537,119.652,-1.178
289740,267.628,267.537,119.652,-1.178
289750,267.604,267.537,119.652,-1.178
289760,267.604,267.537,119.652,-1.178
289770,267.604,267.537,119.652,-1.178
289780,267.604,267.537,25.0634,-1.178
289790,268.801,267.537,25.0634,-3.36303
289800,267.87,267.537,25.0634,-1.178
289810,267.87,267.537,59.062,-1.178
289820,267.87,267.537,56.1362,-1.178
289830,267.87,267.537,56.1362,-1.178
289840,267.87,267.787,2.17302,-1.178
289850,267.87,267.787,95.2624,-1.178
289860,267.87,267.787,21.9817,-1.178
289870,267.87,267.787,21.9817,-1.178
289880,267.87,267.787,114.236,-1.178
289890,267.87,267.787,61.4299,-1.178
289900,267.916,267.296,61.4299,-3.36303
289910,267.916,267.296,57.6603,-3.36303
289920,268.027,267.317,57.6603,-3.36303
289930,268.201,267.128,57.6603,-5.42989
289940,267.205,267.128,13.0842,-1.178
289950,267.205,267.128,120.785,-1.178
289960,267.205,267.128,120.785,-1.178
289970,267.205,267.128,52.946,-1.178
289980,267.205,267.128,3.08521,-1.178
289990,267.205,267.128,44.8723,-1.178
290000,267.175,267.128,44.8723,-1.178
290010,267.175,267.13,44.8723,-1.178
290020,267.175,267.13,26.0832,-1.178
290030,267.685,267.13,26.0832,-1.178
290040,267.685,267.654,94.0545,-1.178
290050,268.22,267.654,0.732153,-1.178
290060,268.22,267.654,21.502,-1.178
290070,268.22,267.654,4.74296,-1.178
290080,268.22,267.654,4.74296,-1.178
290090,268.22,267.654,4.74296,-1.178
290100,267.796,267.699,4.74296,-1.178
290110,268.801,268.308,4.74296,-1.178
290120,268.801,268.308,4.74296,-1.178
290130,268.801,268.308,4.74296,-1.178
290140,269.101,268.308,67.8849,-3.36303
290150,269.101,268.308,7.88794,-3.36303
290160,268.562,268.393,7.88794,-1.178
290170,268.562,268.544,103.261,-1.178
290180,268.562,268.544,52.9075,-1.178
290190,268.623,268.544,52.9075,-1.178
290200,268.623,268.537,52.9075,-1.178
290210,268.623,268.537,57.923,-1.178
290220,268.919,268.537,57.923,-1.178
290230,268.919,268.537,44.2422,-1.178
290240,268.919,268.537,55.963,-1.178
290250,268.919,268.537,55.963,-1.178
290260,268.919,268.537,55.963,-1.178
290270,268.893,268.537,55.963,-1.178
290280,268.913,268.647,55.963,-1.178
290290,268.913,268.647,55.963,-1.178
290300,268.913,268.647,55.963,-1.178
290310,268.913,268.601,55.963,-1.178
290320,268.913,268.511,55.963,-1.178
290330,268.913,268.511,55.963,-1.178
290340,268.913,268.511,56.9463,-1.178
290350,268.913,268.511,56.9463,-1.178
290360,268.913,268.511,56.9463,-1.178
290370,268.913,268.511,56.9463,-1.178
290380,268.913,268.511,56.9463,-1.178
290390,268.913,268.511,9.48185,-1.178
290400,268.913,268.511,1.50041,-1.178
290410,268.68,268.435,1.50041,-1.178
290420,268.68,268.435,82.428,-1.178
290430,268.68,268.435,82.428,-1.178
290440,268.68,268.435,14.4272,-1.178
290450,268.68,268.037,14.4272,-3.36303
290460,268.922,268.037,43.7791,-3.36303
290470,268.606,268.248,43.7791,-1.178
290480,268.587,268.248,43.7791,-1.178
290490,268.587,268.248,43.7791,-1.178
290500,268.587,268.129,43.7791,-1.178
290510,268.587,268.129,59.3751,-3.36303
290520,268.144,268.129,59.3751,-1.178
290530,268.143,268.129,59.3751,-1.178
290540,268.143,268.129,95.5065,-1.178
290550,268.263,268.129,49.733,-1.178
290560,268.204,268.129,49.733,-1.178
290570,268.204,267.377,49.733,-3.36303
290580,267.892,267.579,49.733,-1.178
290590,268.01,267.579,49.733,-1.178
290600,268.01,267.579,49.733,-1.178
290610,268.851,267.485,36.5112,-5.42989
290620,268.973,266.827,36.5112,-7.49676
290630,268.115,266.827,33.0365,-5.42989
290640,267.731,266.827,33.0365,-3.36303
290650,267.731,266.827,23.4203,-3.36303
290660,267.731,266.773,23.4203,-3.36303
290670,267.731,266.773,23.4203,-3.36303
290680,267.731,267.586,72.294,-1.178
290690,267.731,267.586,50.7706,-1.178
290700,267.731,267.586,50.7706,-1.178
290710,267.426,267.36,50.7706,-1.178
290720,267.426,267.36,54.663,-1.178
290730,267.426,267.201,54.663,-1.178
290740,267.426,267.384,54.663,-1.178
290750,267.426,267.384,61.623,-1.178
290760,267.394,267.384,61.623,-1.178
290770,267.394,267.384,84.5308,-1.178
290780,267.394,267.384,84.5308,-1.178
290790,267.394,267.384,84.5308,-1.178
290800,267.394,267.384,125.946,-1.178
290810,267.394,267.384,49.5297,-1.178
290820,267.394,267.384,49.5297,-1.178
290830,267.394,267.384,84.763,-1.178
290840,267.394,267.384,84.763,-1.178
290850,267.394,267.384,84.763,-1.178
290860,267.394,267.384,84.763,-1.178
290870,267.41,267.384,84.763,-1.178
290880,267.563,267.384,58.707,-1.178
290890,267.563,267.386,58.707,-1.178
290900,267.563,267.432,88.668,-1.178
290910,267.563,267.432,26.7857,-1.178
290920,267.563,266.483,26.7857,-3.36303
290930,267.563,266.483,26.7857,-3.36303
290940,267.019,266.483,26.7857,-1.178
290950,267.019,266.483,26.7857,-1.178
290960,266.774,266.483,26.7857,-1.178
290970,266.774,266.483,26.7857,-1.178
290980,266.774,266.483,48.5441,-1.178
290990,266.892,266.483,48.5441,-1.178
291000,266.892,266.483,48.5441,-1.178
291010,266.892,266.483,48.5441,-1.178
291020,266.892,266.483,56.7606,-1.178
291030,266.892,266.483,56.7606,-1.178
291040,266.892,266.483,56.7606,-1.178
291050,266.892,266.625,56.7606,-1.178
291060,266.892,266.625,56.7606,-1.178
291070,266.892,266.502,31.071,-1.178
291080,266.892,266.502,31.071,-1.178
291090,266.52,266.502,31.071,-1.178
291100,266.52,266.502,62.2449,-1.178
291110,266.467,266.17,62.2449,-1.178
291120,266.467,266.126,62.2449,-1.178
291130,266.467,266.126,62.2449,-1.178
291140,266.475,266.126,62.2449,-1.178
291150,266.475,266.126,62.2449,-1.178
291160,266.955,266.126,62.2449,-3.36303
291170,266.955,265.496,6.95959,-3.36303
291180,266.883,265.496,6.95959,-3.36303
291190,267.183,265.496,6.95959,-5.42989
291200,267.449,265.381,6.42675,-5.42989
291210,268.304,262.683,6.42675,-12.1972
291220,261.642,260.103,6.42675,-3.36303
291230,261.642,260.871,6.42675,-3.36303
291240,261.421,260.871,6.42675,-1.178
291250,261.421,258.872,6.42675,-5.42989
291260,259.002,258.872,6.42675,-1.178
291270,259.002,258.342,6.42675,-1.178
291280,258.769,258.412,41.4305,-1.178
291290,258.875,258.412,41.4305,-1.178
291300,258.875,258.418,41.4305,-1.178
291310,258.875,258.049,41.4305,-3.36303
291320,258.875,257.846,41.4305,-3.36303
291330,258.671,257.846,41.4305,-3.36303
291340,258.32,257.846,41.4305,-1.178
291350,258.32,257.84,41.4305,-1.178
291360,258.32,257.84,41.4305,-1.178
291370,258.32,257.84,41.4305,-1.178
291380,258.32,257.84,41.4305,-1.178
291390,258.32,257.823,41.4305,-1.178
291400,258.165,257.823,41.4305,-1.178
291410,258.165,257.823,41.4305,-1.178
291420,258.525,257.672,11.8352,-3.36303
291430,259.042,257.672,11.8352,-3.36303
291440,259.042,257.672,11.8352,-3.36303
291450,259.042,257.672,11.8352,-3.36303
291460,257.716,257.672,11.8352,-1.178
291470,257.716,257.672,11.8352,-1.178
291480,258.28,257.672,11.8352,-1.178
291490,257.735,256.386,11.8352,-3.36303
291500,257.709,256.474,19.0457,-3.36303
291510,257.709,256.474,19.0457,-3.36303
291520,256.647,256.474,19.0457,-1.178
291530,256.647,256.421,19.0457,-1.178
291540,256.968,255.623,19.0457,-3.36303
291550,256.682,255.623,19.0457,-3.36303
291560,256.687,255.3,19.0457,-3.36303
291570,255.616,255.3,61.8952,-1.178
291580,255.616,255.3,18.3395,-1.178
291590,255.035,254.963,18.3395,-1.178
291600,255.035,254.963,117.458,-1.178
291610,255.035,254.963,117.458,-1.178
291620,255.035,254.963,117.458,-1.178
291630,255.035,254.963,117.458,-1.178
291640,255.035,254.963,117.458,-1.178
291650,255.035,254.933,117.458,-1.178
291660,255.327,254.933,53.8673,-1.178
291670,256.307,254.933,53.8673,-5.42989
291680,255.951,254.933,55.6585,-5.42989
291690,256.31,255.911,55.6585,-1.178
291700,256.31,255.911,55.6585,-1.178
291710,256.31,255.911,55.6585,-1.178
291720,256.31,255.911,55.6585,-1.178
291730,256.31,255.911,55.6585,-1.178
291740,255.976,255.911,55.6585,-1.178
291750,255.976,255.911,55.6585,-1.178
291760,255.976,255.949,75.8398,-1.178
291770,256.177,255.949,75.8398,-1.178
291780,256.177,255.949,75.8398,-1.178
291790,256.177,255.949,23.2889,-1.178
291800,256.45,255.949,23.2889,-1.178
291810,256.058,255.949,23.2889,-1.178
291820,256.058,255.949,103.027,-1.178
291830,256.058,255.949,103.027,-1.178
291840,256.058,255.949,103.027,-1.178
291850,256.058,255.949,110.644,-1.178
291860,256.058,255.956,103.624,-1.178
291870,256.058,255.956,103.624,-1.178
291880,256.058,255.956,110.111,-1.178
291890,256.092,255.956,14.3155,-1.178
291900,256.092,256.052,14.3155,-1.178
291910,256.143,256.052,111.732,-1.178
291920,256.916,256.052,11.8512,-3.36303
291930,256.733,256.677,11.8512,-1.178
291940,257.025,256.677,51.4475,-1.178
291950,256.812,256.677,82.7249,-1.178
291960,256.812,256.677,35.8795,-1.178
291970,257.108,256.677,4.68157,-1.178
291980,257.108,256.677,34.537,-1.178
291990,256.789,256.677,34.537,-1.178
292000,256.789,256.677,88.0182,-1.178
292010,256.789,256.677,88.0182,-1.178
292020,256.789,256.677,88.0182,-1.178
292030,256.789,256.677,88.0182,-1.178
292040,256.789,256.677,40.8886,-1.178
292050,256.789,256.566,31.5352,-1.178
292060,256.789,256.566,0.884056,-1.178
292070,258.861,256.348,0.884056,-5.42989
292080,256.505,256.131,51.5608,-1.178
292090,256.282,256.131,51.5608,-1.178
292100,256.282,256.131,14.4026,-1.178
292110,256.282,256.131,14.4026,-1.178
292120,256.282,256.131,14.4026,-1.178
292130,256.282,256.131,53.6473,-1.178
292140,256.282,256.131,4.90043,-1.178
292150,256.501,256.131,28.4535,-1.178
292160,256.55,256.131,4.01041,-1.178
292170,256.55,256.278,4.01041,-1.178
292180,256.55,256.452,4.01041,-1.178
292190,256.55,256.431,4.01041,-1.178
292200,256.55,256.431,4.01041,-1.178
292210,256.55,256.431,4.01041,-1.178
292220,256.55,256.401,44.172,-1.178
292230,257.05,256.07,44.172,-3.36303
292240,257.111,256.741,44.172,-1.178
292250,257.111,256.741,1.12921,-1.178
292260,257.111,256.869,22.3812,-1.178
292270,257.111,256.728,22.3812,-1.178
292280,257.111,256.728,26.7047,-1.178
292290,257.111,257.056,64.3321,-1.178
292300,257.111,257.056,64.3321,-1.178
292310,257.111,257.056,98.4857,-1.178
292320,257.111,257.056,48.017,-1.178
292330,257.111,256.818,38.9804,-1.178
292340,257.111,256.818,38.9804,-1.178
292350,257.111,256.818,38.9804,-1.178
292360,257.111,256.818,38.9804,-1.178
292370,257.635,257.296,38.9804,-1.178
292380,257.635,257.296,34.6112,-1.178
292390,257.466,257.296,34.6112,-1.178
292400,257.466,257.002,34.6112,-1.178
292410,257.466,257.002,34.6112,-1.178
292420,257.466,257.002,34.6112,-1.178
292430,257.466,257.002,34.6112,-1.178
292440,257.466,257.002,34.6112,-1.178
292450,257.371,257.002,34.6112,-1.178
292460,257.371,257.002,34.6112,-1.178
292470,257.371,257.002,41.2244,-1.178
292480,257.371,257.002,41.2244,-1.178
292490,257.139,257.002,41.2244,-1.178
292500,257.139,256.769,41.2244,-1.178
292510,256.866,256.769,41.2244,-1.178
292520,256.866,256.769,41.2244,-1.178
292530,256.866,256.769,4.46925,-1.178
292540,256.866,256.704,4.46925,-1.178
292550,257.036,256.704,4.46925,-1.178
292560,257.036,256.704,4.46925,-1.178
292570,256.828,256.793,34.6771,-1.178
292580,256.828,256.793,34.6771,-1.178
292590,258.687,256.793,34.6771,-5.42989
292600,258.45,256.793,34.6771,-5.42989
292610,257.046,256.728,34.6771,-1.178
292620,257.046,256.728,34.6771,-1.178
292630,257.046,256.728,34.6771,-1.178
292640,257.085,256.728,34.6771,-1.178
292650,257.085,256.728,34.6771,-1.178
292660,257.037,256.728,32.9594,-1.178
292670,257.627,256.875,32.9594,-3.36303
292680,257.528,256.875,37.5617,-3.36303
292690,259.384,256.875,37.5617,-7.49676
292700,258.759,256.875,37.5617,-5.42989
292710,257.907,257.77,37.5617,-1.178
292720,257.907,257.082,37.5617,-3.36303
292730,257.323,257.082,37.5617,-1.178
292740,257.323,257.082,37.5617,-1.178
292750,257.323,257.146,59.1136,-1.178
292760,257.323,257.146,37.1424,-1.178
292770,258.171,257.621,37.1424,-3.36303
292780,258.577,257.646,37.1424,-3.36303
292790,259.707,259.382,53.602,-1.178
292800,259.707,259.382,13.0446,-1.178
292810,259.707,259.382,13.0446,-1.178
292820,259.707,259.099,13.0446,-1.178
292830,259.707,259.227,13.0446,-1.178
292840,259.65,259.079,13.0446,-1.178
292850,259.65,259.079,13.0446,-1.178
292860,259.099,259.079,13.0446,-1.178
292870,259.739,259.079,13.0446,-3.36303
292880,260.496,259.535,103.364,-7.49676
292890,260.158,255.936,103.364,-12.1972
292900,256.32,255.936,38.9421,-1.178
292910,256.264,255.936,38.9421,-1.178
292920,256.264,255.936,38.9421,-1.178
292930,256.264,255.936,38.9421,-1.178
292940,256.264,255.936,38.9421,-1.178
292950,256.264,255.83,38.9421,-1.178
292960,256.264,255.83,38.9421,-1.178
292970,256.264,255.83,38.9421,-1.178
292980,256.264,255.83,38.9421,-1.178
292990,256.58,255.83,38.9421,-3.36303
293000,256.58,255.83,62.8369,-3.36303
293010,256.491,255.718,46.8454,-3.36303
293020,256.224,256.09,46.8454,-1.178
293030,256.224,256.09,46.8454,-1.178
293040,256.224,256.09,69.8778,-1.178
293050,256.224,256.09,69.8778,-1.178
293060,256.224,256.09,42.7255,-1.178
293070,256.431,256.09,42.7255,-1.178
293080,256.431,256.09,42.7255,-1.178
293090,256.816,256.352,42.7255,-1.178
293100,256.816,256.352,42.7255,-1.178
293110,256.816,256.352,42.7255,-1.178
293120,256.816,256.352,42.7255,-1.178
293130,256.662,256.352,42.7255,-1.178
293140,256.662,256.352,42.7255,-1.178
293150,256.819,256.352,42.7255,-1.178
293160,256.819,256.352,42.7255,-1.178
293170,256.819,256.352,42.7255,-1.178
293180,256.819,256.37,38.1343,-1.178
293190,256.819,256.37,38.1343,-1.178
293200,256.819,255.777,38.1343,-3.36303
293210,256.819,255.777,38.1343,-3.36303
293220,256.279,255.777,38.1343,-1.178
293230,256.161,255.777,19.4997,-1.178
293240,256.016,255.777,19.4997,-1.178
293250,256.016,255.777,71.4196,-1.178
293260,256.016,255.777,71.4196,-1.178
293270,256.016,255.777,71.4196,-1.178
293280,256.016,255.777,71.4196,-1.178
293290,256.016,255.777,10.6004,-1.178
293300,256.016,255.777,11.382,-1.178
293310,256.936,255.777,11.382,-3.36303
293320,256.936,255.777,11.382,-3.36303
293330,258.106,255.777,11.382,-5.42989
293340,256.935,255.509,11.382,-3.36303
293350,256.935,256.188,11.382,-3.36303
293360,256.935,256.712,11.8118,-1.178
293370,256.935,256.712,25.8173,-1.178
293380,257.028,256.712,25.8173,-1.178
293390,257.028,256.712,25.8173,-1.178
293400,257.028,256.686,25.8173,-1.178
293410,257.028,256.686,31.3093,-1.178
293420,257.028,256.72,31.3093,-1.178
293430,257.028,256.72,31.3093,-1.178
293440,256.985,256.72,28.5157,-1.178
293450,257.72,256.72,28.5157,-3.36303
293460,258.303,256.72,28.5157,-5.42989
293470,257.892,256.252,28.5157,-5.42989
293480,257.302,256.067,28.5157,-3.36303
293490,257.302,256.067,28.5157,-3.36303
293500,257.446,255.482,28.5157,-5.42989
293510,256.232,255.482,28.5157,-3.36303
293520,256.232,255.482,40.3574,-3.36303
293530,256.612,255.482,31.9313,-3.36303
293540,255.921,255.482,31.9313,-1.178
293550,255.921,255.482,31.9313,-1.178
293560,255.647,255.482,31.9313,-1.178
293570,255.647,255.482,31.9313,-1.178
293580,255.647,255.482,72.1244,-1.178
293590,255.647,255.482,30.1137,-1.178
293600,255.647,255.482,30.1137,-1.178
293610,255.646,255.482,30.1137,-1.178
293620,255.646,255.482,30.1137,-1.178
293630,255.646,255.482,105.097,-1.178
293640,255.646,255.508,105.097,-1.178
293650,255.646,255.508,105.097,-1.178
293660,255.646,255.508,105.097,-1.178
293670,255.646,255.508,53.8388,-1.178
293680,255.646,255.508,108.091,-1.178
293690,255.646,255.508,50.9581,-1.178
293700,255.646,255.508,50.9581,-1.178
293710,255.818,255.508,19.3596,-1.178
293720,255.756,255.508,19.3596,-1.178
293730,255.756,255.508,19.3596,-1.178
293740,255.756,255.486,19.3596,-1.178
293750,255.756,255.486,27.0802,-1.178
293760,255.756,255.486,59.8851,-1.178
293770,255.756,255.486,59.8851,-1.178
293780,255.756,255.486,63.9745,-1.178
293790,255.633,255.486,63.9745,-1.178
293800,255.633,255.47,67.1708,-1.178
293810,255.633,255.47,67.1708,-1.178
293820,255.633,255.47,67.1708,-1.178
293830,255.633,255.47,67.1708,-1.178
293840,255.633,255.47,67.1708,-1.178
293850,255.633,255.47,105.03,-1.178
293860,255.599,255.47,105.03,-1.178
293870,255.599,255.47,105.03,-1.178
293880,255.599,255.47,29.3733,-1.178
293890,255.599,255.47,29.3733,-1.178
293900,255.599,255.221,29.3733,-1.178
293910,255.599,255.419,69.0811,-1.178
293920,255.599,255.581,103.378,-1.178
293930,255.599,255.581,69.9556,-1.178
293940,255.599,255.307,35.3794,-1.178
293950,255.372,255.307,35.3794,-1.178
293960,255.761,255.719,35.3794,-1.178
293970,255.842,255.719,70.5304,-1.178
293980,255.842,255.382,39.5115,-1.178
293990,255.603,255.382,74.3394,-1.178
294000,255.603,255.382,74.3394,-1.178
294010,255.603,255.382,4.12569,-1.178
294020,255.603,255.382,4.12569,-1.178
294030,255.603,255.382,4.12569,-1.178
294040,255.603,255.382,4.12569,-1.178
294050,255.603,255.382,45.6688,-1.178
294060,255.603,255.382,45.6688,-1.178
294070,255.603,255.382,45.6688,-1.178
294080,255.603,255.382,45.6688,-1.178
294090,255.603,255.382,45.6688,-1.178
294100,255.603,255.382,43.2103,-1.178
294110,255.603,255.41,43.2103,-1.178
294120,255.603,255.41,31.2317,-1.178
294130,255.603,255.41,31.2317,-1.178
294140,255.603,255.41,31.2317,-1.178
294150,255.603,255.336,31.2317,-1.178
294160,255.603,255.336,31.2317,-1.178
294170,255.831,255.336,31.2317,-1.178
294180,256.271,255.336,27.45,-3.36303
294190,256.031,255.336,50.7942,-3.36303
294200,256.932,255.336,50.7942,-5.42989
294210,256.001,255.336,50.7942,-3.36303
294220,256.001,255.026,50.7942,-3.36303
294230,255.816,255.026,32.8347,-3.36303
294240,255.816,255.802,36.1572,-1.178
294250,255.995,255.648,36.1572,-1.178
294260,255.995,255.648,50.4084,-1.178
294270,255.995,255.449,7.17395,-1.178
294280,255.967,255.449,7.17395,-1.178
294290,255.994,255.449,7.17395,-1.178
294300,255.994,255.449,7.17395,-1.178
294310,255.82,255.449,7.17395,-1.178
294320,255.801,255.449,7.17395,-1.178
294330,255.801,255.449,58.401,-1.178
294340,255.801,255.449,58.401,-1.178
294350,255.695,255.449,46.1276,-1.178
294360,255.785,255.449,4.6034,-1.178
294370,256.109,255.449,4.6034,-1.178
294380,256.109,255.449,4.6034,-1.178
294390,255.933,255.449,4.6034,-1.178
294400,255.933,255.449,23.5111,-1.178
294410,256.454,255.449,23.5111,-3.36303
294420,255.796,255.305,23.5111,-1.178
294430,255.7,255.305,23.5111,-1.178
294440,255.755,255.523,23.5111,-1.178
294450,255.755,255.523,17.0107,-1.178
294460,255.755,255.523,36.0327,-1.178
294470,255.967,255.523,36.0327,-1.178
294480,255.967,255.477,36.0327,-1.178
294490,255.967,255.837,36.0327,-1.178
294500,256.367,255.837,36.0327,-3.36303
294510,256.367,256.349,108.163,-1.178
294520,256.367,256.349,108.163,-1.178
294530,256.367,256.349,108.163,-1.178
294540,256.367,255.875,20.1487,-1.178
294550,256.367,255.804,20.1487,-1.178
294560,256.367,255.804,20.1487,-1.178
294570,256.367,256.327,20.1487,-1.178
294580,256.649,256.333,20.1487,-1.178
294590,256.649,256.333,20.1487,-1.178
294600,256.649,256.182,20.1487,-1.178
294610,256.649,256.182,47.0776,-1.178
294620,256.649,256.375,47.0776,-1.178
294630,256.649,256.375,47.0776,-1.178
294640,256.578,256.375,47.0776,-1.178
294650,256.578,256.375,63.9552,-1.178
294660,256.587,256.375,68.1807,-1.178
294670,256.587,256.375,87.7855,-1.178
294680,256.587,256.375,87.7855,-1.178
294690,256.587,256.375,87.7855,-1.178
294700,256.587,256.375,18.6387,-1.178
294710,256.587,256.375,18.6387,-1.178
294720,256.587,256.375,62.7836,-1.178
294730,256.587,256.375,37.6141,-1.178
294740,256.399,256.375,22.4094,-1.178
294750,256.399,256.375,105.286,-1.178
294760,256.399,256.375,104.246,-1.178
294770,256.525,256.375,19.8877,-1.178
294780,256.525,256.375,19.8877,-1.178
294790,256.525,256.375,30.2444,-1.178
294800,256.525,256.375,30.2444,-1.178
294810,256.525,256.375,30.2444,-1.178
294820,256.525,255.992,30.2444,-1.178
294830,256.324,255.992,30.2444,-1.178
294840,256.324,255.992,28.5068,-1.178
294850,256.324,255.992,28.5068,-1.178
294860,256.109,256.02,28.5068,-1.178
294870,256.109,256.02,28.5068,-1.178
294880,256.109,256.02,28.5068,-1.178
294890,256.396,256.02,28.5068,-1.178
294900,256.396,256.327,57.5104,-1.178
294910,256.396,256.327,110.516,-1.178
294920,256.688,256.327,27.4609,-1.178
294930,256.483,256.468,28.4119,-1.178
294940,256.483,256.468,28.4119,-1.178
294950,256.483,256.468,69.5337,-1.178
294960,256.483,256.468,5.97208,-1.178
294970,256.368,255.958,5.97208,-1.178
294980,256.368,256.221,5.97208,-1.178
294990,256.368,256.221,91.6131,-1.178
295000,256.368,256.221,91.6131,-1.178
295010,256.368,256.221,91.6131,-1.178
295020,256.368,256.221,91.6131,-1.178
295030,256.368,256.221,91.6131,-1.178
295040,256.368,256.255,4.18673,-1.178
295050,256.368,256.255,75.7352,-1.178
295060,256.564,256.255,75.7352,-1.178
295070,256.564,256.255,75.7352,-1.178
295080,256.564,256.357,67.1041,-1.178
295090,256.564,256.357,86.7787,-1.178
295100,256.923,256.357,86.7787,-3.36303
295110,256.923,256.357,86.7787,-3.36303
295120,256.879,256.357,86.7787,-3.36303
295130,256.879,256.357,86.7787,-3.36303
295140,256.63,256.357,86.7787,-3.36303
295150,256.63,256.357,86.9959,-3.36303
295160,256.63,256.357,55.6778,-1.178
295170,256.63,256.357,55.6778,-1.178
295180,256.63,256.357,28.782,-1.178
295190,257.383,257.141,21.5266,-1.178
295200,257.383,257.141,21.5266,-1.178
295210,257.686,257.514,21.5266,-1.178
295220,257.686,257.514,21.5266,-1.178
295230,257.686,257.514,75.4484,-1.178
295240,257.686,257.514,75.4484,-1.178
295250,257.686,257.504,75.4484,-1.178
295260,257.686,257.504,75.4484,-1.178
295270,257.736,257.504,75.4484,-1.178
295280,257.736,257.504,75.4484,-1.178
295290,257.673,257.504,75.4484,-1.178
295300,257.579,257.504,122.865,-3.36303
295310,257.579,257.504,122.865,-3.36303
295320,257.579,257.504,102.915,-1.178
295330,257.579,257.504,102.915,-1.178
295340,257.564,257.504,102.915,-1.178
295350,257.564,257.504,102.915,-1.178
295360,257.564,257.144,12.8857,-1.178
295370,257.712,257.384,12.8857,-1.178
295380,257.712,257.384,37.9225,-1.178
295390,258.418,257.384,33.5581,-3.36303
295400,257.732,257.384,33.5581,-1.178
295410,257.732,257.384,33.5581,-1.178
295420,257.732,257.384,33.5581,-1.178
295430,257.732,257.384,33.5581,-1.178
295440,257.732,257.384,33.5581,-1.178
295450,257.732,257.408,33.5581,-1.178
295460,257.758,257.408,30.1327,-1.178
295470,257.758,257.408,30.1327,-1.178
295480,257.71,257.451,30.1327,-1.178
295490,257.894,257.451,30.1327,-1.178
295500,257.716,257.451,30.1327,-1.178
295510,257.716,257.262,30.1327,-1.178
295520,257.716,257.262,30.1327,-1.178
295530,257.716,257.4,24.8342,-1.178
295540,257.548,256.446,24.8342,-3.36303
295550,257.548,256.641,24.8342,-3.36303
295560,257.476,256.641,24.8342,-3.36303
295570,257.476,256.399,24.8342,-3.36303
295580,257.113,256.864,24.8342,-1.178
295590,257.113,256.572,24.8342,-1.178
295600,257.113,256.572,24.8342,-1.178
295610,257.113,256.572,30.9376,-1.178
295620,257.113,257.056,30.9376,-1.178
295630,257.113,257.056,90.1242,-1.178
295640,257.113,257.056,26.8904,-1.178
295650,257.113,257.056,23.5045,-1.178
295660,257.113,257.084,95.9201,-1.178
295670,257.113,257.084,95.9201,-1.178
295680,257.113,256.81,58.138,-1.178
295690,257.113,256.81,25.5218,-1.178
295700,257.113,256.81,33.731,-1.178
295710,257.113,256.81,33.731,-1.178
295720,257.113,256.927,9.69346,-1.178
295730,257.113,256.927,9.69346,-1.178
295740,257.113,256.927,0.232946,-1.178
295750,257.113,256.927,62.0569,-1.178
295760,257.113,256.927,62.0569,-1.178
295770,257.263,256.927,62.0569,-1.178
295780,257.263,256.927,62.0569,-1.178
295790,257.263,256.927,62.0569,-1.178
295800,257.263,256.927,62.0569,-1.178
295810,257.164,256.927,62.0569,-1.178
295820,257.317,256.927,62.0569,-1.178
295830,257.317,256.927,62.0569,-1.178
295840,257.217,256.927,62.0569,-1.178
295850,257.121,256.927,62.0569,-1.178
295860,257.019,256.927,18.316,-1.178
295870,257.019,256.927,40.0508,-1.178
295880,257.07,256.927,40.0508,-1.178
295890,257.344,256.967,40.0508,-1.178
295900,257.167,256.967,29.4074,-1.178
295910,257.167,256.967,48.0516,-1.178
295920,257.167,256.967,43.0826,-1.178
295930,257.167,256.967,43.0826,-1.178
295940,257.167,256.967,43.0826,-1.178
295950,257.167,257.034,48.3702,-1.178
295960,257.167,257.034,48.3702,-1.178
295970,257.167,257.034,11.2633,-1.178
295980,257.167,257.034,11.2633,-1.178
295990,257.167,257.034,62.7077,-1.178
296000,257.327,257.034,62.7077,-1.178
296010,257.327,257.308,90.8611,-1.178
296020,257.327,257.308,90.8611,-1.178
296030,257.296,257.213,59.4003,-1.178
296040,258.339,257.213,59.4003,-5.42989
296050,257.719,257.47,85.0171,-1.178
296060,257.719,257.47,85.0171,-1.178
296070,257.719,257.47,85.0171,-1.178
296080,257.719,257.406,104.687,-3.36303
296090,257.44,257.406,104.687,-1.178
296100,257.44,257.345,69.2963,-1.178
296110,257.44,257.3,69.2963,-1.178
296120,257.44,257.3,82.1652,-1.178
296130,257.44,257.3,89.8688,-1.178
296140,257.44,257.3,2.04356,-1.178
296150,257.44,257.3,40.2355,-1.178
296160,257.44,257.3,40.2355,-1.178
296170,257.44,257.3,40.2355,-1.178
296180,257.44,257.3,66.84,-1.178
296190,257.595,257.3,66.84,-1.178
296200,257.595,257.3,66.84,-1.178
296210,257.595,257.3,9.48024,-1.178
296220,257.595,257.3,9.48024,-1.178
296230,258.523,257.3,9.48024,-3.36303
296240,257.035,256.857,9.48024,-1.178
296250,257.035,256.857,9.48024,-1.178
296260,258,256.857,9.48024,-3.36303
296270,259.025,258.036,22.8334,-3.36303
296280,258.978,256.154,18.5515,-7.49676
296290,256.412,256.268,18.5515,-1.178
296300,256.412,256.268,18.5515,-1.178
296310,256.411,256.268,110.896,-3.36303
296320,256.411,256.268,110.896,-3.36303
296330,256.411,256.268,110.896,-3.36303
296340,256.411,256.268,115.676,-3.36303
296350,256.499,256.268,115.676,-3.36303
296360,256.499,256.268,115.676,-3.36303
296370,256.499,256.268,5.09961,-1.178
296380,256.499,256.268,5.09961,-1.178
296390,256.099,253.833,5.09961,-5.42989
296400,254.101,253.833,5.09961,-1.178
296410,253.858,253.777,5.09961,-1.178
296420,253.858,253.777,33.9203,-1.178
296430,253.951,253.777,41.2113,-1.178
296440,253.951,253.777,41.2113,-1.178
296450,253.951,253.777,41.2113,-1.178
296460,253.951,253.777,41.2113,-1.178
296470,253.951,253.765,41.2113,-1.178
296480,253.951,253.765,41.2113,-1.178
296490,253.951,253.765,10.988,-1.178
296500,254.168,253.765,10.988,-1.178
296510,253.751,248.091,37.4679,-12.1972
296520,248.475,245.751,38.49,-7.49676
296530,247.757,247.043,63.9415,-3.36303
296540,247.757,247.327,68.578,-3.36303
296550,247.757,247.327,68.578,-3.36303
296560,247.757,247.327,6.30231,-1.178
296570,247.757,247.424,2.30144,-1.178
296580,247.757,247.424,2.30144,-1.178
296590,247.757,247.371,2.30144,-1.178
296600,247.757,247.371,2.30144,-1.178
296610,247.757,247.371,20.1546,-1.178
296620,247.757,247.632,20.1546,-1.178
296630,247.757,247.632,101.333,-1.178
296640,247.757,247.607,101.333,-1.178
296650,247.757,247.607,101.333,-1.178
296660,247.757,247.607,103.553,-1.178
296670,248.127,247.607,47.1335,-3.36303
296680,248.127,247.607,47.1335,-3.36303
296690,248.127,247.953,47.1335,-1.178
296700,248.127,247.953,47.1335,-1.178
296710,248.127,247.953,47.1335,-1.178
296720,248.127,247.953,60.1477,-1.178
296730,248.127,247.953,60.1477,-1.178
296740,248.833,247.953,60.1477,-3.36303
296750,248.833,247.953,60.1477,-3.36303
296760,248.833,248.063,43.9264,-3.36303
296770,248.216,248.184,43.9264,-1.178
296780,248.216,248.184,10.3154,-1.178
296790,248.216,248.184,99.6824,-1.178
296800,248.216,248.184,99.6824,-1.178
296810,248.216,248.184,99.6824,-1.178
296820,248.216,248.184,99.6824,-1.178
296830,248.216,248.184,89.0697,-1.178
296840,248.216,248.184,89.0697,-1.178
296850,248.216,248.184,89.0697,-1.178
296860,248.232,248.184,89.0697,-1.178
296870,248.232,248.184,89.0697,-1.178
296880,248.338,248.184,80.1246,-1.178
296890,248.338,248.184,80.1246,-1.178
296900,248.338,248.184,80.1246,-1.178
296910,248.338,248.147,80.1246,-1.178
296920,248.338,248.147,99.4962,-1.178
296930,248.338,248.202,99.4962,-1.178
296940,248.338,248.292,79.3382,-1.178
296950,248.338,248.292,79.3382,-1.178
296960,248.338,248.292,70.8729,-1.178
296970,248.338,248.292,34.6886,-1.178
296980,248.76,248.292,34.6886,-1.178
296990,248.76,248.559,3.80285,-1.178
297000,248.76,248.559,60.2415,-1.178
297010,248.76,248.423,0.336379,-1.178
297020,248.76,248.423,0.336379,-1.178
297030,248.76,248.718,0.336379,-1.178
297040,248.76,248.718,51.8989,-1.178
297050,248.76,248.718,97.7873,-1.178
297060,248.76,248.718,58.7304,-1.178
297070,248.978,248.718,58.7304,-1.178
297080,248.978,248.627,58.7304,-1.178
297090,248.978,248.627,58.7304,-1.178
297100,248.978,248.627,58.7304,-1.178
297110,248.978,248.627,58.7304,-1.178
297120,248.978,248.627,58.7304,-1.178
297130,248.995,248.627,102.489,-3.36303
297140,249.116,248.889,57.2591,-1.178
297150,249.116,249.039,57.2591,-1.178
297160,249.116,249.039,57.2591,-1.178
297170,249.248,249.039,57.2591,-1.178
297180,249.248,249.039,57.2591,-1.178
297190,249.248,249.229,57.2591,-1.178
297200,249.248,249.229,33.9525,-1.178
297210,249.248,249.229,85.9313,-1.178
297220,249.248,249.229,41.0604,-1.178
297230,249.382,248.998,41.0604,-1.178
297240,249.382,248.998,41.0604,-1.178
297250,249.382,248.998,41.0604,-1.178
297260,249.382,248.998,41.0604,-1.178
297270,249.096,248.998,35.1438,-1.178
297280,249.096,248.998,58.2057,-1.178
297290,249.096,248.874,58.2057,-1.178
297300,249.096,249.076,58.2057,-1.178
297310,249.096,249.076,85.6639,-1.178
297320,249.096,249.076,85.6639,-1.178
297330,249.096,249.076,50.6794,-1.178
297340,249.096,249.076,50.6794,-1.178
297350,249.096,249.076,47.7568,-1.178
297360,249.541,249.076,47.7568,-1.178
297370,249.541,249.076,47.7568,-1.178
297380,249.138,249.076,47.7568,-1.178
297390,249.346,249.121,47.7568,-1.178
297400,249.346,249.238,42.4062,-1.178
297410,249.346,249.238,91.5312,-1.178
297420,249.346,249.238,109.782,-1.178
297430,249.346,249.238,44.1003,-1.178
297440,249.463,249.238,44.1003,-1.178
297450,249.463,249.238,19.6666,-1.178
297460,249.463,249.238,19.6666,-1.178
297470,249.463,249.238,13.0389,-1.178
297480,249.463,249.244,13.0389,-1.178
297490,249.312,249.244,13.0389,-1.178
297500,249.312,249.178,13.0389,-1.178
297510,249.328,249.178,80.2976,-1.178
297520,249.328,249.169,80.2976,-1.178
297530,249.401,249.169,63.2627,-1.178
297540,249.401,249.169,63.2627,-1.178
297550,249.401,249.169,63.2627,-1.178
297560,249.401,248.982,21.7902,-1.178
297570,248.989,248.982,21.7902,-1.178
297580,248.989,248.982,118.231,-1.178
297590,248.989,248.93,118.231,-1.178
297600,250.323,248.93,7.83382,-3.36303
297610,249.363,249.002,26.1624,-1.178
297620,249.379,249.002,26.1624,-1.178
297630,249.177,248.738,26.1624,-1.178
297640,249.177,248.994,26.1624,-1.178
297650,249.177,248.67,26.1624,-1.178
297660,248.907,248.67,26.1624,-1.178
297670,248.907,248.67,26.1624,-1.178
297680,248.907,248.476,26.1624,-1.178
297690,248.907,248.476,26.1624,-1.178
297700,248.907,248.476,26.1624,-1.178
297710,248.907,248.476,28.3489,-1.178
297720,248.907,248.431,28.3489,-1.178
297730,248.757,248.433,28.3489,-1.178
297740,248.757,248.433,28.3489,-1.178
297750,248.757,248.433,51.5402,-1.178
297760,248.757,248.463,38.4526,-1.178
297770,248.757,248.463,55.8712,-1.178
297780,248.757,248.54,29.863,-1.178
297790,248.757,248.54,50.9351,-1.178
297800,248.757,248.54,50.9351,-1.178
297810,248.757,248.377,50.9351,-1.178
297820,248.618,248.377,50.9351,-1.178
297830,248.618,248.377,50.9351,-1.178
297840,248.807,248.377,50.9351,-1.178
297850,248.735,248.377,50.9351,-1.178
297860,248.735,248.377,52.7067,-1.178
297870,248.735,248.377,52.7067,-1.178
297880,248.735,248.377,50.5292,-1.178
297890,248.735,248.377,50.5292,-1.178
297900,248.735,247.904,50.5292,-3.36303
297910,247.941,247.904,50.5292,-1.178
297920,247.941,247.743,50.5292,-1.178
297930,247.941,247.743,50.5292,-1.178
297940,247.941,246.997,50.5292,-3.36303
297950,247.941,246.997,50.5292,-3.36303
297960,247.75,246.997,34.1719,-3.36303
297970,247.75,246.997,34.1719,-3.36303
297980,247.248,246.997,34.1719,-1.178
297990,247.382,246.997,34.1719,-1.178
298000,247.382,246.997,34.1719,-1.178
298010,247.382,246.997,34.1719,-1.178
298020,247.027,246.997,33.6739,-1.178
298030,247.2,246.997,24.1404,-1.178
298040,247.2,246.962,8.64498,-1.178
298050,247.2,246.962,8.64498,-1.178
298060,247.2,246.962,8.64498,-1.178
298070,247.2,246.962,72.562,-1.178
298080,247.2,246.993,72.562,-1.178
298090,247.2,246.993,9.35499,-1.178
298100,247.2,246.71,9.35499,-1.178
298110,246.778,246.71,9.35499,-1.178
298120,246.778,246.71,54.8284,-1.178
298130,247.088,246.47,54.8284,-3.36303
298140,247.267,246.47,54.8284,-3.36303
298150,247.267,247.108,54.8284,-1.178
298160,247.315,247.108,54.8284,-1.178
298170,247.433,247.108,54.8284,-1.178
298180,247.308,245.859,54.8284,-5.42989
298190,247.308,247.008,54.8284,-1.178
298200,247.308,247.008,54.8284,-1.178
298210,247.308,247.008,54.8284,-1.178
298220,247.308,247.008,17.6033,-1.178
298230,247.308,247.008,75.1459,-1.178
298240,247.308,247.008,75.1459,-1.178
298250,247.308,247.008,75.1459,-1.178
298260,247.308,247.008,75.1459,-1.178
298270,247.308,247.25,54.6273,-1.178
298280,247.308,247.25,33.3207,-1.178
298290,247.308,247.25,33.3207,-1.178
298300,247.308,247.25,33.3207,-1.178
298310,247.308,247.25,5.77407,-1.178
298320,247.308,247.25,53.3213,-1.178
298330,247.308,247.25,7.63641,-1.178
298340,247.308,247.25,112.38,-1.178
298350,247.271,247.25,112.38,-1.178
298360,247.271,247.171,97.5566,-1.178
298370,247.271,247.171,79.7014,-1.178
298380,247.271,247.171,23.0664,-1.178
298390,247.271,246.954,23.0664,-1.178
298400,247.271,246.867,23.0664,-1.178
298410,247.271,246.867,23.0664,-1.178
298420,247.271,246.867,35.6231,-1.178
298430,247.254,246.867,62.6384,-1.178
298440,247.004,246.867,62.6384,-1.178
298450,247.004,246.295,57.2699,-3.36303
298460,246.728,246.295,88.8509,-3.36303
298470,246.728,246.221,88.8509,-3.36303
298480,246.818,245.763,16.3366,-3.36303
298490,245.953,245.688,47.2677,-1.178
298500,245.953,245.688,47.2677,-1.178
298510,245.953,245.688,47.2677,-1.178
298520,246.14,245.45,47.2677,-3.36303
298530,246.05,245.45,47.2677,-3.36303
298540,246.05,245.45,47.2677,-3.36303
298550,246.05,244.509,105.807,-7.49676
298560,246.05,243.846,102.379,-7.49676
298570,245.628,243.846,102.379,-7.49676
298580,245.628,243.049,100.003,-7.49676
298590,245.628,244.189,100.003,-7.49676
298600,245.462,242.929,100.003,-7.49676
298610,244.37,242.929,100.003,-7.49676
298620,243.772,241.973,100.003,-7.49676
298630,243.772,243.665,100.003,-1.178
298640,243.705,243.665,90.3651,-1.178
298650,243.762,243.665,39.546,-1.178
298660,243.762,243.665,33.9934,-1.178
298670,243.762,243.437,25.6027,-1.178
298680,243.762,243.437,25.6027,-1.178
298690,243.762,243.437,25.6027,-1.178
298700,243.762,243.297,49.2805,-3.36303
298710,243.79,243.155,49.2805,-3.36303
298720,243.79,243.155,49.2805,-3.36303
298730,243.79,243.155,49.5922,-3.36303
298740,243.769,243.395,49.5922,-1.178
298750,243.449,243.395,49.5922,-1.178
298760,243.449,243.098,1.4265,-1.178
298770,243.251,243.098,41.2924,-1.178
298780,243.251,243.098,41.2924,-1.178
298790,243.337,243.098,41.2924,-1.178
298800,243.565,243.098,41.2924,-1.178
298810,243.565,243.098,41.2924,-1.178
298820,243.565,243.098,41.2924,-1.178
298830,243.565,243.098,41.2924,-1.178
298840,243.565,243.098,41.2924,-1.178
298850,243.565,242.956,41.2924,-3.36303
298860,243.565,242.956,41.2924,-3.36303
298870,243.565,242.956,3.32944,-1.178
298880,243.565,242.956,3.32944,-1.178
298890,242.981,242.956,3.32944,-1.178
298900,242.981,242.956,89.6343,-1.178
298910,242.981,242.959,89.6343,-1.178
298920,242.981,242.959,7.66836,-1.178
298930,243.574,242.959,7.66836,-1.178
298940,243.574,242.959,7.66836,-1.178
298950,243.574,242.959,7.66836,-1.178
298960,243.574,242.959,6.68897,-1.178
298970,243.574,242.959,6.68897,-1.178
298980,243.574,242.959,6.68897,-1.178
298990,243.574,242.959,6.68897,-1.178
299000,243.574,242.959,6.68897,-1.178
299010,243.574,242.959,7.23728,-1.178
299020,243.574,242.959,7.23728,-1.178
299030,243.574,242.959,18.6476,-1.178
299040,243.348,242.941,14.3285,-1.178
299050,243.348,243.257,14.3285,-1.178
299060,243.348,243.257,14.3285,-1.178
299070,243.348,243.257,89.2547,-1.178
299080,243.224,243.168,88.365,-1.178
299090,243.224,243.168,88.365,-1.178
299100,243.224,243.168,64.3984,-1.178
299110,243.309,243.168,60.1897,-1.178
299120,243.309,243.168,14.3535,-1.178
299130,243.309,242.894,14.3535,-1.178
299140,243.005,242.894,14.3535,-1.178
299150,243.005,242.577,3.60194,-1.178
299160,243.005,242.577,3.60194,-1.178
299170,243.355,242.789,3.60194,-1.178
299180,242.893,242.789,17.1541,-1.178
299190,242.893,242.59,25.0543,-1.178
299200,242.648,242.355,25.0543,-1.178
299210,242.933,242.355,17.1005,-1.178
299220,242.81,242.645,17.1005,-1.178
299230,242.81,241.549,17.1005,-3.36303
299240,242.81,242.186,17.1005,-1.178
299250,242.81,242.186,17.1005,-1.178
299260,242.81,242.219,17.1005,-1.178
299270,242.494,242.219,17.1005,-1.178
299280,242.494,242.219,80.8553,-1.178
299290,242.494,242.321,45.5276,-1.178
299300,242.55,242.321,49.1478,-1.178
299310,242.611,242.321,49.1478,-1.178
299320,242.611,242.321,6.82655,-1.178
299330,242.359,242.321,6.82655,-1.178
299340,242.359,242.321,79.7983,-1.178
299350,242.359,242.322,114.688,-1.178
299360,242.359,242.322,114.688,-1.178
299370,242.489,242.249,7.57662,-1.178
299380,242.489,242.249,7.57662,-1.178
299390,242.489,242.057,7.57662,-1.178
299400,243.194,242.057,7.57662,-3.36303
299410,243.194,242.057,7.57662,-3.36303
299420,243.194,242.712,7.57662,-1.178
299430,243.194,242.835,41.7271,-1.178
299440,243.194,242.967,41.7271,-1.178
299450,243.194,242.967,49.0572,-1.178
299460,243.02,242.967,49.0572,-1.178
299470,243.02,242.967,92.0375,-1.178
299480,243.101,242.967,92.0375,-1.178
299490,243.101,242.967,92.0375,-1.178
299500,243.101,242.967,92.0375,-1.178
299510,242.988,242.967,92.0375,-1.178
299520,243.425,242.967,20.5323,-1.178
299530,242.978,242.967,99.7837,-1.178
299540,242.978,242.967,126.791,-1.178
299550,242.978,242.967,126.791,-1.178
299560,242.978,242.967,126.791,-1.178
299570,242.978,242.432,0.941254,-1.178
299580,242.978,242.432,16.3696,-1.178
299590,242.978,242.432,16.3696,-1.178
299600,243.592,242.432,26.3908,-3.36303
299610,242.917,241.796,37.3242,-3.36303
299620,242.317,241.796,37.3242,-1.178
299630,242.317,241.796,37.3242,-1.178
299640,242.317,241.847,37.3242,-1.178
299650,242.317,241.847,37.3242,-1.178
299660,242.317,242.175,37.3242,-1.178
299670,242.317,242.175,37.3242,-1.178
299680,242.317,242.175,37.3242,-1.178
299690,242.317,242.175,37.3242,-1.178
299700,242.317,242.175,17.4479,-1.178
299710,242.317,242.175,105.64,-1.178
299720,242.317,242.175,105.64,-1.178
299730,242.317,242.175,105.64,-1.178
299740,242.317,242.175,105.64,-1.178
299750,242.317,242.175,105.64,-1.178
299760,242.317,242.175,63.9544,-1.178
299770,242.317,242.014,63.9544,-1.178
299780,242.177,242.147,63.9544,-1.178
299790,242.358,242.147,63.9544,-1.178
299800,242.358,242.147,15.3999,-1.178
299810,242.358,242.147,15.3999,-1.178
299820,242.358,241.821,15.3999,-1.178
299830,242.126,241.549,15.3999,-1.178
299840,241.637,241.549,15.3999,-1.178
299850,241.637,241.549,15.3999,-1.178
299860,241.785,241.549,51.3114,-1.178
299870,241.785,241.549,21.0688,-1.178
299880,241.785,241.549,41.9494,-1.178
299890,241.785,241.549,89.352,-1.178
299900,241.785,241.549,89.352,-1.178
299910,241.785,241.653,89.352,-1.178
299920,241.785,241.653,89.352,-1.178
299930,241.785,241.718,89.352,-1.178
299940,241.785,241.718,87.075,-1.178
299950,241.785,241.718,87.075,-1.178
299960,241.785,241.718,87.075,-1.178
299970,241.785,241.718,87.075,-1.178
299980,241.785,241.718,87.075,-1.178
299990,241.785,241.718,87.075,-1.178
300000,241.785,241.718,87.075,-1.178
